Date,x,y,hr,zScore,numUnits,cum rets
2022-05-31 00:00:00,260.3599853515625,2237.833251953125,-8.287248473513474,-0.067,0.0,1.0
2022-06-01 00:00:00,254.9199981689453,2232.856201171875,-8.328655400786735,0.414,0.0,1.0
2022-06-02 00:00:00,266.75,2366.3046875,-8.378954209871784,0.758,0.0,1.0
2022-06-03 00:00:00,259.0400085449219,2329.90771484375,-8.434752358475212,0.991,0.0,1.0
2022-06-06 00:00:00,258.9200134277344,2341.30859375,-8.489940282192991,0.934,0.0,1.0
2022-06-07 00:00:00,263.260009765625,2320.791015625,-8.519395567719938,-0.15,0.0,1.0
2022-06-08 00:00:00,258.8299865722656,2339.812255859375,-8.56570664291934,0.567,0.0,1.0
2022-06-09 00:00:00,250.80999755859375,2272.02587890625,-8.608603849969269,0.399,0.0,1.0
2022-06-10 00:00:00,241.8699951171875,2099.5869140625,-8.613365442388108,-1.127,0.0,1.0
2022-06-13 00:00:00,230.57000732421875,1974.2677001953125,-8.606579584326731,-1.454,0.0,1.0
2022-06-14 00:00:00,229.75999450683594,1946.52880859375,-8.59238454311305,-1.605,1.0,1.0
2022-06-15 00:00:00,238.75,1968.2032470703125,-8.558645492455334,-2.128,1.0,0.9881553031229212
2022-06-16 00:00:00,227.6999969482422,1841.5274658203125,-8.515160390870427,-2.188,1.0,0.9822826462802849
2022-06-17 00:00:00,232.60000610351562,1902.002685546875,-8.48185611216287,-1.696,1.0,0.9891209004712901
2022-06-21 00:00:00,235.3300018310547,1932.3450927734375,-8.454294914286413,-1.45,1.0,0.9926072139396035
2022-06-22 00:00:00,235.5800018310547,1885.01611328125,-8.410614975573953,-1.883,1.0,0.982480856980355
2022-06-23 00:00:00,246.5399932861328,1830.3760986328125,-8.315126798682794,-3.049,1.0,0.9507111866882125
2022-06-24 00:00:00,256.95001220703125,1926.1209716796875,-8.230859930209368,-2.381,1.0,0.9583420476972935
2022-06-27 00:00:00,250.8000030517578,1891.3997802734375,-8.16111096371093,-1.878,1.0,0.9668209616605762
2022-06-28 00:00:00,240.13999938964844,1833.7274169921875,-8.109163226517662,-1.379,1.0,0.977876014580107
2022-06-29 00:00:00,241.4600067138672,1805.7091064453125,-8.047772385393413,-1.494,1.0,0.9715011105543145
2022-06-30 00:00:00,239.2899932861328,1744.525634765625,-7.975100671844985,-1.625,1.0,0.9642930910731612
2022-07-01 00:00:00,240.19000244140625,1763.4671630859375,-7.912970631443117,-1.301,1.0,0.971576461809871
2022-07-05 00:00:00,245.19000244140625,1783.3961181640625,-7.849377438306878,-1.256,1.0,0.9704859819648585
2022-07-06 00:00:00,247.4199981689453,1746.390869140625,-7.771160839296607,-1.459,1.0,0.9609041567616844
2022-07-07 00:00:00,252.33999633789062,1781.3614501953125,-7.698788537796613,-1.251,1.0,0.9649317113622096
2022-07-08 00:00:00,249.64999389648438,1764.96337890625,-7.635158476601351,-1.018,1.0,0.9704333429007541
2022-07-11 00:00:00,244.33999633789062,1720.1480712890625,-7.576096918461733,-0.879,1.0,0.9732778225431549
2022-07-12 00:00:00,238.60000610351562,1733.8131103515625,-7.54392712523637,-0.302,1.0,0.9916228282674132
2022-07-13 00:00:00,234.47000122070312,1733.59375,-7.526967047884118,0.011,0.0,1.0016026214536589
2022-07-14 00:00:00,234.39999389648438,1669.6373291015625,-7.487855400546905,-0.425,0.0,1.0016026214536589
2022-07-15 00:00:00,240.7899932861328,1694.2542724609375,-7.442740145517788,-0.488,0.0,1.0016026214536589
2022-07-18 00:00:00,236.92999267578125,1734.351806640625,-7.427633781694544,0.195,0.0,1.0016026214536589
2022-07-19 00:00:00,247.86000061035156,1830.11669921875,-7.420305827048801,0.373,0.0,1.0016026214536589
2022-07-20 00:00:00,257.0799865722656,1830.11669921875,-7.388113980633076,-0.147,0.0,1.0016026214536589
2022-07-21 00:00:00,260.1700134277344,1824.740478515625,-7.3479320812454025,-0.27,0.0,1.0016026214536589
2022-07-22 00:00:00,260.1700134277344,1805.26025390625,-7.30437435417276,-0.301,0.0,1.0016026214536589
2022-07-25 00:00:00,257.9200134277344,1829.987060546875,-7.2804088196737755,0.272,0.0,1.0016026214536589
2022-07-26 00:00:00,253.75,1791.21630859375,-7.2562087429025555,0.343,0.0,1.0016026214536589
2022-07-27 00:00:00,265.1199951171875,1872.7874755859375,-7.234066350096312,0.477,0.0,1.0016026214536589
2022-07-28 00:00:00,276.3999938964844,1908.0472412109375,-7.19740452948272,0.088,0.0,1.0016026214536589
2022-07-29 00:00:00,278.989990234375,1930.7490234375,-7.1658408619859015,0.426,0.0,1.0016026214536589
2022-08-01 00:00:00,279.2099914550781,1901.80322265625,-7.126888416643821,0.141,0.0,1.0016026214536589
2022-08-02 00:00:00,276.1000061035156,1951.3065185546875,-7.117439460341784,1.547,-1.0,1.0016026214536589
2022-08-03 00:00:00,282.1400146484375,1961.4605712890625,-7.098120815421744,1.047,-1.0,1.008510774763875
2022-08-04 00:00:00,292.6300048828125,1942.2796630859375,-7.04789623350663,-0.434,0.0,1.0282233117189226
2022-08-05 00:00:00,285.4800109863281,1920.0565185546875,-7.012181973333751,0.289,0.0,1.0282233117189226
2022-08-08 00:00:00,282.6499938964844,1950.807861328125,-6.998030883232983,1.275,0.0,1.0282233117189226
2022-08-09 00:00:00,279.2300109863281,1952.214111328125,-6.994552591175954,1.67,-1.0,1.0282233117189226
2022-08-10 00:00:00,287.20001220703125,2018.5244140625,-6.995295500284725,1.716,-1.0,1.0256534400875876
2022-08-11 00:00:00,280.1400146484375,2058.4921875,-7.026547019302768,2.778,-1.0,1.0056381533888548
2022-08-12 00:00:00,284.57000732421875,2115.566162109375,-7.064211346096392,2.671,-1.0,1.0019471895536154
2022-08-15 00:00:00,286.3599853515625,2124.32373046875,-7.096912790207492,2.226,-1.0,1.0051352793146195
2022-08-16 00:00:00,283.7200012207031,2145.848876953125,-7.1398107663774955,2.32,-1.0,0.9984016121165344
2022-08-17 00:00:00,279.989990234375,2124.2138671875,-7.180453317749822,2.032,-1.0,0.9999453741080631
2022-08-18 00:00:00,279.8800048828125,2139.255615234375,-7.222481886707668,1.921,-1.0,0.998967521245246
2022-08-19 00:00:00,271.6199951171875,2081.593017578125,-7.261312259939986,1.687,-1.0,1.001077072573149
2022-08-22 00:00:00,262.760009765625,1967.634765625,-7.279897067565188,0.995,-1.0,1.0151233211596853
2022-08-23 00:00:00,259.3599853515625,1987.7432861328125,-7.311692562582967,1.356,-1.0,1.0056967271780854
2022-08-24 00:00:00,260.4599914550781,1985.8780517578125,-7.337735428592215,1.102,-1.0,1.0099797625826348
2022-08-25 00:00:00,267.2099914550781,2003.4132080078125,-7.350440222054728,0.624,-1.0,1.018899532992433
2022-08-26 00:00:00,254.30999755859375,1906.082275390625,-7.360876517695961,0.515,-1.0,1.0202664774999717
2022-08-29 00:00:00,251.16000366210938,1893.813720703125,-7.374182512556134,0.575,-1.0,1.01824394605478
2022-08-30 00:00:00,249.7899932861328,1875.4306640625,-7.383598463055498,0.411,-1.0,1.0211022767158044
2022-08-31 00:00:00,248.3000030517578,1871.0220947265625,-7.394463124152369,0.423,-1.0,1.020051520266502
2022-09-01 00:00:00,246.49000549316406,1847.781494140625,-7.401011732090584,0.229,-1.0,1.0231753299053987
2022-09-02 00:00:00,244.6300048828125,1833.21875,-7.4066411652057695,0.181,-1.0,1.0237717423009303
2022-09-06 00:00:00,241.25999450683594,1810.217529296875,-7.4124946906200115,0.176,-1.0,1.023619732613737
2022-09-07 00:00:00,249.77000427246094,1867.6705322265625,-7.415854743362944,0.054,-1.0,1.0253581099733444
2022-09-08 00:00:00,254.8800048828125,1901.1549072265625,-7.417274252792396,-0.055,0.0,1.0266167775474264
2022-09-09 00:00:00,258.79998779296875,1975.973388671875,-7.434899471704559,0.495,0.0,1.0266167775474264
2022-09-12 00:00:00,261.4200134277344,2008.180908203125,-7.455840745174951,0.563,0.0,1.0266167775474264
2022-09-13 00:00:00,248.75999450683594,1915.897216796875,-7.475727633600986,0.48,0.0,1.0266167775474264
2022-09-14 00:00:00,247.0,1962.3582763671875,-7.515359412371185,1.175,0.0,1.0266167775474264
2022-09-15 00:00:00,241.4499969482422,1951.775390625,-7.563445505478767,1.403,0.0,1.0266167775474264
2022-09-16 00:00:00,240.74000549316406,1871.6602783203125,-7.580567624977108,0.126,0.0,1.0266167775474264
2022-09-19 00:00:00,241.42999267578125,1898.132568359375,-7.603205960402992,0.333,0.0,1.0266167775474264
2022-09-20 00:00:00,239.35000610351562,1891.788818359375,-7.62757161969653,0.36,0.0,1.0266167775474264
2022-09-21 00:00:00,235.4199981689453,1802.08837890625,-7.627908747953684,-0.744,0.0,1.0266167775474264
2022-09-22 00:00:00,232.0399932861328,1716.1881103515625,-7.605213399880705,-1.98,1.0,1.0266167775474264
2022-09-23 00:00:00,229.5399932861328,1665.61767578125,-7.571885353964919,-2.506,1.0,1.0195928021459855
2022-09-26 00:00:00,229.72000122070312,1664.9892578125,-7.540182427858261,-2.265,1.0,1.0211504094285548
2022-09-27 00:00:00,227.57000732421875,1664.8995361328125,-7.517188418285859,-1.756,1.0,1.0274765318962165
2022-09-28 00:00:00,232.19000244140625,1722.47216796875,-7.505027782781295,-1.234,1.0,1.03488385011215
2022-09-29 00:00:00,227.52999877929688,1674.6346435546875,-7.4892741104095,-1.318,1.0,1.0321373147362165
2022-09-30 00:00:00,221.6999969482422,1639.015625,-7.477780093828452,-1.061,1.0,1.0353499936752786
2022-10-03 00:00:00,227.97000122070312,1674.64453125,-7.462994552916349,-1.135,1.0,1.033014038146888
2022-10-04 00:00:00,233.2100067138672,1754.550048828125,-7.465195767196114,-0.356,1.0,1.0445391255660583
2022-10-05 00:00:00,233.83999633789062,1722.302490234375,-7.453375726349285,-0.951,1.0,1.0346734445920753
2022-10-06 00:00:00,232.22999572753906,1705.3658447265625,-7.440267560078275,-0.94,1.0,1.0341221845179924
2022-10-07 00:00:00,218.3000030517578,1680.858642578125,-7.459187971159481,0.626,0.0,1.056787891723517
2022-10-10 00:00:00,209.11000061035156,1667.0638427734375,-7.49928655525047,1.523,-1.0,1.056787891723517
2022-10-11 00:00:00,200.3300018310547,1630.4376220703125,-7.548891234320845,1.849,-1.0,1.050652989378146
2022-10-12 00:00:00,201.9499969482422,1671.343017578125,-7.606927334444907,2.037,-1.0,1.045366781820496
2022-10-13 00:00:00,205.6699981689453,1687.810791015625,-7.656138639523778,1.527,-1.0,1.0520952535390307
2022-10-14 00:00:00,203.2100067138672,1666.22607421875,-7.700196957614239,1.248,-1.0,1.055717609873789
2022-10-17 00:00:00,211.8000030517578,1743.029541015625,-7.744990807363349,1.21,-1.0,1.0553713726064702
2022-10-18 00:00:00,216.9499969482422,1769.431884765625,-7.780395775752475,0.811,-1.0,1.0614931659905356
2022-10-19 00:00:00,214.19000244140625,1767.29736328125,-7.820417433648639,0.952,-1.0,1.0583653373251276
2022-10-20 00:00:00,210.50999450683594,1769.0927734375,-7.8699284974568515,1.218,-1.0,1.052482890798572
2022-10-21 00:00:00,214.14999389648438,1818.1373291015625,-7.924048462858585,1.282,-1.0,1.0499770445948176
2022-10-24 00:00:00,216.07000732421875,1803.9437255859375,-7.96126115991814,0.65,-1.0,1.0606033250340152
2022-10-25 00:00:00,219.5,1869.8250732421875,-8.010634961605435,1.032,-1.0,1.0529584761457125
2022-10-26 00:00:00,218.16000366210938,1846.7939453125,-8.050775974152423,0.663,-1.0,1.0588017140045407
2022-10-27 00:00:00,216.47999572753906,1829.059326171875,-8.085207010331766,0.466,-1.0,1.0620600985688715
2022-10-28 00:00:00,220.88999938964844,1866.9423828125,-8.117223402821619,0.383,-1.0,1.0633838404370601
2022-10-31 00:00:00,221.16000366210938,1864.7081298828125,-8.144322105055545,0.217,-1.0,1.066225998903144
2022-11-01 00:00:00,219.24000549316406,1884.697021484375,-8.183619294243226,0.649,-1.0,1.0588839532349432
2022-11-02 00:00:00,209.4499969482422,1773.6412353515625,-8.206914482827699,0.123,-1.0,1.0691391989687777
2022-11-03 00:00:00,212.05999755859375,1821.06982421875,-8.23858788193734,0.418,-1.0,1.0637325023603634
2022-11-04 00:00:00,213.91000366210938,1869.6156005859375,-8.281794652530541,0.779,-1.0,1.0571242007802995
2022-11-07 00:00:00,221.38999938964844,1829.13916015625,-8.278425205278927,-0.793,0.0,1.084890735950071
2022-11-08 00:00:00,228.60000610351562,1854.4443359375,-8.259363829615745,-1.225,0.0,1.084890735950071
2022-11-09 00:00:00,225.60000610351562,1861.057373046875,-8.254720050929334,-0.764,0.0,1.084890735950071
2022-11-10 00:00:00,249.19000244140625,1941.54150390625,-8.203972228814628,-2.289,1.0,1.084890735950071
2022-11-11 00:00:00,255.7100067138672,2010.624755859375,-8.163837293179723,-1.872,1.0,1.091199902137932
2022-11-14 00:00:00,251.85000610351562,1974.197998046875,-8.126638405663892,-1.758,1.0,1.0923076660985922
2022-11-15 00:00:00,254.2100067138672,1996.7901611328125,-8.095016853611485,-1.533,1.0,1.0951320476386548
2022-11-16 00:00:00,252.9199981689453,2008.639892578125,-8.075836564447386,-1.132,1.0,1.1018321814181375
2022-11-17 00:00:00,243.9199981689453,1935.80615234375,-8.058982720823952,-1.064,1.0,1.1028471049999884
2022-11-18 00:00:00,243.75999450683594,1935.327392578125,-8.044196076641292,-1.001,1.0,1.1039802915122916
2022-11-21 00:00:00,241.27999877929688,1914.5904541015625,-8.030613141225894,-0.939,1.0,1.1046266528688022
2022-11-22 00:00:00,244.02999877929688,1942.0003662109375,-8.020463877793055,-0.831,1.0,1.1066276741978462
2022-11-23 00:00:00,246.9600067138672,1964.4228515625,-8.01100393126287,-0.819,1.0,1.1069469103968224
2022-11-25 00:00:00,246.44000244140625,1979.564208984375,-8.009965129044707,-0.515,1.0,1.111895163340036
2022-11-28 00:00:00,241.75,1979.83349609375,-8.023883025817918,0.005,0.0,1.1206897668963807
2022-11-29 00:00:00,240.6300048828125,2012.01123046875,-8.052811669173035,0.53,0.0,1.1206897668963807
2022-11-30 00:00:00,254.3000030517578,2074.14208984375,-8.060960804794572,-0.166,0.0,1.1206897668963807
2022-12-01 00:00:00,259.6099853515625,2055.03125,-8.044083566135555,-0.985,0.0,1.1206897668963807
2022-12-02 00:00:00,256.739990234375,2080.116943359375,-8.046472045658309,-0.219,0.0,1.1206897668963807
2022-12-05 00:00:00,249.2899932861328,2051.270751953125,-8.060924299492145,0.244,0.0,1.1206897668963807
2022-12-06 00:00:00,243.89999389648438,2036.9771728515625,-8.085372028248074,0.626,0.0,1.1206897668963807
2022-12-07 00:00:00,242.9199981689453,1950.5684814453125,-8.078203020945063,-0.565,0.0,1.1206897668963807
2022-12-08 00:00:00,244.8800048828125,2005.6275634765625,-8.085609713783874,0.088,0.0,1.1206897668963807
2022-12-09 00:00:00,242.2100067138672,2014.823974609375,-8.10438661479182,0.589,0.0,1.1206897668963807
2022-12-12 00:00:00,244.86000061035156,2074.690673828125,-8.13626607180863,1.128,0.0,1.1206897668963807
2022-12-13 00:00:00,254.5399932861328,2042.6029052734375,-8.123740464179939,-0.719,0.0,1.1206897668963807
2022-12-14 00:00:00,256.1000061035156,2001.6776123046875,-8.091117570581881,-1.453,0.0,1.1206897668963807
2022-12-15 00:00:00,248.02999877929688,1960.6724853515625,-8.070183811430693,-0.865,0.0,1.1206897668963807
2022-12-16 00:00:00,242.7899932861328,1933.6019287109375,-8.057205966470942,-0.485,0.0,1.1206897668963807
2022-12-19 00:00:00,235.39999389648438,1926.5098876953125,-8.065329752882045,0.493,0.0,1.1206897668963807
2022-12-20 00:00:00,236.67999267578125,1953.5108642578125,-8.079649324319103,0.804,0.0,1.1206897668963807
2022-12-21 00:00:00,241.88999938964844,1965.8692626953125,-8.081642571791686,0.234,0.0,1.1206897668963807
2022-12-22 00:00:00,237.2100067138672,1928.0560302734375,-8.083109239023056,0.274,0.0,1.1206897668963807
2022-12-23 00:00:00,237.5500030517578,1966.4876708984375,-8.097974154280772,1.038,0.0,1.1206897668963807
2022-12-27 00:00:00,236.86000061035156,1993.16943359375,-8.12418722583931,1.511,-1.0,1.1206897668963807
2022-12-28 00:00:00,234.38999938964844,1953.8399658203125,-8.141089855766042,0.959,-1.0,1.1267033200675298
2022-12-29 00:00:00,243.55999755859375,1998.39599609375,-8.14473053806183,0.292,-1.0,1.13448420623723
2022-12-30 00:00:00,241.58999633789062,2010.135986328125,-8.15823703682416,0.776,-1.0,1.1283245568486555
2023-01-03 00:00:00,238.63999938964844,2027.022705078125,-8.186424517086579,1.485,-1.0,1.1197262134110673
2023-01-04 00:00:00,242.94000244140625,2105.052978515625,-8.228787961164057,2.091,-1.0,1.1117984305086288
2023-01-05 00:00:00,231.64999389648438,2139.46484375,-8.316498945153908,3.559,-1.0,1.0854833340125842
2023-01-06 00:00:00,239.41000366210938,2173.6875,-8.386196498333938,2.375,-1.0,1.0967234561297214
2023-01-09 00:00:00,247.99000549316406,2202.77294921875,-8.43243818938551,1.346,-1.0,1.1093774973039003
2023-01-10 00:00:00,248.39999389648438,2215.281005859375,-8.476948689109264,1.233,-1.0,1.1098416430967877
2023-01-11 00:00:00,252.16000366210938,2219.131103515625,-8.506413606314156,0.591,-1.0,1.1179654527418446
2023-01-12 00:00:00,251.97000122070312,2251.009521484375,-8.54519721405183,0.94,-1.0,1.1125790807935312
2023-01-13 00:00:00,254.10000610351562,2295.4658203125,-8.590303085843276,1.123,-1.0,1.1092756597087778
2023-01-17 00:00:00,252.67999267578125,2328.0625,-8.647968557028912,1.523,-1.0,1.102578880018299
2023-01-18 00:00:00,251.66000366210938,2290.588134765625,-8.689658621095788,0.836,-1.0,1.1113216799038856
2023-01-19 00:00:00,248.39999389648438,2309.48974609375,-8.74461347861019,1.32,-1.0,1.1038290857860773
2023-01-20 00:00:00,256.4200134277344,2338.30615234375,-8.779236022990379,0.491,-1.0,1.114765727872835
2023-01-23 00:00:00,260.7900085449219,2395.449951171875,-8.8167960712262,0.59,-1.0,1.1128522642763343
2023-01-24 00:00:00,257.6000061035156,2396.2080078125,-8.861370325514192,0.825,-1.0,1.109133154998701
2023-01-25 00:00:00,260.0299987792969,2384.647705078125,-8.88953579251621,0.15,-1.0,1.117739536415709
2023-01-26 00:00:00,266.5799865722656,2424.9443359375,-8.9078393041595,-0.216,0.0,1.1224918259561585
2023-01-27 00:00:00,266.6700134277344,2458.21923828125,-8.93583718361588,0.155,0.0,1.1224918259561585
2023-01-30 00:00:00,261.55999755859375,2430.759521484375,-8.967909176929501,0.291,0.0,1.1224918259561585
2023-01-31 00:00:00,266.3599853515625,2427.886962890625,-8.980296808295106,-0.528,0.0,1.1224918259561585
2023-02-01 00:00:00,274.3900146484375,2439.497314453125,-8.969153682284064,-1.398,0.0,1.1224918259561585
2023-02-02 00:00:00,282.5,2448.42431640625,-8.935858292642074,-2.161,1.0,1.1224918259561585
2023-02-03 00:00:00,275.2300109863281,2448.803466796875,-8.928675049774133,-1.199,1.0,1.1362130763670115
2023-02-06 00:00:00,272.42999267578125,2463.645263671875,-8.93693711192978,-0.644,1.0,1.143887401858806
2023-02-07 00:00:00,277.0899963378906,2480.84130859375,-8.936163895639996,-1.092,1.0,1.1389981451521265
2023-02-08 00:00:00,272.3599853515625,2418.89013671875,-8.928354292656556,-1.347,1.0,1.1353788124703186
2023-02-09 00:00:00,271.4200134277344,2429.90185546875,-8.927911361832995,-0.985,1.0,1.139401865432558
2023-02-10 00:00:00,267.0400085449219,2342.3759765625,-8.910791041760293,-1.646,1.0,1.1301154243865725
2023-02-13 00:00:00,272.760009765625,2416.84521484375,-8.903081653334201,-1.204,1.0,1.1353994275404187
2023-02-14 00:00:00,274.2799987792969,2464.74267578125,-8.908281599392385,-0.66,1.0,1.1421104954116554
2023-02-15 00:00:00,277.8999938964844,2510.156494140625,-8.917832089908194,-0.473,1.0,1.1442177351877636
2023-02-16 00:00:00,273.239990234375,2486.816162109375,-8.932840494057203,-0.247,1.0,1.1470823810940516
2023-02-17 00:00:00,270.760009765625,2455.7255859375,-8.943468882304936,-0.448,1.0,1.1446599040477954
2023-02-21 00:00:00,265.80999755859375,2419.298828125,-8.955716809123546,-0.374,1.0,1.1456157530058741
2023-02-22 00:00:00,266.7799987792969,2420.515869140625,-8.964305132963238,-0.508,1.0,1.1435872447959734
2023-02-23 00:00:00,294.75,2420.29638671875,-8.886033432359612,-3.291,1.0,1.0983679629695249
2023-02-24 00:00:00,291.3399963378906,2446.219970703125,-8.833238316549375,-2.204,1.0,1.1126330350442077
2023-02-27 00:00:00,295.67999267578125,2514.64501953125,-8.7967820212701,-1.578,1.0,1.1206218545697013
2023-02-28 00:00:00,303.6099853515625,2517.557373046875,-8.742303803186761,-2.03,1.0,1.1108949019275016
2023-03-01 00:00:00,299.20001220703125,2545.80517578125,-8.71547856999092,-1.039,1.0,1.1254146612120286
2023-03-02 00:00:00,307.5,2571.250244140625,-8.6767192601144,-1.377,1.0,1.1187392402357554
2023-03-03 00:00:00,310.3699951171875,2613.71142578125,-8.647666114025835,-0.995,1.0,1.1237558185944165
2023-03-06 00:00:00,308.70001220703125,2606.759033203125,-8.624383765905044,-0.769,1.0,1.1265411719466643
2023-03-07 00:00:00,301.30999755859375,2572.317138671875,-8.613080293467666,-0.322,1.0,1.1328688203384565
2023-03-08 00:00:00,302.6300048828125,2576.27734375,-8.600792147139467,-0.328,1.0,1.132156276230348
2023-03-09 00:00:00,300.2200012207031,2498.994873046875,-8.571635402485795,-0.912,1.0,1.1227324604787692
2023-03-10 00:00:00,296.0299987792969,2474.158447265625,-8.548512010435667,-0.621,1.0,1.1263138337037153
2023-03-13 00:00:00,302.75,2432.66455078125,-8.49630655605421,-1.674,1.0,1.1097032417831856
2023-03-14 00:00:00,308.29998779296875,2469.4306640625,-8.445488282312843,-1.527,1.0,1.1107438108946077
2023-03-15 00:00:00,308.9599914550781,2409.563720703125,-8.379259792330593,-1.989,1.0,1.10174515830763
2023-03-16 00:00:00,314.0799865722656,2433.68212890625,-8.313637256562963,-1.811,1.0,1.1021073834808854
2023-03-17 00:00:00,311.0899963378906,2434.619873046875,-8.262785179125974,-1.197,1.0,1.1104219219925964
2023-03-20 00:00:00,313.6000061035156,2487.36474609375,-8.227303241606329,-0.574,1.0,1.1189335722551834
2023-03-21 00:00:00,314.4200134277344,2564.7568359375,-8.217548397993875,0.495,0.0,1.1332508479515377
2023-03-22 00:00:00,309.1300048828125,2551.7099609375,-8.218635446834435,0.904,0.0,1.1332508479515377
2023-03-23 00:00:00,314.6499938964844,2532.27978515625,-8.19991797524284,0.055,0.0,1.1332508479515377
2023-03-24 00:00:00,315.70001220703125,2492.950439453125,-8.16803080833909,-0.453,0.0,1.1332508479515377
2023-03-27 00:00:00,316.94000244140625,2501.907470703125,-8.138730602638578,-0.299,0.0,1.1332508479515377
2023-03-28 00:00:00,317.7099914550781,2538.623779296875,-8.121656440010593,0.247,0.0,1.1332508479515377
2023-03-29 00:00:00,320.07000732421875,2565.20556640625,-8.108760769990988,0.427,0.0,1.1332508479515377
2023-03-30 00:00:00,326.0400085449219,2603.0986328125,-8.094088004646071,0.365,0.0,1.1332508479515377
2023-03-31 00:00:00,332.79998779296875,2645.6396484375,-8.077274222855547,0.269,0.0,1.1332508479515377
2023-04-03 00:00:00,329.3999938964844,2658.386962890625,-8.074132890357989,0.88,0.0,1.1332508479515377
2023-04-04 00:00:00,328.760009765625,2631.595703125,-8.065150974325585,0.63,0.0,1.1332508479515377
2023-04-05 00:00:00,323.29998779296875,2608.923828125,-8.063271723827928,0.994,0.0,1.1332508479515377
2023-04-06 00:00:00,322.0799865722656,2577.2548828125,-8.05526180947956,0.752,0.0,1.1332508479515377
2023-04-10 00:00:00,321.8399963378906,2566.003662109375,-8.045174508533366,0.704,0.0,1.1332508479515377
2023-04-11 00:00:00,321.4100036621094,2559.9189453125,-8.035247149991326,0.774,0.0,1.1332508479515377
2023-04-12 00:00:00,316.489990234375,2540.748046875,-8.032247005457286,1.184,0.0,1.1332508479515377
2023-04-13 00:00:00,319.8500061035156,2622.917724609375,-8.045863618383077,2.0,-1.0,1.1332508479515377
2023-04-14 00:00:00,317.4700012207031,2643.096435546875,-8.070044605341815,2.301,-1.0,1.1271700412113042
2023-04-17 00:00:00,320.17999267578125,2669.219482421875,-8.09338397637854,2.03,-1.0,1.1277820492946835
2023-04-18 00:00:00,321.3800048828125,2689.796630859375,-8.1176793753154,1.917,-1.0,1.1272051231514093
2023-04-19 00:00:00,324.3800048828125,2669.44873046875,-8.126571658033074,1.121,-1.0,1.13617411832539
2023-04-20 00:00:00,323.45001220703125,2653.978271484375,-8.13203027474598,0.92,-1.0,1.1380056620701589
2023-04-21 00:00:00,323.57000732421875,2680.470703125,-8.14435961870332,1.171,-1.0,1.1339559499092986
2023-04-24 00:00:00,322.9700012207031,2672.85009765625,-8.154832205195707,1.024,-1.0,1.1351085245359886
2023-04-25 00:00:00,312.70001220703125,2638.2685546875,-8.178680682783792,1.529,-1.0,1.127080590485592
2023-04-26 00:00:00,311.239990234375,2590.740234375,-8.190199645269704,0.938,-1.0,1.1347018962499005
2023-04-27 00:00:00,315.0,2632.70263671875,-8.20374329714922,0.975,-1.0,1.1333790904723735
2023-04-28 00:00:00,313.9200134277344,2679.453125,-8.232417304831337,1.503,-1.0,1.124524402015401
2023-05-01 00:00:00,314.1700134277344,2684.220947265625,-8.259532409715135,1.354,-1.0,1.125624781763499
2023-05-02 00:00:00,308.82000732421875,2709.1171875,-8.304537611638077,1.949,-1.0,1.115160397116426
2023-05-03 00:00:00,307.989990234375,2639.45556640625,-8.32731623136027,1.003,-1.0,1.12856966131882
2023-05-04 00:00:00,302.9599914550781,2596.92431640625,-8.347520702107362,0.893,-1.0,1.1298896285775555
2023-05-05 00:00:00,301.67999267578125,2562.741943359375,-8.358940869311953,0.421,-1.0,1.1351886681484262
2023-05-08 00:00:00,294.3299865722656,2632.732666015625,-8.408576976272586,2.255,-1.0,1.1123170786032603
2023-05-09 00:00:00,293.6499938964844,2628.184326171875,-8.455119596502737,1.868,-1.0,1.1147623408850982
2023-05-10 00:00:00,295.80999755859375,2639.166259765625,-8.495474462533588,1.457,-1.0,1.1184924914508836
2023-05-11 00:00:00,296.010009765625,2649.799072265625,-8.534958149046581,1.331,-1.0,1.1190245295173589
2023-05-12 00:00:00,297.489990234375,2624.10498046875,-8.559332452602321,0.582,-1.0,1.127839435896929
2023-05-15 00:00:00,298.9599914550781,2639.31591796875,-8.582073839015118,0.469,-1.0,1.1286405975136544
2023-05-16 00:00:00,299.1499938964844,2639.5654296875,-8.60233184364841,0.295,-1.0,1.1300680581677833
2023-05-17 00:00:00,301.7099914550781,2689.816650390625,-8.629342160805235,0.612,-1.0,1.1262746393925678
2023-05-18 00:00:00,306.8999938964844,2773.881591796875,-8.66597218753585,1.076,-1.0,1.1211146057891568
2023-05-19 00:00:00,305.55999755859375,2758.20166015625,-8.698097728220462,0.771,-1.0,1.1236780955066747
2023-05-22 00:00:00,306.3500061035156,2688.739501953125,-8.703820857526045,-0.815,0.0,1.1382597480153815
2023-05-23 00:00:00,298.79998779296875,2630.7578125,-8.710890863133159,-0.757,0.0,1.1382597480153815
2023-05-24 00:00:00,298.75,2619.127685546875,-8.713920581172783,-1.03,0.0,1.1382597480153815
2023-05-25 00:00:00,306.30999755859375,2590.740234375,-8.687728261685946,-2.631,1.0,1.1382597480153815
2023-05-26 00:00:00,319.3999938964844,2584.51611328125,-8.626989622139797,-3.639,1.0,1.1194307269029244
2023-05-30 00:00:00,329.1600036621094,2522.3154296875,-8.527593480753328,-3.931,1.0,1.0980988736701371
2023-05-31 00:00:00,323.5899963378906,2502.366455078125,-8.446122574842283,-2.811,1.0,1.1083965524227748
2023-06-01 00:00:00,323.239990234375,2543.4912109375,-8.386455589741823,-1.967,1.0,1.1204566471721449
2023-06-02 00:00:00,325.0,2618.947998046875,-8.351336608987992,-1.2,1.0,1.1339778213646254
2023-06-05 00:00:00,326.0199890136719,2663.94287109375,-8.331054041193727,-0.755,1.0,1.1419869030637366
2023-06-06 00:00:00,325.5899963378906,2701.187744140625,-8.325176019632806,-0.331,1.0,1.149884669838234
2023-06-07 00:00:00,312.8500061035156,2637.4306640625,-8.332669279391187,0.044,0.0,1.1575046127767479
2023-06-08 00:00:00,316.04998779296875,2640.702392578125,-8.332761603107151,-0.171,0.0,1.1575046127767479
2023-06-09 00:00:00,325.5299987792969,2599.477783203125,-8.297177414671213,-1.125,0.0,1.1575046127767479
2023-06-12 00:00:00,329.9700012207031,2598.68994140625,-8.253453946158372,-1.262,0.0,1.1575046127767479
2023-06-13 00:00:00,333.2300109863281,2607.377685546875,-8.208686514167066,-1.214,0.0,1.1575046127767479
2023-06-14 00:00:00,334.30999755859375,2603.12841796875,-8.16463337810575,-1.134,0.0,1.1575046127767479
2023-06-15 00:00:00,336.80999755859375,2664.88037109375,-8.137082125162022,-0.663,0.0,1.1575046127767479
2023-06-16 00:00:00,334.3699951171875,2634.248779296875,-8.109478038954332,-0.635,0.0,1.1575046127767479
2023-06-20 00:00:00,331.30999755859375,2629.919921875,-8.090515281469084,-0.372,0.0,1.1575046127767479
2023-06-21 00:00:00,325.04998779296875,2637.0517578125,-8.090181109700305,0.17,0.0,1.1575046127767479
2023-06-22 00:00:00,325.67999267578125,2671.064453125,-8.098523142722506,0.418,0.0,1.1575046127767479
2023-06-23 00:00:00,319.5400085449219,2617.232421875,-8.105050224820967,0.375,0.0,1.1575046127767479
2023-06-26 00:00:00,316.20001220703125,2609.083251953125,-8.116429972820647,0.513,0.0,1.1575046127767479
2023-06-27 00:00:00,323.32000732421875,2693.467529296875,-8.134539726248859,0.748,0.0,1.1575046127767479
2023-06-28 00:00:00,324.30999755859375,2659.663818359375,-8.138962892029499,0.392,0.0,1.1575046127767479
2023-06-29 00:00:00,326.04998779296875,2649.130615234375,-8.135607411289554,0.208,0.0,1.1575046127767479
2023-06-30 00:00:00,330.2699890136719,2693.4375,-8.135319542691171,0.354,0.0,1.1575046127767479
2023-07-03 00:00:00,326.95001220703125,2713.84521484375,-8.148766161205566,0.812,0.0,1.1575046127767479
2023-07-05 00:00:00,323.9200134277344,2667.174560546875,-8.154844638007782,0.585,0.0,1.1575046127767479
2023-07-06 00:00:00,321.3900146484375,2625.969970703125,-8.154308048117086,0.395,0.0,1.1575046127767479
2023-07-07 00:00:00,320.1700134277344,2630.17919921875,-8.157796080762143,0.567,0.0,1.1575046127767479
2023-07-10 00:00:00,332.2099914550781,2721.86474609375,-8.159140048562561,0.544,0.0,1.1575046127767479
2023-07-11 00:00:00,333.7200012207031,2776.295166015625,-8.172406762683469,1.009,0.0,1.1575046127767479
2023-07-12 00:00:00,336.8500061035156,2781.352294921875,-8.178686060090623,0.745,0.0,1.1575046127767479
2023-07-13 00:00:00,347.2699890136719,2827.294921875,-8.173037472972146,0.331,0.0,1.1575046127767479
2023-07-14 00:00:00,344.25,2859.60205078125,-8.183919076442477,0.933,0.0,1.1575046127767479
2023-07-17 00:00:00,347.8299865722656,2942.130859375,-8.20895742173608,1.356,0.0,1.1575046127767479
2023-07-18 00:00:00,348.9800109863281,2973.99951171875,-8.23794653351133,1.414,0.0,1.1575046127767479
2023-07-19 00:00:00,348.80999755859375,2920.406494140625,-8.249469297003373,0.775,0.0,1.1575046127767479
2023-07-20 00:00:00,340.5,2910.052978515625,-8.27580809047863,1.44,0.0,1.1575046127767479
2023-07-21 00:00:00,341.760009765625,2915.7783203125,-8.298524406191659,1.235,0.0,1.1575046127767479
2023-07-24 00:00:00,339.8399963378906,2886.373779296875,-8.315255046127161,0.886,0.0,1.1575046127767479
2023-07-25 00:00:00,344.1700134277344,2934.91943359375,-8.33375892293143,0.928,0.0,1.1575046127767479
2023-07-26 00:00:00,338.4800109863281,2950.609130859375,-8.368018474589903,1.62,-1.0,1.1575046127767479
2023-07-27 00:00:00,334.3299865722656,2948.35498046875,-8.408341103895662,1.771,-1.0,1.1542070669500406
2023-07-28 00:00:00,338.2300109863281,3004.561279296875,-8.45149866200348,1.75,-1.0,1.1527033634147523
2023-07-31 00:00:00,342.1000061035156,2963.217041015625,-8.4700778794073,0.594,-1.0,1.1664228258690497
2023-08-01 00:00:00,336.7300109863281,2906.871337890625,-8.48351148061027,0.322,-1.0,1.1690921861906995
2023-08-02 00:00:00,325.3699951171875,2877.55615234375,-8.514296971170243,1.192,-1.0,1.1589926022547763
2023-08-03 00:00:00,305.4700012207031,2832.6611328125,-8.577725890253166,2.779,-1.0,1.1397067499275435
2023-08-04 00:00:00,304.6499938964844,3055.341064453125,-8.701629523733123,4.171,-1.0,1.1060655563964623
2023-08-07 00:00:00,306.70001220703125,3234.732177734375,-8.862567183829526,3.969,-1.0,1.0872187124858823
2023-08-08 00:00:00,302.3900146484375,3217.735595703125,-9.017226579748604,3.08,-1.0,1.0915195940046645
2023-08-09 00:00:00,297.44000244140625,3196.47998046875,-9.166291267787921,2.533,-1.0,1.0950580682030249
2023-08-10 00:00:00,298.010009765625,3214.962646484375,-9.307310340885488,2.097,-1.0,1.0998617147593035
2023-08-11 00:00:00,301.2099914550781,3198.046142578125,-9.423040307607572,1.459,-1.0,1.1133729613408845
2023-08-14 00:00:00,303.3800048828125,3226.074462890625,-9.53084951035672,1.222,-1.0,1.117480322341529
2023-08-15 00:00:00,296.5,3192.390625,-9.638941861252789,1.151,-1.0,1.1175069206559227
2023-08-16 00:00:00,296.2699890136719,3187.19384765625,-9.737238437972817,0.901,-1.0,1.1227937784696587
2023-08-17 00:00:00,290.0899963378906,3104.116455078125,-9.820472292483295,0.574,-1.0,1.1306968752283957
2023-08-18 00:00:00,292.5899963378906,3050.623291015625,-9.873140352003588,-0.028,0.0,1.1464315297926575
2023-08-21 00:00:00,296.5199890136719,3044.209716796875,-9.90714035712972,-0.385,0.0,1.1464315297926575
2023-08-22 00:00:00,295.9700012207031,3066.043701171875,-9.946145447974898,-0.307,0.0,1.1464315297926575
2023-08-23 00:00:00,302.8299865722656,3090.65087890625,-9.968537483681768,-0.646,0.0,1.1464315297926575
2023-08-24 00:00:00,298.55999755859375,3018.6650390625,-9.979654208166199,-0.862,0.0,1.1464315297926575
2023-08-25 00:00:00,304.8900146484375,3034.743896484375,-9.975210571896179,-1.149,0.0,1.1464315297926575
2023-08-28 00:00:00,308.1499938964844,3061.77490234375,-9.969223511141657,-1.148,0.0,1.1464315297926575
2023-08-29 00:00:00,314.2099914550781,3102.919677734375,-9.957931216904859,-1.225,0.0,1.1464315297926575
2023-08-30 00:00:00,315.9599914550781,3122.59912109375,-9.94832913239089,-1.187,0.0,1.1464315297926575
2023-08-31 00:00:00,318.8699951171875,3097.1044921875,-9.923271327263956,-1.425,0.0,1.1464315297926575
2023-09-01 00:00:00,319.0299987792969,3106.939208984375,-9.902895876276052,-1.28,0.0,1.1464315297926575
2023-09-05 00:00:00,317.4599914550781,3136.61328125,-9.898182887394377,-0.97,0.0,1.1464315297926575
2023-09-06 00:00:00,320.9700012207031,3133.19189453125,-9.882790140000223,-1.137,0.0,1.1464315297926575
2023-09-07 00:00:00,318.4800109863281,3095.5283203125,-9.86481428609487,-1.135,0.0,1.1464315297926575
2023-09-08 00:00:00,314.3500061035156,3135.077392578125,-9.872483371099046,-0.679,0.0,1.1464315297926575
2023-09-11 00:00:00,315.0,3174.55615234375,-9.889746366722587,-0.521,0.0,1.1464315297926575
2023-09-12 00:00:00,312.6000061035156,3165.329833984375,-9.909885820822032,-0.475,0.0,1.1464315297926575
2023-09-13 00:00:00,311.2799987792969,3107.687255859375,-9.914907402150567,-0.716,0.0,1.1464315297926575
2023-09-14 00:00:00,317.9800109863281,3189.398193359375,-9.923739700535533,-0.624,0.0,1.1464315297926575
2023-09-15 00:00:00,310.7200012207031,3152.08349609375,-9.94216296854212,-0.446,0.0,1.1464315297926575
2023-09-18 00:00:00,311.9200134277344,3150.268310546875,-9.954955021046358,-0.541,0.0,1.1464315297926575
2023-09-19 00:00:00,309.25,3104.8046875,-9.960831584956656,-0.651,0.0,1.1464315297926575
2023-09-20 00:00:00,310.2099914550781,3061.076416015625,-9.950127618450077,-0.897,0.0,1.1464315297926575
2023-09-21 00:00:00,300.760009765625,3028.52001953125,-9.958510251534928,-0.542,0.0,1.1464315297926575
2023-09-22 00:00:00,302.9100036621094,3054.722900390625,-9.967938138266302,-0.487,0.0,1.1464315297926575
2023-09-25 00:00:00,301.7300109863281,3090.00244140625,-9.990717594634349,-0.202,0.0,1.1464315297926575
2023-09-26 00:00:00,295.1199951171875,3052.767822265625,-10.020470934159224,-0.008,0.0,1.1464315297926575
2023-09-27 00:00:00,294.3399963378906,3074.79150390625,-10.056872045186413,0.216,0.0,1.1464315297926575
2023-09-28 00:00:00,297.8599853515625,3096.905029296875,-10.086186757288887,0.144,0.0,1.1464315297926575
2023-09-29 00:00:00,297.54998779296875,3076.078125,-10.1073757763893,0.012,0.0,1.1464315297926575
2023-10-02 00:00:00,297.3999938964844,3085.863037109375,-10.129992625691678,0.145,0.0,1.1464315297926575
2023-10-03 00:00:00,287.3900146484375,3003.10498046875,-10.156418227075244,0.401,0.0,1.1464315297926575
2023-10-04 00:00:00,290.82000732421875,3038.69384765625,-10.180902146081078,0.484,0.0,1.1464315297926575
2023-10-05 00:00:00,290.17999267578125,3011.0546875,-10.196687105366124,0.225,0.0,1.1464315297926575
2023-10-06 00:00:00,296.510009765625,3041.65625,-10.200378006146805,-0.361,0.0,1.1464315297926575
2023-10-09 00:00:00,300.9100036621094,3002.03759765625,-10.177294429553953,-1.755,1.0,1.1464315297926575
2023-10-10 00:00:00,303.2799987792969,3052.588134765625,-10.164058139203552,-1.116,1.0,1.1513938750514061
2023-10-11 00:00:00,304.8800048828125,3064.10888671875,-10.150803140029108,-1.065,1.0,1.1512801176420167
2023-10-12 00:00:00,300.67999267578125,3041.21728515625,-10.144906047824675,-0.608,1.0,1.154812043098407
2023-10-13 00:00:00,293.1300048828125,2942.550048828125,-10.132840054497061,-0.952,1.0,1.151677073586591
2023-10-16 00:00:00,297.1700134277344,2958.89794921875,-10.114108712853017,-1.277,1.0,1.148487796667923
2023-10-17 00:00:00,297.69000244140625,2970.797607421875,-10.099028122678009,-1.053,1.0,1.150349841765608
2023-10-18 00:00:00,290.4800109863281,2842.96484375,-10.068235136956346,-1.813,1.0,1.1423613850360015
2023-10-19 00:00:00,285.9200134277344,2778.0908203125,-10.033881045170466,-1.923,1.0,1.1407427541422415
2023-10-20 00:00:00,279.7200012207031,2749.603515625,-10.012959200812984,-1.22,1.0,1.1478728592828378
2023-10-23 00:00:00,275.94000244140625,2812.343017578125,-10.02584923727141,0.481,0.0,1.1652655385419637
2023-10-24 00:00:00,277.30999755859375,2828.1328125,-10.039005786342557,0.415,0.0,1.1652655385419637
2023-10-25 00:00:00,270.739990234375,2805.739990234375,-10.065038831479962,1.014,0.0,1.1652655385419637
2023-10-26 00:00:00,268.7900085449219,2735.689208984375,-10.07298871049106,0.061,0.0,1.1652655385419637
2023-10-27 00:00:00,270.75,2739.150390625,-10.074638078963554,-0.219,0.0,1.1652655385419637
2023-10-30 00:00:00,275.1400146484375,2781.133056640625,-10.07528583356139,-0.234,0.0,1.1652655385419637
2023-10-31 00:00:00,278.260009765625,2782.439697265625,-10.066030793956491,-0.715,0.0,1.1652655385419637
2023-11-01 00:00:00,278.75,2759.169189453125,-10.048173336950208,-1.08,0.0,1.1652655385419637
2023-11-02 00:00:00,272.8500061035156,2831.37451171875,-10.074818532894492,1.132,0.0,1.1652655385419637
2023-11-03 00:00:00,287.739990234375,2851.453125,-10.057449164108226,-1.033,0.0,1.1652655385419637
2023-11-06 00:00:00,280.92999267578125,2963.84521484375,-10.100041456640787,1.786,-1.0,1.1652655385419637
2023-11-07 00:00:00,281.79998779296875,3004.2119140625,-10.150373825583593,1.895,-1.0,1.1622992510410173
2023-11-08 00:00:00,286.94000244140625,3012.630615234375,-10.181837342754497,1.015,-1.0,1.1711938700276066
2023-11-09 00:00:00,284.4200134277344,3002.576171875,-10.215039377686693,1.064,-1.0,1.170151145499786
2023-11-10 00:00:00,291.5,3066.383056640625,-10.242330091708226,0.807,-1.0,1.17287266555428
2023-11-13 00:00:00,291.0,3111.248046875,-10.28313451659304,1.362,-1.0,1.1666285118288238
2023-11-14 00:00:00,297.94000244140625,3165.399658203125,-10.314615128520831,0.982,-1.0,1.170891162621848
2023-11-15 00:00:00,298.57000732421875,3112.854248046875,-10.32365117824311,0.068,-1.0,1.180857215772293
2023-11-16 00:00:00,301.6600036621094,3120.86376953125,-10.32361940394743,-0.276,0.0,1.1846873048217696
2023-11-17 00:00:00,299.4599914550781,3127.247314453125,-10.33273673363553,0.155,0.0,1.1846873048217696
2023-11-20 00:00:00,302.44000244140625,3149.879150390625,-10.338525690259706,0.028,0.0,1.1846873048217696
2023-11-21 00:00:00,299.54998779296875,3137.022216796875,-10.349097148462146,0.271,0.0,1.1846873048217696
2023-11-22 00:00:00,298.5199890136719,3122.0107421875,-10.357352033113084,0.172,0.0,1.1846873048217696
2023-11-24 00:00:00,297.8999938964844,3107.637451171875,-10.362238974153641,0.018,0.0,1.1846873048217696
2023-11-27 00:00:00,297.2300109863281,3122.80859375,-10.373600998692623,0.282,0.0,1.1846873048217696
2023-11-28 00:00:00,294.6199951171875,3133.89013671875,-10.39611096690272,0.759,0.0,1.1846873048217696
2023-11-29 00:00:00,298.8599853515625,3118.31005859375,-10.397832297253004,-0.269,0.0,1.1846873048217696
2023-11-30 00:00:00,293.3599853515625,3117.7216796875,-10.416886061305448,0.559,0.0,1.1846873048217696
2023-12-01 00:00:00,295.4800109863281,3151.495361328125,-10.438206954413193,0.608,0.0,1.1846873048217696
2023-12-04 00:00:00,287.5400085449219,3126.479248046875,-10.47595890879566,1.33,0.0,1.1846873048217696
2023-12-05 00:00:00,279.2699890136719,3139.974609375,-10.54262995887586,2.415,-1.0,1.1846873048217696
2023-12-06 00:00:00,282.0,3141.959716796875,-10.595599353776473,1.676,-1.0,1.1914955121340978
2023-12-07 00:00:00,286.1099853515625,3230.00439453125,-10.657832041942319,2.018,-1.0,1.187244806531337
2023-12-08 00:00:00,287.20001220703125,3266.640625,-10.722633485688146,1.983,-1.0,1.186235076144946
2023-12-11 00:00:00,290.1300048828125,3338.16748046875,-10.794378036740548,2.069,-1.0,1.1832529202590725
2023-12-12 00:00:00,296.3599853515625,3393.815185546875,-10.855768752867595,1.506,-1.0,1.1877597532407964
2023-12-13 00:00:00,297.05999755859375,3415.479736328125,-10.915510578109208,1.371,-1.0,1.1883126975928886
2023-12-14 00:00:00,294.8999938964844,3431.5185546875,-10.982121775270633,1.537,-1.0,1.185318352499226
2023-12-15 00:00:00,295.4700012207031,3470.23974609375,-11.052874980641384,1.577,-1.0,1.183602824629245
2023-12-18 00:00:00,297.45001220703125,3461.67138671875,-11.107272947420679,0.897,-1.0,1.1904956844807515
2023-12-19 00:00:00,298.44000244140625,3506.317138671875,-11.166783077101746,1.053,-1.0,1.1881723016525074
2023-12-20 00:00:00,296.739990234375,3460.354736328125,-11.212152083556832,0.453,-1.0,1.1941305836963205
2023-12-21 00:00:00,303.1600036621094,3510.56640625,-11.245971342174919,-0.021,0.0,1.1987582757381408
2023-12-22 00:00:00,357.9800109863281,3526.675048828125,-11.089688956409152,-4.689,1.0,1.1987582757381408
2023-12-26 00:00:00,360.8800048828125,3557.5458984375,-10.949260502359248,-3.335,1.0,1.2053356094762113
2023-12-27 00:00:00,358.8999938964844,3525.61767578125,-10.823457139311454,-2.646,1.0,1.2100456665768742
2023-12-28 00:00:00,361.8599853515625,3541.407470703125,-10.708325976660575,-2.216,1.0,1.2134724075659293
2023-12-29 00:00:00,362.8800048828125,3538.165771484375,-10.602958955676314,-1.893,1.0,1.216731538590855
2024-01-02 00:00:00,353.0,3471.67578125,-10.520828500006752,-1.427,1.0,1.2260919286148626
2024-01-03 00:00:00,343.2200012207031,3400.56787109375,-10.45699385051799,-1.078,1.0,1.2337740527999455
2024-01-04 00:00:00,344.1600036621094,3411.21044921875,-10.400286366262797,-0.922,1.0,1.2366821729553725
2024-01-05 00:00:00,344.0799865722656,3399.440673828125,-10.346403534282095,-0.844,1.0,1.237774565321005
2024-01-08 00:00:00,348.6300048828125,3454.001220703125,-10.300219042113481,-0.696,1.0,1.2411224195119128
2024-01-09 00:00:00,353.95001220703125,3480.32373046875,-10.25098308209885,-0.72,1.0,1.2395683061639773
2024-01-10 00:00:00,354.8599853515625,3512.162109375,-10.21314476978213,-0.517,1.0,1.2446041183438339
2024-01-11 00:00:00,357.7900085449219,3543.212890625,-10.179757960003574,-0.43,1.0,1.2464232857061206
2024-01-12 00:00:00,346.4800109863281,3493.4599609375,-10.167917462916959,-0.074,1.0,1.2563261142640636
2024-01-16 00:00:00,327.4200134277344,3494.7568359375,-10.211635410184217,0.804,0.0,1.282763171880129
2024-01-17 00:00:00,330.239990234375,3480.991943359375,-10.24048278280805,0.535,0.0,1.282763171880129
2024-01-18 00:00:00,328.2699890136719,3519.802734375,-10.282942262856476,0.743,0.0,1.282763171880129
2024-01-19 00:00:00,337.0,3607.27880859375,-10.321078416407415,0.647,0.0,1.282763171880129
2024-01-22 00:00:00,341.0199890136719,3497.07080078125,-10.313338837596566,-0.069,0.0,1.282763171880129
2024-01-23 00:00:00,341.8599853515625,3481.710205078125,-10.298965707838931,-0.147,0.0,1.282763171880129
2024-01-24 00:00:00,339.57000732421875,3487.824462890625,-10.294103704978738,0.024,0.0,1.282763171880129
2024-01-25 00:00:00,339.4200134277344,3494.307861328125,-10.292074404097518,0.097,0.0,1.282763171880129
2024-01-26 00:00:00,332.239990234375,3510.6162109375,-10.315320080445272,0.524,0.0,1.282763171880129
2024-01-29 00:00:00,333.19000244140625,3544.80859375,-10.343610712048354,0.618,0.0,1.282763171880129
2024-01-30 00:00:00,330.9599914550781,3546.075439453125,-10.376170985262393,0.706,0.0,1.282763171880129
2024-01-31 00:00:00,327.8299865722656,3498.51708984375,-10.40165808475798,0.613,0.0,1.282763171880129
2024-02-01 00:00:00,332.6600036621094,3549.366943359375,-10.424891929336308,0.598,0.0,1.282763171880129
2024-02-02 00:00:00,335.25,3552.29931640625,-10.439214371726926,0.471,0.0,1.282763171880129
2024-02-05 00:00:00,337.5,3615.7470703125,-10.463194053532542,0.671,0.0,1.282763171880129
2024-02-06 00:00:00,336.6600036621094,3635.63623046875,-10.49305301487966,0.803,0.0,1.282763171880129
2024-02-07 00:00:00,336.92999267578125,3699.452880859375,-10.537183355165118,1.064,0.0,1.282763171880129
2024-02-08 00:00:00,345.3299865722656,3830.417724609375,-10.58908245713951,1.201,0.0,1.282763171880129
2024-02-09 00:00:00,342.2799987792969,3748.587158203125,-10.622298231452652,0.867,0.0,1.282763171880129
2024-02-12 00:00:00,337.8800048828125,3780.555419921875,-10.673897368492394,1.183,0.0,1.282763171880129
2024-02-13 00:00:00,327.5199890136719,3738.044189453125,-10.73999749325994,1.405,0.0,1.282763171880129
2024-02-14 00:00:00,330.0,3728.76806640625,-10.790399371439353,1.066,0.0,1.282763171880129
2024-02-15 00:00:00,330.9800109863281,3741.08642578125,-10.836469323322527,0.951,0.0,1.282763171880129
2024-02-16 00:00:00,329.8500061035156,3707.352783203125,-10.872276797003764,0.695,0.0,1.282763171880129
2024-02-20 00:00:00,332.1400146484375,3691.41357421875,-10.893231862055888,0.297,0.0,1.282763171880129
2024-02-21 00:00:00,328.6300048828125,3731.58056640625,-10.933991775739363,0.781,0.0,1.282763171880129
2024-02-22 00:00:00,340.3399963378906,3892.030029296875,-10.980305290363678,0.885,0.0,1.282763171880129
2024-02-23 00:00:00,340.8900146484375,3497.010986328125,-10.910325516855618,-2.437,1.0,1.282763171880129
2024-02-26 00:00:00,336.32000732421875,3490.81689453125,-10.857393393168973,-1.898,1.0,1.2913693152813328
2024-02-27 00:00:00,335.7699890136719,3469.2421875,-10.805348213270952,-1.856,1.0,1.2916331132636536
2024-02-28 00:00:00,333.0899963378906,3486.707275390625,-10.771116118170346,-1.394,1.0,1.2998069843800513
2024-02-29 00:00:00,334.1700134277344,3459.975830078125,-10.729627349009727,-1.598,1.0,1.29632956649063
2024-03-01 00:00:00,339.6199951171875,3490.796875,-10.684234186366966,-1.67,1.0,1.294610483071212
2024-03-04 00:00:00,340.4800109863281,3452.564697265625,-10.629935690876808,-1.802,1.0,1.2905191554131723
2024-03-05 00:00:00,328.7900085449219,3421.494140625,-10.606542672136131,-0.912,1.0,1.3051214778333393
2024-03-06 00:00:00,335.8599853515625,3419.280029296875,-10.564249099192262,-1.342,1.0,1.2960797253125564
2024-03-07 00:00:00,339.3699951171875,3477.760009765625,-10.53162666771228,-1.018,1.0,1.3006842344820457
2024-03-08 00:00:00,335.1099853515625,3485.699951171875,-10.516944631397799,-0.519,1.0,1.3089188419234303
2024-03-11 00:00:00,333.57000732421875,3502.739990234375,-10.513168025029392,-0.245,1.0,1.3138400327300457
2024-03-12 00:00:00,337.7300109863281,3500.0,-10.496967799637972,-0.574,1.0,1.3080199213757489
2024-03-13 00:00:00,329.3699951171875,3500.0,-10.506560319734618,0.097,0.0,1.320173469743037
2024-03-14 00:00:00,330.2900085449219,3511.56005859375,-10.516213096841094,0.078,0.0,1.320173469743037
2024-03-15 00:00:00,327.8800048828125,3413.97998046875,-10.50477250272756,-0.448,0.0,1.320173469743037
2024-03-18 00:00:00,335.2699890136719,3450.929931640625,-10.48267279831719,-0.677,0.0,1.320173469743037
2024-03-19 00:00:00,342.3699951171875,3505.97998046875,-10.45711576898338,-0.719,0.0,1.320173469743037
2024-03-20 00:00:00,343.32000732421875,3578.489990234375,-10.451431675340793,-0.176,0.0,1.320173469743037
2024-03-21 00:00:00,348.20001220703125,3647.81005859375,-10.451701082815854,-0.011,0.0,1.320173469743037
2024-03-22 00:00:00,349.239990234375,3624.72998046875,-10.442643130613611,-0.244,0.0,1.320173469743037
2024-03-25 00:00:00,347.5199890136719,3626.93994140625,-10.439905154881362,-0.052,0.0,1.320173469743037
2024-03-26 00:00:00,349.8399963378906,3661.080078125,-10.440262308802806,0.052,0.0,1.320173469743037
2024-03-27 00:00:00,347.92999267578125,3673.5,-10.449515285479354,0.328,0.0,1.320173469743037
2024-03-28 00:00:00,347.1600036621094,3627.8798828125,-10.447706251827436,0.06,0.0,1.320173469743037
2024-04-01 00:00:00,347.4800109863281,3568.8701171875,-10.428846117961317,-0.393,0.0,1.320173469743037
2024-04-02 00:00:00,345.7799987792969,3566.090087890625,-10.415627940235789,-0.171,0.0,1.320173469743037
