Date,y,x,hr,spread,zScore,long entry,long exit,num units long,short entry,short exit,num units short,numUnits,spread pct ch,port rets,cum rets
2022-02-08 00:00:00-05:00,299.08074951171875,44.547149658203125,-6.401691639951992,13.903633961109563,,False,False,,False,False,,,,,
2022-02-09 00:00:00-05:00,305.61114501953125,46.31924819946289,-6.430025154824242,7.777213944437392,,False,False,,False,False,,,-0.010152407003336783,,
2022-02-10 00:00:00-05:00,296.94000244140625,46.0646858215332,-6.409894368780398,1.6702321943223524,,False,False,,False,False,,,-0.010312193468862915,,
2022-02-11 00:00:00-05:00,289.7320861816406,47.08291244506836,-6.343434322073847,-8.93527660560386,,False,False,,False,False,,,-0.018024335030414073,,
2022-02-14 00:00:00-05:00,289.69281005859375,47.10249710083008,-6.279558344583814,-6.090068661658677,,False,False,,False,False,,,0.0048596517301675935,,
2022-02-15 00:00:00-05:00,295.0644226074219,46.99479675292969,-6.242548052712817,1.6971456497860231,,False,False,,False,False,,,0.013233845690503518,,
2022-02-16 00:00:00-05:00,294.7199401855469,46.211551666259766,-6.229408130989521,6.849324490105971,,False,False,,False,False,,,0.00884356738761217,,
2022-02-17 00:00:00-05:00,286.0899353027344,44.341552734375,-6.231538277274915,9.773852164672405,,False,False,,False,False,,,0.0052000291225089285,,
2022-02-18 00:00:00-05:00,283.3345947265625,44.45903778076172,-6.232106830227009,6.261121707756729,,False,False,,False,False,,,-0.006268165394277925,,
2022-02-22 00:00:00-05:00,283.1279602050781,42.628196716308594,-6.2512128407249055,16.65002951514259,,False,False,,False,False,,,0.018902468076657433,,
2022-02-23 00:00:00-05:00,275.796875,42.187618255615234,-6.267310160946738,11.393986440440528,,False,False,,False,False,,,-0.00972981372681138,,
2022-02-24 00:00:00-05:00,289.8883361816406,43.53430938720703,-6.289882355254313,16.062651718864913,,False,False,,False,False,,,0.008281974737983889,,
2022-02-25 00:00:00-05:00,292.56494140625,43.1315803527832,-6.320744959556513,19.94122229368884,,False,False,,False,False,,,0.006862435228731619,,
2022-02-28 00:00:00-05:00,294.0212707519531,45.164886474609375,-6.334997738307642,7.901817084381321,,False,False,,False,False,,,-0.020752560029902847,,
2022-03-01 00:00:00-05:00,290.24261474609375,46.94279861450195,-6.320299615306851,-6.449937278569905,,False,False,,False,False,,,-0.024452026689613354,,
2022-03-02 00:00:00-05:00,295.39898681640625,48.583194732666016,-6.289312226194859,-10.15589380335581,,False,False,,False,False,,,-0.006166790373771145,,
2022-03-03 00:00:00-05:00,291.1971130371094,48.64213562011719,-6.248878747737475,-12.76169448400492,,False,False,,False,False,,,-0.0043783495898100325,,
2022-03-04 00:00:00-05:00,285.23382568359375,50.095890045166016,-6.187677258342259,-24.743373885294318,,False,False,,False,False,,,-0.0201301368639919,,
2022-03-07 00:00:00-05:00,274.4586181640625,50.734371185302734,-6.104369841899603,-35.24274724723972,,False,False,,False,False,,,-0.017973455315586227,,
2022-03-08 00:00:00-05:00,271.4473571777344,51.39249038696289,-6.010898398290778,-37.46768097343511,,False,False,,False,False,,,-0.003833697262439739,,
2022-03-09 00:00:00-05:00,283.8955383300781,50.420047760009766,-5.945772302051635,-15.89058510950855,,False,False,,False,False,,,0.036967232786630555,,
2022-03-10 00:00:00-05:00,281.031982421875,50.41022491455078,-5.891151440599732,-15.942286704437322,,False,False,,False,False,,,-8.94481587185086e-05,,
2022-03-11 00:00:00-05:00,275.60009765625,48.4456787109375,-5.851972002131411,-7.902657784409996,,False,False,,False,False,,,0.01437951689120393,,
2022-03-14 00:00:00-04:00,272.02801513671875,50.04677963256836,-5.803624807096819,-18.424716654162808,,False,False,,False,False,,,-0.018706522716069353,,
2022-03-15 00:00:00-04:00,282.5670471191406,50.38075256347656,-5.766845018694043,-7.970944839601316,,False,False,,False,False,,,0.01824058610858047,,
2022-03-16 00:00:00-04:00,289.69158935546875,50.85224533081055,-5.742090622857213,-2.306611709813012,,False,False,,False,False,,,0.009737721416240006,,
2022-03-17 00:00:00-04:00,290.5082702636719,50.08606719970703,-5.729649145958143,3.5326781084683603,,False,False,,False,False,,,0.010111606918023052,,
2022-03-18 00:00:00-04:00,295.6351013183594,48.141170501708984,-5.742825027426606,19.16878251153355,,False,False,,False,False,,,0.027331000855833835,,
2022-03-21 00:00:00-04:00,294.3853759765625,48.34745407104492,-5.7603156285517985,15.888780690432156,,False,False,,False,False,,,-0.005725440816145637,,
2022-03-22 00:00:00-04:00,299.20721435546875,50.23341369628906,-5.770377630562699,9.341447655600462,,False,False,,False,False,,,-0.011114638160966073,,
2022-03-23 00:00:00-04:00,294.7100830078125,50.08606719970703,-5.772732554073732,5.576612378539153,,False,False,,False,False,,,-0.006448363184980049,,
2022-03-24 00:00:00-04:00,299.2466125488281,51.480899810791016,-5.76800771000902,2.3043855219836473,,False,False,,False,False,,,-0.005488574490734276,,
2022-03-25 00:00:00-04:00,298.8332824707031,52.846256256103516,-5.7508900112455805,-5.079724764246862,,False,False,,False,False,,,-0.0122507768398483,,
2022-03-28 00:00:00-04:00,305.7412109375,55.77342987060547,-5.7186551885617485,-13.207803175922777,-0.794,False,False,,False,False,,,-0.013011374415236511,,
2022-03-29 00:00:00-04:00,310.3760681152344,55.3314094543457,-5.693167417175458,-4.634909336640646,-0.176,False,False,,False,False,,,0.013708141062480937,,
2022-03-30 00:00:00-04:00,308.85076904296875,56.48067092895508,-5.661669952073882,-10.924148428469039,-0.575,False,False,,False,True,0.0,,-0.010004744042040124,,
2022-03-31 00:00:00-04:00,303.38934326171875,55.25282287597656,-5.632590163841967,-7.82716339400929,-0.34,False,False,,False,False,0.0,,0.0050389774761755565,,
2022-04-01 00:00:00-04:00,304.48162841796875,56.991455078125,-5.595686513495147,-14.42468814715977,-0.782,False,False,,False,False,0.0,,-0.010583337079656502,,
2022-04-04 00:00:00-04:00,309.9430847167969,57.345069885253906,-5.563532354452092,-9.09806695812955,-0.408,False,False,,False,False,0.0,,0.008468608401996373,,
2022-04-05 00:00:00-04:00,305.9183349609375,57.954071044921875,-5.526225240451857,-14.348915234449862,-0.732,False,False,,False,False,0.0,,-0.008385450576939516,,
2022-04-06 00:00:00-04:00,294.7199401855469,58.54343795776367,-5.472787823613306,-25.675874222163145,-1.407,False,False,,False,False,0.0,,-0.018414353563750277,,
2022-04-07 00:00:00-04:00,296.56011962890625,59.83021926879883,-5.412565341442864,-27.274851556321323,-1.416,False,False,,False,False,0.0,,-0.0025773532992659043,,
2022-04-08 00:00:00-04:00,292.2303466796875,62.88507843017578,-5.33034973628712,-42.96911454699483,-2.189,True,False,1.0,False,False,0.0,1.0,-0.025013575690709822,,
2022-04-11 00:00:00-04:00,280.70721435546875,59.60429000854492,-5.255811721281718,-32.56171171011647,-1.464,False,False,1.0,False,False,0.0,1.0,0.017521583997466346,0.017521583997466346,1.0175215839974663
2022-04-12 00:00:00-04:00,277.5583190917969,60.773197174072266,-5.178066655266584,-37.12934672920812,-1.624,True,False,1.0,False,False,0.0,1.0,-0.00771239507814335,-0.00771239507814335,1.009809188919323
2022-04-13 00:00:00-04:00,283.0295715332031,63.061893463134766,-5.098074003667997,-38.46462815328499,-1.605,False,False,1.0,False,False,0.0,1.0,-0.0022088154141280416,-0.0022088154141280416,1.007600373505195
2022-04-14 00:00:00-04:00,275.3639221191406,61.44114303588867,-5.024629190779789,-33.35503869386196,-1.247,False,False,1.0,False,False,0.0,1.0,0.00874805547077922,0.00874805547077922,1.016348428975974
2022-04-18 00:00:00-04:00,276.0428771972656,62.18766784667969,-4.955026828913363,-32.09868541058512,-1.105,False,False,1.0,False,False,0.0,1.0,0.0021506106593594926,0.0021506106593594926,1.0184990396353337
2022-04-19 00:00:00-04:00,280.7466125488281,65.52738952636719,-4.878312091249478,-38.91644408566333,-1.429,False,False,1.0,False,False,0.0,1.0,-0.011355178014291077,-0.011355178014291077,1.0071438616210426
2022-04-20 00:00:00-04:00,281.7896728515625,64.25045776367188,-4.814470865294569,-27.542284133474993,-0.705,False,False,1.0,False,False,0.0,1.0,0.01924165751696892,0.01924165751696892,1.0263855191380116
2022-04-21 00:00:00-04:00,276.3282775878906,61.55901336669922,-4.7675553232762224,-17.157724284148344,-0.072,False,False,1.0,False,False,0.0,1.0,0.018224464046722632,0.018224464046722632,1.0446099831847342
2022-04-22 00:00:00-04:00,269.6564636230469,61.323272705078125,-4.722111014117403,-19.918837839327637,-0.248,False,False,1.0,False,True,0.0,1.0,-0.0049373331909312035,-0.0049373331909312035,1.039672649993803
2022-04-25 00:00:00-04:00,276.2397155761719,61.166107177734375,-4.688679480730798,-10.548556064252068,0.28,False,True,0.0,False,False,0.0,0.0,0.01664265718192591,0.01664265718192591,1.0563153071757287
2022-04-26 00:00:00-04:00,265.9072265625,58.88723373413086,-4.661115556469333,-8.57297467310309,0.36,False,False,0.0,False,False,0.0,0.0,0.003655861127633571,0.0,1.0563153071757287
2022-04-27 00:00:00-04:00,278.6997985839844,59.024757385253906,-4.650763689939322,4.1896001291676725,1.111,False,False,0.0,False,False,0.0,0.0,0.023070036460992628,0.0,1.0563153071757287
2022-04-28 00:00:00-04:00,285.0074768066406,60.22312545776367,-4.646425131488057,5.1852331829293234,1.112,False,False,0.0,False,False,0.0,0.0,0.001762713642269149,0.0,1.0563153071757287
2022-04-29 00:00:00-04:00,273.09075927734375,58.16035079956055,-4.641287439275389,3.1518536474930556,0.956,False,False,0.0,False,False,0.0,0.0,-0.003744509125083947,-0.0,1.0563153071757287
2022-05-02 00:00:00-04:00,279.9298400878906,57.16825866699219,-4.649351735751635,14.13449742461205,1.506,False,False,0.0,True,False,-1.0,-1.0,0.020124861604795468,0.0,1.0563153071757287
2022-05-03 00:00:00-04:00,277.28277587890625,58.64167022705078,-4.649484187099532,4.6292574531282185,0.92,False,False,0.0,False,False,-1.0,-1.0,-0.017284256503749852,0.017284256503749852,1.0735995636794786
2022-05-04 00:00:00-04:00,285.3518981933594,60.71426010131836,-4.645740953555725,3.2891735758303184,0.828,False,False,0.0,False,False,-1.0,-1.0,-0.0023617365915938543,0.0023617365915938543,1.0759613002710726
2022-05-05 00:00:00-04:00,272.9235534667969,59.093509674072266,-4.635650766251844,-1.0133199343270007,0.593,False,False,0.0,False,False,-1.0,-1.0,-0.00786762636089678,0.00786762636089678,1.0838289266319694
2022-05-06 00:00:00-04:00,270.3453063964844,59.201560974121094,-4.6210661558606025,-3.229023395144452,0.528,False,False,0.0,False,False,-1.0,-1.0,-0.004073586084050027,0.004073586084050027,1.0879025127160193
2022-05-09 00:00:00-04:00,260.3572692871094,56.598533630371094,-4.608605802149501,-0.4830611949725494,0.749,False,False,0.0,False,False,-1.0,-1.0,0.005268562636105639,-0.005268562636105639,1.0826339500799138
2022-05-10 00:00:00-04:00,265.1987609863281,56.02882385253906,-4.606034953742099,7.1280399044741785,1.235,False,False,0.0,False,False,-1.0,-1.0,0.01454527993752749,-0.01454527993752749,1.0680886701423862
2022-05-11 00:00:00-04:00,256.3916015625,56.35296630859375,-4.59438534032279,-2.5156407294072096,0.654,False,False,0.0,False,False,-1.0,-1.0,-0.01871473369073989,0.01871473369073989,1.086803403833126
2022-05-12 00:00:00-04:00,251.2745819091797,52.651512145996094,-4.594757607591069,9.353645925190534,1.374,False,False,0.0,False,False,-1.0,-1.0,0.024066087837336658,-0.024066087837336658,1.0627373159957894
2022-05-13 00:00:00-04:00,256.9525146484375,53.77406311035156,-4.598924910588147,9.649636266702544,1.331,False,False,0.0,False,False,-1.0,-1.0,0.0005869849794433408,-0.0005869849794433408,1.062150331016346
2022-05-16 00:00:00-04:00,257.326416015625,55.72374725341797,-4.593882247016001,1.3380827709415257,0.79,False,False,0.0,False,False,-1.0,-1.0,-0.01619192417077056,0.01619192417077056,1.0783422551871167
2022-05-17 00:00:00-04:00,262.5615539550781,58.411956787109375,-4.578408603410275,-4.872251541052663,0.415,False,False,0.0,False,False,-1.0,-1.0,-0.011717714506830334,0.011717714506830334,1.090059969693947
2022-05-18 00:00:00-04:00,250.60720825195312,56.403194427490234,-4.5579634649392435,-6.47649125441211,0.31,False,False,0.0,False,False,-1.0,-1.0,-0.003159874815254977,0.003159874815254977,1.093219844509202
2022-05-19 00:00:00-04:00,249.6800537109375,56.35395812988281,-4.536669946694116,-5.979254514160402,0.336,False,False,0.0,False,False,-1.0,-1.0,0.0009839659795087305,-0.0009839659795087305,1.0922358785296933
2022-05-20 00:00:00-04:00,249.10797119140625,55.7828369140625,-4.518865718341368,-2.9671782113781546,0.496,False,False,0.0,False,False,-1.0,-1.0,0.006009931657736603,-0.006009931657736603,1.0862259468719566
2022-05-23 00:00:00-04:00,257.08740234375,55.73359680175781,-4.512704180035266,5.57816708805737,0.969,False,False,0.0,False,False,-1.0,-1.0,0.01680181241419377,-0.01680181241419377,1.0694241344577629
2022-05-24 00:00:00-04:00,256.07147216796875,55.91084671020508,-4.507985511160819,4.026185281630717,0.837,False,False,0.0,False,False,-1.0,-1.0,-0.0030543802753429344,0.0030543802753429344,1.0724785147331057
2022-05-25 00:00:00-04:00,258.9318542480469,58.264259338378906,-4.494927564520821,-2.961771078422089,0.392,False,False,0.0,False,False,-1.0,-1.0,-0.013417078530339108,0.013417078530339108,1.0858955932634449
2022-05-26 00:00:00-04:00,262.2656555175781,61.51374816894531,-4.467428367214338,-12.542608026047219,-0.205,False,False,0.0,False,True,0.0,0.0,-0.017838954020281378,0.017838954020281378,1.1037345472837263
2022-05-27 00:00:00-04:00,269.5053405761719,65.58052825927734,-4.425586710379525,-20.726973747754812,-0.784,False,False,0.0,False,False,0.0,0.0,-0.014621788707726536,-0.0,1.1037345472837263
2022-05-31 00:00:00-04:00,268.15399169921875,61.129722595214844,-4.40448262610234,-1.0908094098606966,0.429,False,True,0.0,False,False,0.0,0.0,0.036539278838497065,0.0,1.1037345472837263
2022-06-01 00:00:00-04:00,268.696533203125,62.675682067871094,-4.383185426889754,-6.022603057143044,0.044,False,False,0.0,False,False,0.0,0.0,-0.009075545525126924,-0.0,1.1037345472837263
2022-06-02 00:00:00-04:00,270.8269958496094,62.77415466308594,-4.365405367878156,-3.2076358806396,0.185,False,False,0.0,False,False,0.0,0.0,0.0051663891050776276,0.0,1.1037345472837263
2022-06-03 00:00:00-04:00,266.3293151855469,64.17240905761719,-4.337826820355445,-12.039481951405605,-0.584,False,False,0.0,False,True,0.0,0.0,-0.01621420355783597,-0.0,1.1037345472837263
2022-06-06 00:00:00-04:00,265.07672119140625,65.37374114990234,-4.302570953185978,-16.198438581262508,-1.036,False,False,0.0,False,False,0.0,0.0,-0.0076122308255224475,-0.0,1.1037345472837263
2022-06-07 00:00:00-04:00,268.7754821777344,65.53130340576172,-4.271577604024288,-11.146565812837935,-0.776,False,False,0.0,False,False,0.0,0.0,0.009207026623347419,0.0,1.1037345472837263
2022-06-08 00:00:00-04:00,266.7140197753906,63.778541564941406,-4.250178984865045,-4.356197269265124,-0.156,False,False,0.0,False,False,0.0,0.0,0.012626566713306265,0.0,1.1037345472837263
2022-06-09 00:00:00-04:00,261.17083740234375,60.27303695678711,-4.243259009826605,5.416730285844892,0.927,False,True,0.0,False,False,0.0,0.0,0.01890589273885153,0.0,1.1037345472837263
2022-06-10 00:00:00-04:00,249.53211975097656,58.87477111816406,-4.234019814655334,0.2551722533723364,0.258,False,False,0.0,False,False,0.0,0.0,-0.010347763044773002,-0.0,1.1037345472837263
2022-06-13 00:00:00-04:00,238.94876098632812,54.63074493408203,-4.233110141326474,7.690800577645575,1.144,False,False,0.0,False,False,0.0,0.0,0.01581353048763998,0.0,1.1037345472837263
2022-06-14 00:00:00-04:00,241.14830017089844,53.60666275024414,-4.241815848798073,13.758708515739556,1.771,False,False,0.0,True,False,-1.0,-1.0,0.01295073044027497,0.0,1.1037345472837263
2022-06-15 00:00:00-04:00,248.3188934326172,57.30910873413086,-4.242789136299771,5.168429484424479,0.703,False,False,0.0,False,False,-1.0,-1.0,-0.017478768314458697,0.017478768314458697,1.121213315598185
2022-06-16 00:00:00-04:00,241.62173461914062,57.36819076538086,-4.233739286106241,-1.260228397089577,-0.067,False,False,0.0,False,False,-1.0,-1.0,-0.013268542454658734,0.013268542454658734,1.1344818580528437
2022-06-17 00:00:00-04:00,244.26507568359375,57.210636138916016,-4.22643167161584,2.4682311527893432,0.4,False,True,0.0,False,False,-1.0,-1.0,0.007670750155112595,-0.007670750155112595,1.1268111078977312
2022-06-21 00:00:00-04:00,250.27186584472656,59.45573425292969,-4.216068652777616,-0.3975915669266499,0.102,False,False,0.0,False,False,-1.0,-1.0,-0.005720875053961712,0.005720875053961712,1.1325319829516929
2022-06-22 00:00:00-04:00,249.67019653320312,58.303646087646484,-4.210485171144533,4.183559257508648,0.708,False,True,0.0,False,False,-1.0,-1.0,0.009251918809633882,-0.009251918809633882,1.123280064142059
2022-06-23 00:00:00-04:00,255.32183837890625,57.75222396850586,-4.215661935667405,11.857986094737356,1.625,False,False,0.0,True,False,-1.0,-1.0,0.015386220937947294,-0.015386220937947294,1.1078938432041117
2022-06-24 00:00:00-04:00,264.04107666015625,58.37257385253906,-4.230329712955747,17.105843070056522,2.07,False,False,0.0,False,False,-1.0,-1.0,0.010270254941464847,-0.010270254941464847,1.0976235882626468
2022-06-27 00:00:00-04:00,261.26947021484375,58.51043701171875,-4.242667909363475,13.029116742391665,1.481,False,False,0.0,False,False,-1.0,-1.0,-0.008001271296717703,0.008001271296717703,1.1056248595593645
2022-06-28 00:00:00-04:00,252.97439575195312,57.19095230102539,-4.250478561944913,9.885479059230619,1.067,False,False,0.0,False,False,-1.0,-1.0,-0.006337170285116874,0.006337170285116874,1.1119620298444814
2022-06-29 00:00:00-04:00,256.7027893066406,56.432735443115234,-4.264597205198455,16.039903454227613,1.667,False,False,0.0,True,False,-1.0,-1.0,0.012374043289233534,-0.012374043289233534,1.0995879865552478
2022-06-30 00:00:00-04:00,253.3196258544922,56.38349533081055,-4.275846191635865,12.232472073127326,1.183,False,False,0.0,False,False,-1.0,-1.0,-0.007701009650200499,0.007701009650200499,1.1072889962054484
2022-07-01 00:00:00-04:00,256.03204345703125,56.71828842163086,-4.28709943346049,12.875101297808925,1.226,False,False,0.0,False,False,-1.0,-1.0,0.0012873465625213405,-0.0012873465625213405,1.106001649642927
2022-07-05 00:00:00-04:00,259.2573547363281,54.0990104675293,-4.314386354105344,25.85332220461757,2.339,False,False,0.0,True,False,-1.0,-1.0,0.0263430852147292,-0.0263430852147292,1.079658564428198
2022-07-06 00:00:00-04:00,262.5713806152344,55.89114761352539,-4.339231006382595,20.046779908318427,1.649,False,False,0.0,False,False,-1.0,-1.0,-0.011495918619466758,0.011495918619466758,1.0911544830476647
2022-07-07 00:00:00-04:00,264.7314758300781,58.20518112182617,-4.352663009546282,11.3839369971638,0.801,False,False,0.0,False,False,-1.0,-1.0,-0.016721084363530453,0.016721084363530453,1.107875567411195
2022-07-08 00:00:00-04:00,264.0015869140625,58.736915588378906,-4.3585619868905265,7.993099403356609,0.453,False,False,0.0,False,False,-1.0,-1.0,-0.0065207151949087,0.0065207151949087,1.1143962826061038
2022-07-11 00:00:00-04:00,260.8946838378906,58.92400360107422,-4.357485378126787,4.134199725519579,0.068,False,False,0.0,False,False,-1.0,-1.0,-0.007454575780856124,0.007454575780856124,1.12185085838696
2022-07-12 00:00:00-04:00,250.20281982421875,58.32333755493164,-4.345268435344626,-3.2277378971755297,-0.623,False,False,0.0,False,True,0.0,0.0,-0.014617652345784715,0.014617652345784715,1.1364685107327446
2022-07-13 00:00:00-04:00,249.26580810546875,58.90431213378906,-4.326903652944703,-5.607475240418154,-0.808,False,False,0.0,False,False,0.0,0.0,-0.0047203983654424565,-0.0,1.1364685107327446
2022-07-14 00:00:00-04:00,250.60720825195312,57.033390045166016,-4.319064321993667,4.276328145527799,0.111,False,False,0.0,False,False,0.0,0.0,0.019889405979317928,0.0,1.1364685107327446
2022-07-15 00:00:00-04:00,253.2111358642578,54.8079948425293,-4.3287020843858,15.963654348395039,1.129,False,True,0.0,False,False,0.0,0.0,0.023829382925918092,0.0,1.1364685107327446
2022-07-18 00:00:00-04:00,250.77488708496094,53.971004486083984,-4.343849606409055,16.332960490583673,1.102,False,False,0.0,False,False,0.0,0.0,0.0007611157152371369,0.0,1.1364685107327446
2022-07-19 00:00:00-04:00,255.98272705078125,54.1580924987793,-4.364721967653765,19.597710995134634,1.381,False,False,0.0,False,False,0.0,0.0,0.00663071565970817,0.0,1.1364685107327446
2022-07-20 00:00:00-04:00,258.68524169921875,53.24232864379883,-4.393751589630704,24.751675584887266,1.741,False,False,0.0,True,False,-1.0,-1.0,0.010462378837357223,0.0,1.1364685107327446
2022-07-21 00:00:00-04:00,261.22015380859375,53.33095169067383,-4.425841883528664,25.185794127565714,1.658,False,False,0.0,False,False,-1.0,-1.0,0.0008730308743341517,-0.0008730308743341517,1.1355954798584105
2022-07-22 00:00:00-04:00,256.8013916015625,53.17340087890625,-4.452498701831703,20.046893216255683,1.111,False,False,0.0,False,False,-1.0,-1.0,-0.01041199389079674,0.01041199389079674,1.1460074737492072
2022-07-25 00:00:00-04:00,255.29226684570312,54.11870193481445,-4.469306399372101,13.419205962725584,0.452,False,False,0.0,False,False,-1.0,-1.0,-0.013330952268552089,0.013330952268552089,1.1593384260177593
2022-07-26 00:00:00-04:00,248.45700073242188,54.65044021606445,-4.471442814366584,4.090682526329914,-0.57,False,False,0.0,False,True,0.0,0.0,-0.018928737902435835,0.018928737902435835,1.1782671639201951
2022-07-27 00:00:00-04:00,265.06683349609375,54.67997741699219,-4.48882070845747,19.61821852871242,1.072,False,True,0.0,False,False,0.0,0.0,0.03041540867982847,0.0,1.1782671639201951
2022-07-28 00:00:00-04:00,272.6320495605469,63.601295471191406,-4.471031362384416,-11.73133717942784,-2.38,True,False,1.0,False,True,0.0,1.0,-0.056283325975450015,-0.0,1.1782671639201951
2022-07-29 00:00:00-04:00,276.90283203125,65.08818054199219,-4.442277735146555,-12.236943211641119,-2.2,False,False,1.0,False,False,0.0,1.0,-0.0008932296362779073,-0.0008932296362779073,1.1773739342839171
2022-08-01 00:00:00-04:00,274.2101745605469,64.30042266845703,-4.413931629074419,-9.607494818609382,-1.829,False,False,1.0,False,False,0.0,1.0,0.004712037977294656,0.004712037977294656,1.1820859722612118
2022-08-02 00:00:00-04:00,271.06378173828125,64.83216094970703,-4.381680555393557,-13.010037259195542,-1.969,False,False,1.0,False,False,0.0,1.0,-0.006129187495274254,-0.006129187495274254,1.1759567847659376
2022-08-03 00:00:00-04:00,278.6091003417969,66.14179992675781,-4.353128177009893,-9.314632597523428,-1.519,False,False,1.0,False,False,0.0,1.0,0.006522842886739507,0.006522842886739507,1.1824796276526772
2022-08-04 00:00:00-04:00,279.7730712890625,66.42736053466797,-4.327832142887311,-7.713394800037577,-1.31,False,False,1.0,False,False,0.0,1.0,0.002822760468491495,0.002822760468491495,1.1853023881211686
2022-08-05 00:00:00-04:00,279.0431213378906,73.16266632080078,-4.271925020039154,-33.50230345071418,-2.956,True,False,1.0,False,False,0.0,1.0,-0.043592643602606757,-0.043592643602606757,1.141709744518562
2022-08-08 00:00:00-04:00,276.4885559082031,74.72830963134766,-4.20348332306351,-37.630647387892964,-2.771,False,False,1.0,False,False,0.0,1.0,-0.00698999271994111,-0.00698999271994111,1.1347197517986207
2022-08-09 00:00:00-04:00,278.44146728515625,74.56092071533203,-4.1414742810672145,-30.350668230083045,-2.092,False,False,1.0,False,False,0.0,1.0,0.012397075240744406,0.012397075240744406,1.1471168270393652
2022-08-10 00:00:00-04:00,285.2077331542969,75.93949890136719,-4.087981564290034,-25.231538355915518,-1.657,False,False,1.0,False,False,0.0,1.0,0.00859423422610983,0.00859423422610983,1.155711061265475
2022-08-11 00:00:00-04:00,283.09698486328125,77.62332153320312,-4.031887904268046,-29.871546315549836,-1.766,False,False,1.0,False,False,0.0,1.0,-0.00778439254537667,-0.00778439254537667,1.1479266687200984
2022-08-12 00:00:00-04:00,287.9201354980469,80.39625549316406,-3.9738849175651496,-31.565331634952088,-1.714,False,False,1.0,False,False,0.0,1.0,-0.002788557287034282,-0.002788557287034282,1.145138111433064
2022-08-15 00:00:00-04:00,289.45880126953125,80.10030364990234,-3.924022797065458,-24.85661630455104,-1.277,False,False,1.0,False,False,0.0,1.0,0.011111298099561129,0.011111298099561129,1.1562494095326252
2022-08-16 00:00:00-04:00,288.7091979980469,80.297607421875,-3.879117265731853,-22.774637349106627,-1.104,False,False,1.0,False,False,0.0,1.0,0.00346884891988902,0.00346884891988902,1.1597182584525143
2022-08-17 00:00:00-04:00,287.9480895996094,78.6206283569336,-3.8453753271923166,-14.377734892499689,-0.636,False,False,1.0,False,False,0.0,1.0,0.014225433745497016,0.014225433745497016,1.1739436921980113
2022-08-18 00:00:00-04:00,286.8114318847656,80.49490356445312,-3.808477415553736,-19.751590407630033,-0.859,False,False,1.0,False,False,0.0,1.0,-0.009056432202802406,-0.009056432202802406,1.164887259995209
2022-08-19 00:00:00-04:00,282.83795166015625,79.74517822265625,-3.7731320132251365,-18.05113319209204,-0.728,False,False,1.0,False,False,0.0,1.0,0.0029131034013735613,0.0029131034013735613,1.1678003633965823
2022-08-22 00:00:00-04:00,274.5351867675781,78.57130432128906,-3.737274779773457,-19.10736728628075,-0.735,False,False,1.0,False,False,0.0,1.0,-0.0018589853461377607,-0.0018589853461377607,1.1659413780504446
2022-08-23 00:00:00-04:00,273.2403259277344,78.6699447631836,-3.702678623666969,-18.04919687196673,-0.634,False,False,1.0,False,False,0.0,1.0,0.0018744277502763587,0.0018744277502763587,1.167815805800721
2022-08-24 00:00:00-04:00,272.5978698730469,79.28155517578125,-3.6683477901904866,-18.234447858895408,-0.602,False,False,1.0,False,False,0.0,1.0,-0.0003287913764722796,-0.0003287913764722796,1.1674870144242486
2022-08-25 00:00:00-04:00,275.6224365234375,81.61945343017578,-3.631491206866581,-20.777890917502248,-0.696,False,False,1.0,False,False,0.0,1.0,-0.0044464018197101565,-0.0044464018197101565,1.1630406126045385
2022-08-26 00:00:00-04:00,264.9869689941406,79.73532104492188,-3.593570444184062,-21.547524070418092,-0.696,False,False,1.0,False,False,0.0,1.0,-0.0013954727165883724,-0.0013954727165883724,1.1616451398879502
2022-08-29 00:00:00-04:00,262.1601257324219,79.90301513671875,-3.555209418712812,-21.911826265193042,-0.682,False,False,1.0,False,False,0.0,1.0,-0.0006669366549999626,-0.0006669366549999626,1.1609782032329503
2022-08-30 00:00:00-04:00,259.92626953125,78.61075592041016,-3.522233984450132,-16.959206514933044,-0.397,False,False,1.0,False,False,0.0,1.0,0.009225989913712873,0.009225989913712873,1.1702041931466631
2022-08-31 00:00:00-04:00,258.4436340332031,80.48502349853516,-3.4850346250447073,-22.0494596567288,-0.63,False,False,1.0,False,False,0.0,1.0,-0.009444992111227467,-0.009444992111227467,1.1607592010354357
2022-09-01 00:00:00-04:00,257.385986328125,81.40242767333984,-3.445972045150636,-23.124503841600642,-0.642,False,False,1.0,False,False,0.0,1.0,-0.001998607969829559,-0.001998607969829559,1.158760593065606
2022-09-02 00:00:00-04:00,253.09622192382812,79.97207641601562,-3.4104162345222604,-19.64184579380634,-0.406,False,False,1.0,False,False,0.0,1.0,0.006623109440369389,0.006623109440369389,1.1653837025059754
2022-09-06 00:00:00-04:00,250.31874084472656,81.14595794677734,-3.3718208373050094,-23.290891023293284,-0.571,False,False,1.0,False,False,0.0,1.0,-0.006964778812403813,-0.006964778812403813,1.1584189236935716
2022-09-07 00:00:00-04:00,255.1027374267578,81.77729034423828,-3.338414526940878,-17.90375663230924,-0.188,False,False,1.0,False,False,0.0,1.0,0.01020079572520906,0.01020079572520906,1.1686197194187806
2022-09-08 00:00:00-04:00,255.52774047851562,84.6281509399414,-3.3000406806662244,-23.748600352852577,-0.538,False,False,1.0,False,True,0.0,1.0,-0.01092894374745176,-0.01092894374745176,1.157690775671329
2022-09-09 00:00:00-04:00,261.39898681640625,86.32485961914062,-3.2643970620706733,-20.39963130797969,-0.229,False,False,1.0,False,False,0.0,1.0,0.006165286839285532,0.006165286839285532,1.1638560625106145
2022-09-12 00:00:00-04:00,263.56365966796875,86.93647003173828,-3.232600323160535,-17.467201451064568,0.107,False,False,1.0,False,False,0.0,1.0,0.005384611385141042,0.005384611385141042,1.1692406738957555
2022-09-13 00:00:00-04:00,249.07333374023438,85.21014404296875,-3.195846522479984,-23.245208779505845,-0.396,False,False,1.0,False,True,0.0,1.0,-0.011081889825149991,-0.011081889825149991,1.1581587840706056
2022-09-14 00:00:00-04:00,249.30068969726562,86.85755157470703,-3.1566102160028855,-24.874744940452103,-0.605,False,False,1.0,False,False,0.0,1.0,-0.0031129140092423483,-0.0031129140092423483,1.1550458700613633
2022-09-15 00:00:00-04:00,242.5398406982422,85.62447357177734,-3.1176235831595993,-24.405037404756683,-0.494,False,False,1.0,False,False,0.0,1.0,0.0009219266414910106,0.0009219266414910106,1.1559677967028543
2022-09-16 00:00:00-04:00,241.90725708007812,84.41112518310547,-3.0848758987429696,-18.49058858305966,0.422,False,True,0.0,False,False,0.0,0.0,0.011774614252168079,0.011774614252168079,1.1677424109550223
2022-09-19 00:00:00-04:00,241.68980407714844,88.1498031616211,-3.0449953355190136,-26.72593537690699,-0.788,False,False,0.0,False,True,0.0,0.0,-0.01614439775901702,-0.0,1.1677424109550223
2022-09-20 00:00:00-04:00,239.6437530517578,86.56159973144531,-3.0099168081363588,-20.899460919091155,0.179,False,False,0.0,False,False,0.0,0.0,0.011648593110088966,0.0,1.1677424109550223
2022-09-21 00:00:00-04:00,236.18426513671875,86.09796905517578,-2.9766750789774172,-20.101413700391845,0.388,False,True,0.0,False,False,0.0,0.0,0.0016204993390250822,0.0,1.1677424109550223
2022-09-22 00:00:00-04:00,238.1907501220703,84.22370910644531,-2.9534743659572267,-10.561815729654143,2.155,False,False,0.0,True,False,-1.0,-1.0,0.01959077711470442,0.0,1.1677424109550223
2022-09-23 00:00:00-04:00,235.16619873046875,82.71442413330078,-2.9351275559724574,-7.611186819575636,2.462,False,False,0.0,False,False,-1.0,-1.0,0.006173592463889489,-0.006173592463889489,1.1615688184911328
2022-09-26 00:00:00-04:00,234.70162963867188,81.7970199584961,-2.9210662641177954,-4.23288586746105,2.864,False,False,0.0,False,False,-1.0,-1.0,0.007132692440695669,-0.007132692440695669,1.1544361260504372
2022-09-27 00:00:00-04:00,233.67367553710938,82.83279418945312,-2.9050406504428876,-6.958958773021379,2.192,False,False,0.0,False,False,-1.0,-1.0,-0.00574749449662248,0.00574749449662248,1.1601836205470597
2022-09-28 00:00:00-04:00,238.27975463867188,83.86857604980469,-2.8913986363723003,-4.217731786219957,2.349,False,False,0.0,False,False,-1.0,-1.0,0.005701657134887139,-0.005701657134887139,1.1544819634121726
2022-09-29 00:00:00-04:00,234.7510528564453,81.91539764404297,-2.8811867230820694,-1.262503251559508,2.507,False,False,0.0,False,False,-1.0,-1.0,0.006277507863560776,-0.006277507863560776,1.1482044555486117
2022-09-30 00:00:00-04:00,230.20428466796875,82.06336212158203,-2.8677131190635827,-5.129895482557515,1.839,False,False,0.0,False,False,-1.0,-1.0,-0.008307352717902339,0.008307352717902339,1.156511808266514
2022-10-03 00:00:00-04:00,237.95355224609375,85.41731262207031,-2.8529916837441145,-5.741330312444035,1.625,False,False,0.0,False,False,-1.0,-1.0,-0.0012694629229606706,0.0012694629229606706,1.1577812711894748
2022-10-04 00:00:00-04:00,245.9993438720703,88.13006591796875,-2.8395625702122995,-4.251492618936425,1.695,False,False,0.0,False,False,-1.0,-1.0,0.0030021907345556703,-0.0030021907345556703,1.1547790804549192
2022-10-05 00:00:00-04:00,246.31561279296875,86.97591400146484,-2.8308021819720883,0.10400565860535949,2.081,False,False,0.0,False,False,-1.0,-1.0,0.008843162573196254,-0.008843162573196254,1.1459359178817228
2022-10-06 00:00:00-04:00,243.9335174560547,85.11151123046875,-2.8262112024987998,3.390410954901512,2.226,False,False,0.0,False,False,-1.0,-1.0,0.006783413551417146,-0.006783413551417146,1.1391525043303057
2022-10-07 00:00:00-04:00,231.52879333496094,83.24710845947266,-2.816114615182834,-2.904605469470539,1.39,False,False,0.0,False,False,-1.0,-1.0,-0.01350971501672586,0.01350971501672586,1.1526622193470315
2022-10-10 00:00:00-04:00,226.59654235839844,83.57264709472656,-2.800468524502393,-7.446025339729658,0.826,False,False,0.0,False,False,-1.0,-1.0,-0.009858954159801644,0.009858954159801644,1.1625211735068333
2022-10-11 00:00:00-04:00,222.80099487304688,81.75755310058594,-2.7862497322752637,-4.9959655649413435,1.044,False,False,0.0,False,False,-1.0,-1.0,0.005437352180386854,-0.005437352180386854,1.1570838213264463
2022-10-12 00:00:00-04:00,223.13706970214844,81.04732513427734,-2.775453084139481,-1.8059788030368793,1.314,False,False,0.0,False,False,-1.0,-1.0,0.007119232994909199,-0.007119232994909199,1.149964588331537
2022-10-13 00:00:00-04:00,231.52879333496094,82.68482208251953,-2.7695950853058364,2.525316465827359,1.652,False,False,0.0,True,False,-1.0,-1.0,0.009404976695649872,-0.009404976695649872,1.1405596116358871
2022-10-14 00:00:00-04:00,225.9145050048828,80.15949249267578,-2.76629847441254,4.16942321271037,1.686,False,False,0.0,False,False,-1.0,-1.0,0.00367267181441679,-0.00367267181441679,1.1368869398214705
2022-10-17 00:00:00-04:00,234.78070068359375,84.03627014160156,-2.761963048176104,2.675627845945371,1.434,False,False,0.0,False,False,-1.0,-1.0,-0.003199487865091343,0.003199487865091343,1.1400864276865619
2022-10-18 00:00:00-04:00,235.73948669433594,85.3384017944336,-2.7553543538124887,0.6019497626438408,1.156,False,False,0.0,False,False,-1.0,-1.0,-0.004403863385248653,0.004403863385248653,1.1444902910718104
2022-10-19 00:00:00-04:00,233.74285888671875,84.52951049804688,-2.749101561501818,1.3626495835537753,1.159,False,False,0.0,False,False,-1.0,-1.0,0.0016319720537839796,-0.0016319720537839796,1.1428583190180264
2022-10-20 00:00:00-04:00,233.41665649414062,83.41480255126953,-2.745929965789984,4.365450578154821,1.366,False,False,0.0,False,False,-1.0,-1.0,0.006492993867621654,-0.006492993867621654,1.136365325150405
2022-10-21 00:00:00-04:00,239.31759643554688,86.09796905517578,-2.742179293364941,3.2215284916684084,1.181,False,False,0.0,False,False,-1.0,-1.0,-0.0024061615645389906,0.0024061615645389906,1.1387714867149437
2022-10-24 00:00:00-04:00,244.38821411132812,86.39391326904297,-2.7425586884617172,7.4478366451062925,1.493,False,False,0.0,False,False,-1.0,-1.0,0.008780505100655249,-0.008780505100655249,1.1299909816142886
2022-10-25 00:00:00-04:00,247.75872802734375,86.95619201660156,-2.7452853683522034,9.03916639654281,1.533,False,False,0.0,True,False,-1.0,-1.0,0.0032711218265357098,-0.0032711218265357098,1.1267198597877528
2022-10-26 00:00:00-04:00,228.642578125,87.57765197753906,-2.7291015091795696,-10.365724057304988,-0.335,False,False,0.0,False,True,0.0,0.0,-0.04149439522298421,0.04149439522298421,1.168214255010737
2022-10-27 00:00:00-04:00,224.12547302246094,91.77996063232422,-2.6965689204047623,-23.365516334637164,-1.571,True,False,1.0,False,False,0.0,1.0,-0.027564331006897477,-0.0,1.168214255010737
2022-10-28 00:00:00-04:00,233.13990783691406,92.4803466796875,-2.670710386791227,-13.848314614580914,-0.673,False,False,1.0,False,False,0.0,1.0,0.019822212279749875,0.019822212279749875,1.1880364672904868
2022-10-31 00:00:00-04:00,229.44320678710938,93.25965118408203,-2.643058785496811,-17.047533607346708,-1.025,False,False,1.0,False,False,0.0,1.0,-0.006721981089416414,-0.006721981089416414,1.1813144862010705
2022-11-01 00:00:00-04:00,225.52903747558594,94.22637176513672,-2.611813770024733,-20.572697800067857,-1.418,False,False,1.0,False,False,0.0,1.0,-0.0074744151492856185,-0.0074744151492856185,1.173840071051785
2022-11-02 00:00:00-04:00,217.5524444580078,91.82927703857422,-2.5812321092281407,-19.480234001166394,-1.354,False,False,1.0,False,False,0.0,1.0,0.002403210628387616,0.002403210628387616,1.1762432816801724
2022-11-03 00:00:00-04:00,211.77015686035156,93.13140869140625,-2.5452538533797777,-25.272919982137125,-1.872,True,False,1.0,False,False,0.0,1.0,-0.012906673747517158,-0.012906673747517158,1.1633366079326553
2022-11-04 00:00:00-04:00,218.82752990722656,93.0426254272461,-2.518003129002317,-15.454092049169645,-0.969,False,False,1.0,False,False,0.0,1.0,0.02166989541611104,0.02166989541611104,1.1850065033487662
2022-11-07 00:00:00-05:00,225.23251342773438,92.23373413085938,-2.501911080028929,-5.528087946705085,0.037,False,False,1.0,False,False,0.0,1.0,0.02176788153209466,0.02176788153209466,1.206774384880861
2022-11-08 00:00:00-05:00,226.22093200683594,86.35445404052734,-2.5027552395418224,10.09686969913264,1.653,False,True,0.0,True,False,-1.0,-1.0,0.03532301223403752,0.03532301223403752,1.2420973971148985
2022-11-09 00:00:00-05:00,221.91139221191406,86.1670150756836,-2.50277962079803,6.254342895496535,1.159,False,False,0.0,False,False,-1.0,-1.0,-0.008781544642970577,0.008781544642970577,1.2508789417578692
2022-11-10 00:00:00-05:00,240.16761779785156,93.85152435302734,-2.5018105940360873,5.368879905011909,1.007,False,False,0.0,False,False,-1.0,-1.0,-0.0018642646576450558,0.0018642646576450558,1.2527432064155142
2022-11-11 00:00:00-05:00,244.24981689453125,91.05984497070312,-2.510535035489204,15.640885769365667,1.918,False,False,0.0,True,False,-1.0,-1.0,0.02172320150017798,-0.02172320150017798,1.2310200049153361
2022-11-14 00:00:00-05:00,238.75418090820312,92.78977966308594,-2.5113807933067664,5.72371044716229,0.878,False,False,0.0,False,False,-1.0,-1.0,-0.02102055523303081,0.02102055523303081,1.2520405601483668
2022-11-15 00:00:00-05:00,239.16929626464844,92.37483978271484,-2.512216079609487,7.103738411162084,0.968,False,False,0.0,False,False,-1.0,-1.0,0.0029285354254671324,-0.0029285354254671324,1.2491120247228997
2022-11-16 00:00:00-05:00,239.60543823242188,90.57673645019531,-2.5173290935495003,11.593984367579736,1.332,False,False,0.0,False,False,-1.0,-1.0,0.009602403232866284,-0.009602403232866284,1.2395096214900336
2022-11-17 00:00:00-05:00,239.55587768554688,88.96635437011719,-2.5262140099323145,14.80782686315385,1.524,False,False,0.0,True,False,-1.0,-1.0,0.006921850749576749,-0.006921850749576749,1.232587770740457
2022-11-18 00:00:00-05:00,239.09991455078125,92.17724609375,-2.5274607765411226,6.125540559249714,0.693,False,False,0.0,False,False,-1.0,-1.0,-0.018391779672461292,0.018391779672461292,1.250979550412918
2022-11-21 00:00:00-05:00,239.92262268066406,92.26615905761719,-2.5279538067162375,6.6780346598748395,0.71,False,False,0.0,False,False,-1.0,-1.0,0.0011676508602658092,-0.0011676508602658092,1.2498118995526522
2022-11-22 00:00:00-05:00,242.87643432617188,95.11150360107422,-2.5245915643784715,2.7587346595472866,0.348,False,False,0.0,False,False,-1.0,-1.0,-0.008114591305545765,0.008114591305545765,1.257926490858198
2022-11-23 00:00:00-05:00,245.40402221679688,95.45729064941406,-2.522374184943965,4.62501651802188,0.512,False,False,0.0,False,False,-1.0,-1.0,0.003838640494045964,-0.003838640494045964,1.2540878503641522
2022-11-25 00:00:00-05:00,245.3148193359375,95.99079132080078,-2.5192787534287793,3.487258236628435,0.392,False,False,0.0,False,False,-1.0,-1.0,-0.002335576470223949,0.002335576470223949,1.2564234268343761
2022-11-28 00:00:00-05:00,239.6351776123047,93.6690673828125,-2.5164620838993446,3.92052110924422,0.402,False,False,0.0,False,False,-1.0,-1.0,0.0009114610788117665,-0.0009114610788117665,1.2555119657555642
2022-11-29 00:00:00-05:00,238.21775817871094,93.29364776611328,-2.513510072194763,3.7232348467947247,0.361,False,False,0.0,False,False,-1.0,-1.0,-0.000417349559480527,0.000417349559480527,1.2559293153150448
2022-11-30 00:00:00-05:00,252.89756774902344,94.96331024169922,-2.5198189151935013,13.607222352600985,1.186,False,False,0.0,False,False,-1.0,-1.0,0.02008173553600747,-0.02008173553600747,1.2358475797790374
2022-12-01 00:00:00-05:00,252.45152282714844,93.33316802978516,-2.530133006968912,16.30619375001342,1.349,False,False,0.0,False,False,-1.0,-1.0,0.005523923019342676,-0.005523923019342676,1.2303236567596947
2022-12-02 00:00:00-05:00,252.7786407470703,90.93241119384766,-2.545737986650893,21.288547353133453,1.66,False,False,0.0,True,False,-1.0,-1.0,0.010288406522790904,-0.010288406522790904,1.2200352502369036
2022-12-05 00:00:00-05:00,248.00100708007812,88.97622680664062,-2.5611176331183065,20.122423677257075,1.47,False,False,0.0,False,False,-1.0,-1.0,-0.002450459526312219,0.002450459526312219,1.222485709763216
2022-12-06 00:00:00-05:00,242.9656219482422,89.68756866455078,-2.569377856378001,12.524369029163921,0.83,False,False,0.0,False,False,-1.0,-1.0,-0.016049734491546255,0.016049734491546255,1.2385354442547623
2022-12-07 00:00:00-05:00,242.22222900390625,90.86324310302734,-2.572678163964171,8.460347565779756,0.493,False,False,0.0,False,False,-1.0,-1.0,-0.008538145232642378,0.008538145232642378,1.2470735894874045
2022-12-08 00:00:00-05:00,245.22560119628906,90.30998992919922,-2.578814917957298,12.332851926296769,0.77,False,False,0.0,False,False,-1.0,-1.0,0.00809946816879206,-0.00809946816879206,1.2389741213186125
2022-12-09 00:00:00-05:00,243.2630157470703,88.64032745361328,-2.586945491118183,13.955320309706138,0.862,False,False,0.0,False,False,-1.0,-1.0,0.0034332817185027662,-0.0034332817185027662,1.2355408396001097
2022-12-12 00:00:00-05:00,250.2906951904297,89.78636169433594,-2.5982957452286026,16.999173620480235,1.057,False,False,0.0,False,False,-1.0,-1.0,0.006294386363430653,-0.006294386363430653,1.2292464532366791
2022-12-13 00:00:00-05:00,254.6619415283203,89.74684143066406,-2.613153045198624,20.139709546822473,1.242,False,False,0.0,False,False,-1.0,-1.0,0.006419945894425397,-0.006419945894425397,1.2228265073422537
2022-12-14 00:00:00-05:00,254.9593048095703,89.75672912597656,-2.627631937748798,19.111656730286512,1.099,False,False,0.0,False,False,-1.0,-1.0,-0.0020946174671832114,0.0020946174671832114,1.224921124809437
2022-12-15 00:00:00-05:00,246.8214569091797,88.62055969238281,-2.636447356075548,13.178016614261736,0.621,False,False,0.0,False,False,-1.0,-1.0,-0.01234978902840474,0.01234978902840474,1.2372709138378417
2022-12-16 00:00:00-05:00,242.5394287109375,87.13860321044922,-2.6434128313948464,12.196126874611878,0.5,False,False,0.0,False,False,-1.0,-1.0,-0.002076391621477752,0.002076391621477752,1.2393473054593194
2022-12-19 00:00:00-05:00,238.33668518066406,86.67427062988281,-2.646974378151214,8.912111578419967,0.182,False,False,0.0,False,False,-1.0,-1.0,-0.007020708180785978,0.007020708180785978,1.2463680136401054
2022-12-20 00:00:00-05:00,239.67483520507812,86.50631713867188,-2.6513189560891073,10.31899675386137,0.247,False,True,0.0,False,False,-1.0,-1.0,0.002999558993602978,-0.002999558993602978,1.2433684546465025
2022-12-21 00:00:00-05:00,242.2816925048828,88.57115936279297,-2.652934832152042,7.308178707239875,-0.124,False,False,0.0,False,False,-1.0,-1.0,-0.0063086122620797085,0.0063086122620797085,1.2496770669085822
2022-12-22 00:00:00-05:00,236.09654235839844,86.2790756225586,-2.653912145841109,7.119455631746632,-0.313,False,False,0.0,False,True,0.0,0.0,-0.0004057918223927732,0.0004057918223927732,1.250082858730975
2022-12-23 00:00:00-05:00,236.63180541992188,86.98054504394531,-2.653545271955177,5.824991366476496,-0.707,False,False,0.0,False,False,0.0,0.0,-0.002769271111421057,-0.0,1.250082858730975
2022-12-27 00:00:00-05:00,234.8773651123047,86.5853500366211,-2.652370718491104,5.2209180248682685,-0.956,False,False,0.0,False,False,0.0,0.0,-0.0013003861629527348,-0.0,1.250082858730975
2022-12-28 00:00:00-05:00,232.4687042236328,85.56775665283203,-2.651414325623507,5.593128422847798,-0.853,False,False,0.0,False,False,0.0,0.0,0.0008103081156463803,0.0,1.250082858730975
2022-12-29 00:00:00-05:00,238.89175415039062,85.72581481933594,-2.655903437034295,11.212267929150812,0.152,False,False,0.0,False,False,0.0,0.0,0.012043475936980796,0.0,1.250082858730975
2022-12-30 00:00:00-05:00,237.71221923828125,85.17256164550781,-2.6611817860488824,11.052549516130227,0.093,False,False,0.0,False,False,0.0,0.0,-0.00034394505097657573,-0.0,1.250082858730975
2023-01-03 00:00:00-05:00,237.47433471679688,80.92430877685547,-2.6761279835942204,20.910527446034564,1.833,False,True,0.0,True,False,-1.0,-1.0,0.02171178369894406,0.0,1.250082858730975
2023-01-04 00:00:00-05:00,227.08645629882812,82.40625762939453,-2.6787003711333726,6.3447834032566846,-0.791,False,False,0.0,False,True,0.0,0.0,-0.03252529953618651,0.03252529953618651,1.2826081582671613
2023-01-05 00:00:00-05:00,220.3561248779297,81.41829681396484,-2.675397665977274,2.529803614003214,-1.417,False,False,0.0,False,False,0.0,0.0,-0.008706372934023052,-0.0,1.2826081582671613
2023-01-06 00:00:00-05:00,222.9530792236328,82.49517059326172,-2.67111014686612,2.599391984519883,-1.322,False,False,0.0,False,False,0.0,0.0,0.00015697565609460948,0.0,1.2826081582671613
2023-01-09 00:00:00-05:00,225.12384033203125,82.9891586303711,-2.6677433390258143,3.7300651845021093,-1.063,False,False,0.0,False,False,0.0,0.0,0.002532202898127282,0.0,1.2826081582671613
2023-01-10 00:00:00-05:00,226.83863830566406,82.08023071289062,-2.6685416236015076,7.804126173500578,-0.383,False,False,0.0,False,False,0.0,0.0,0.00913726467942266,0.0,1.2826081582671613
2023-01-11 00:00:00-05:00,233.6978302001953,83.09783172607422,-2.6737515887747443,11.514870598868015,0.225,False,True,0.0,False,False,0.0,0.0,0.00813972535886627,0.0,1.2826081582671613
2023-01-12 00:00:00-05:00,236.4137420654297,83.32506561279297,-2.681234476678542,12.999703372907561,0.437,False,False,0.0,False,False,0.0,0.0,0.003229106278859531,0.0,1.2826081582671613
2023-01-13 00:00:00-05:00,237.12741088867188,84.13520050048828,-2.687200094698137,11.039292136313009,0.062,False,False,0.0,False,False,0.0,0.0,-0.004232179430844589,-0.0,1.2826081582671613
2023-01-17 00:00:00-05:00,238.23757934570312,82.36674499511719,-2.6978307619611965,16.026040935262557,0.896,False,True,0.0,False,False,0.0,0.0,0.010830184284532732,0.0,1.2826081582671613
2023-01-18 00:00:00-05:00,233.73745727539062,80.86502075195312,-2.70806189485165,14.749975950638458,0.621,False,False,0.0,False,False,0.0,0.0,-0.0028186319679445577,-0.0,1.2826081582671613
2023-01-19 00:00:00-05:00,229.8915557861328,79.86717224121094,-2.716449635780116,12.936404840707581,0.245,False,False,0.0,False,False,0.0,0.0,-0.004058597909775744,-0.0,1.2826081582671613
2023-01-20 00:00:00-05:00,238.1087188720703,82.0011978149414,-2.7261588480993395,14.560427894123563,0.546,False,False,0.0,False,False,0.0,0.0,0.0035178130490070843,0.0,1.2826081582671613
2023-01-23 00:00:00-05:00,240.44796752929688,83.12747192382812,-2.7346891135511835,13.120175022172447,0.295,False,False,0.0,False,False,0.0,0.0,-0.003078938660350801,-0.0,1.2826081582671613
2023-01-24 00:00:00-05:00,239.9127197265625,82.9002456665039,-2.742447267770342,12.563167500968717,0.251,False,False,0.0,False,False,0.0,0.0,-0.001192066114982128,-0.0,1.2826081582671613
2023-01-25 00:00:00-05:00,238.4952850341797,82.39637756347656,-2.749453406351459,11.950284071258125,0.185,False,False,0.0,False,False,0.0,0.0,-0.0013179147015112854,-0.0,1.2826081582671613
2023-01-26 00:00:00-05:00,245.82032775878906,84.84652709960938,-2.756336866937338,11.954717082537798,0.189,False,False,0.0,False,False,0.0,0.0,9.241486823932002e-06,0.0,1.2826081582671613
2023-01-27 00:00:00-05:00,245.9789276123047,85.5381088256836,-2.761036068477464,9.805123915241808,-0.279,False,False,0.0,False,True,0.0,0.0,-0.004458324152719004,-0.0,1.2826081582671613
2023-01-30 00:00:00-05:00,240.57684326171875,81.40840911865234,-2.770539466363972,15.031632904587752,0.816,False,True,0.0,False,False,0.0,0.0,0.011212747710108748,0.0,1.2826081582671613
2023-01-31 00:00:00-05:00,245.6320037841797,84.33279418945312,-2.7773340288597743,11.411664732983667,0.064,False,False,0.0,False,False,0.0,0.0,-0.007543921011647532,-0.0,1.2826081582671613
2023-02-01 00:00:00-05:00,250.52857971191406,84.38219451904297,-2.7875241061024494,15.311178364255795,0.917,False,True,0.0,False,False,0.0,0.0,0.008027886556603107,0.0,1.2826081582671613
2023-02-02 00:00:00-05:00,262.2744445800781,84.30315399169922,-2.8085305813000128,25.506458494346617,2.842,False,False,0.0,True,False,-1.0,-1.0,0.02042968594171149,0.0,1.2826081582671613
2023-02-03 00:00:00-05:00,256.0793762207031,82.19877624511719,-2.829498902973769,23.498029009357737,2.298,False,False,0.0,False,False,-1.0,-1.0,-0.004110069397194281,0.004110069397194281,1.2867182276643556
2023-02-06 00:00:00-05:00,254.5132293701172,82.25806427001953,-2.847293847285353,20.300349084487436,1.59,False,False,0.0,False,False,-1.0,-1.0,-0.006542887440825924,0.006542887440825924,1.2932611151051816
2023-02-07 00:00:00-05:00,265.2084045410156,84.89592742919922,-2.866124697575481,21.886090212612032,1.739,False,False,0.0,False,False,-1.0,-1.0,0.003118279917583078,-0.003118279917583078,1.2901428351875985
2023-02-08 00:00:00-05:00,264.3857116699219,83.32506561279297,-2.8870483949667722,23.822214732006955,1.891,False,False,0.0,False,False,-1.0,-1.0,0.003834295581396965,-0.003834295581396965,1.2863085396062015
2023-02-09 00:00:00-05:00,261.30303955078125,83.40410614013672,-2.903665393150032,19.125422905054194,1.062,False,False,0.0,False,False,-1.0,-1.0,-0.009328644048480793,0.009328644048480793,1.2956371836546823
2023-02-10 00:00:00-05:00,260.7876281738281,85.76533508300781,-2.9114472451075235,11.086379620681384,-0.255,False,False,0.0,False,True,0.0,0.0,-0.015747734477420037,0.015747734477420037,1.3113849181321022
2023-02-13 00:00:00-05:00,268.93536376953125,85.35039520263672,-2.9257169162755527,19.22426871437321,1.009,False,True,0.0,False,False,0.0,0.0,0.01569062885753272,0.0,1.3113849181321022
2023-02-14 00:00:00-05:00,269.7779235839844,85.02436065673828,-2.9416029273684923,19.670015378488586,1.021,False,False,0.0,False,False,0.0,0.0,0.0008573933676574478,0.0,1.3113849181321022
2023-02-15 00:00:00-05:00,267.6216125488281,84.97496795654297,-2.954656817767768,16.549744136430803,0.469,False,False,0.0,False,False,0.0,0.0,-0.006015636125357504,-0.0,1.3113849181321022
2023-02-16 00:00:00-05:00,260.4967956542969,84.59954833984375,-2.960675408998416,10.024993272148691,-0.66,False,False,0.0,False,True,0.0,0.0,-0.012769377392965997,-0.0,1.3113849181321022
2023-02-17 00:00:00-05:00,256.4325866699219,83.53253936767578,-2.9642069830016484,8.824850168397234,-0.846,False,False,0.0,False,False,0.0,0.0,-0.0023810458183188567,-0.0,1.3113849181321022
2023-02-21 00:00:00-05:00,251.0765838623047,79.40284729003906,-2.973409160337247,14.97943037324302,0.18,False,False,0.0,False,False,0.0,0.0,0.012633234784589572,0.0,1.3113849181321022
2023-02-22 00:00:00-05:00,249.9239044189453,76.86376953125,-2.988886192272755,20.18684498095689,1.075,False,True,0.0,False,False,0.0,0.0,0.010856448617042483,0.0,1.3113849181321022
2023-02-23 00:00:00-05:00,253.16334533691406,78.26667785644531,-3.0035237487861863,18.08751965648264,0.67,False,False,0.0,False,False,0.0,0.0,-0.004299788810676291,-0.0,1.3113849181321022
2023-02-24 00:00:00-05:00,247.6483612060547,78.5958480834961,-3.0109265215052634,11.002037731257673,-0.65,False,False,0.0,False,True,0.0,0.0,-0.014630517635960167,-0.0,1.3113849181321022
2023-02-27 00:00:00-05:00,248.58242797851562,77.7035140991211,-3.0199416488044295,13.922349492117633,-0.183,False,False,0.0,False,False,0.0,0.0,0.00604315994928313,0.0,1.3113849181321022
2023-02-28 00:00:00-05:00,247.84707641601562,74.25310516357422,-3.037761926999021,22.28382058865546,1.467,False,True,0.0,False,False,0.0,0.0,0.017662206603972625,0.0,1.3113849181321022
2023-03-01 00:00:00-05:00,244.71694946289062,73.71769714355469,-3.054594544316661,19.539273948600567,0.836,False,False,0.0,False,False,0.0,0.0,-0.005840770449732586,-0.0,1.3113849181321022
2023-03-02 00:00:00-05:00,249.52642822265625,75.53214263916016,-3.069457322302211,17.683739929711066,0.394,False,False,0.0,False,False,0.0,0.0,-0.0038547010084918096,-0.0,1.3113849181321022
2023-03-03 00:00:00-05:00,253.6800537109375,78.30833435058594,-3.07876170951163,12.587352376719252,-0.73,False,False,0.0,False,True,0.0,0.0,-0.01030046117338593,-0.0,1.3113849181321022
2023-03-06 00:00:00-05:00,255.25010681152344,78.1298599243164,-3.0883935679513788,13.95434995632246,-0.453,False,False,0.0,False,False,0.0,0.0,0.002753013728699027,0.0,1.3113849181321022
2023-03-07 00:00:00-05:00,252.54725646972656,77.23750305175781,-3.0974355080612717,13.309071963221072,-0.577,False,False,0.0,False,False,0.0,0.0,-0.001312112842991979,-0.0,1.3113849181321022
2023-03-08 00:00:00-05:00,252.10008239746094,77.40605926513672,-3.1047905272528364,11.770482839092807,-0.891,False,False,0.0,False,False,0.0,0.0,-0.003124484937661163,-0.0,1.3113849181321022
2023-03-09 00:00:00-05:00,250.7288055419922,77.97120666503906,-3.1083033433189566,8.37064318243796,-1.559,True,False,1.0,False,False,0.0,1.0,-0.006895010166510194,-0.0,1.3113849181321022
2023-03-10 00:00:00-05:00,247.02230834960938,76.89049530029297,-3.110518913476573,7.852968451466552,-1.565,False,False,1.0,False,False,0.0,1.0,-0.001064754470458555,-0.001064754470458555,1.3103201636616437
2023-03-13 00:00:00-04:00,252.31869506835938,76.4443130493164,-3.1187664120560736,13.906739137451552,-0.328,False,False,1.0,False,False,0.0,1.0,0.012336239184688793,0.012336239184688793,1.3226564028463326
2023-03-14 00:00:00-04:00,259.1453857421875,77.26725769042969,-3.131638853349782,17.172239467048144,0.317,False,True,0.0,False,False,0.0,0.0,0.0065164230036571106,0.0065164230036571106,1.3291728258499897
2023-03-15 00:00:00-04:00,263.76605224609375,76.67234802246094,-3.1506836471022583,22.195739146792903,1.271,False,False,0.0,False,False,0.0,0.0,0.009940902781281583,0.0,1.3291728258499897
2023-03-16 00:00:00-04:00,274.4582214355469,77.76300048828125,-3.176486186864521,27.44512453538249,2.105,False,False,0.0,True,False,-1.0,-1.0,0.010066489189363535,0.0,1.3291728258499897
2023-03-17 00:00:00-04:00,277.6678466796875,76.11711120605469,-3.2098038166333587,33.34685261938736,2.77,False,False,0.0,False,False,-1.0,-1.0,0.011306234201555725,-0.011306234201555725,1.317866591648434
2023-03-20 00:00:00-04:00,270.5132141113281,76.34516143798828,-3.234498080339173,23.574935996970765,1.046,False,False,0.0,False,False,-1.0,-1.0,-0.018884700825550223,0.018884700825550223,1.3367512924739842
2023-03-21 00:00:00-04:00,272.053466796875,75.8692398071289,-3.2587778272604515,24.812470342297303,1.18,False,False,0.0,False,False,-1.0,-1.0,0.0023831071442163604,-0.0023831071442163604,1.3343681853297678
2023-03-22 00:00:00-04:00,270.5728454589844,73.78709411621094,-3.2864239205027364,28.077174331082034,1.598,False,False,0.0,True,False,-1.0,-1.0,0.006363095538394554,-0.006363095538394554,1.3280050897913733
2023-03-23 00:00:00-04:00,275.90899658203125,72.7757797241211,-3.3212850577499045,34.19988681820939,2.359,False,False,0.0,False,False,-1.0,-1.0,0.011828628890806981,-0.011828628890806981,1.3161764609005662
2023-03-24 00:00:00-04:00,278.8006591796875,72.81544494628906,-3.357882563318634,34.29494625425551,2.169,False,False,0.0,False,False,-1.0,-1.0,0.0001816515928589128,-0.0001816515928589128,1.3159948093077074
2023-03-27 00:00:00-04:00,274.6370849609375,74.62987518310547,-3.382228162398839,22.221819360328,0.483,False,False,0.0,False,False,-1.0,-1.0,-0.02290688369203594,0.02290688369203594,1.3389016929997433
2023-03-28 00:00:00-04:00,273.4943542480469,74.86783599853516,-3.4005493117414436,18.902586071656884,0.035,False,False,0.0,False,False,-1.0,-1.0,-0.006285401467155689,0.006285401467155689,1.3451870944668989
2023-03-29 00:00:00-04:00,278.74102783203125,75.23468017578125,-3.4203094879015747,21.415137407566135,0.396,False,True,0.0,False,False,-1.0,-1.0,0.004687010614423048,-0.004687010614423048,1.3405000838524759
2023-03-30 00:00:00-04:00,282.2586975097656,76.16668701171875,-3.439214140178585,20.30515052850592,0.236,False,False,0.0,False,False,-1.0,-1.0,-0.002039621288011135,0.002039621288011135,1.342539705140487
2023-03-31 00:00:00-04:00,286.48187255859375,77.83240509033203,-3.4550377331497524,17.567976109699714,-0.175,False,False,0.0,False,False,-1.0,-1.0,-0.004928331419768707,0.004928331419768707,1.3474680365602558
2023-04-03 00:00:00-04:00,285.4186706542969,75.96839904785156,-3.4743300528656635,21.47937877425494,0.37,False,True,0.0,False,False,-1.0,-1.0,0.007119952619801583,-0.007119952619801583,1.3403480839404542
2023-04-04 00:00:00-04:00,285.3689270019531,75.37349700927734,-3.494847812449364,21.950025862421512,0.426,False,False,0.0,False,False,-1.0,-1.0,0.0008576121116979899,-0.0008576121116979899,1.3394904718287561
2023-04-05 00:00:00-04:00,282.5468444824219,75.84941864013672,-3.5096844974311328,16.33931574197004,-0.366,False,False,0.0,False,True,0.0,0.0,-0.010224447210323574,0.010224447210323574,1.3497149190390798
2023-04-06 00:00:00-04:00,289.7611083984375,76.30550384521484,-3.5278338212345055,20.567971186948967,0.192,False,False,0.0,False,False,0.0,0.0,0.007565298015340512,0.0,1.3497149190390798
2023-04-10 00:00:00-04:00,287.5650329589844,76.67234802246094,-3.54182518682497,16.004979600022523,-0.515,False,False,0.0,False,True,0.0,0.0,-0.008160949488021542,-0.0,1.3497149190390798
2023-04-11 00:00:00-04:00,281.04638671875,76.76158905029297,-3.547242756593288,8.754395975507634,-1.525,True,False,1.0,False,False,0.0,1.0,-0.013103344932934666,-0.0,1.3497149190390798
2023-04-12 00:00:00-04:00,281.7022399902344,76.15676879882812,-3.553349893640741,11.09059367889597,-1.125,False,False,1.0,False,False,0.0,1.0,0.004229836984603231,0.004229836984603231,1.353944756023683
2023-04-13 00:00:00-04:00,288.0121765136719,76.48397064208984,-3.564185750495411,15.409098209825913,-0.498,False,False,1.0,False,False,0.0,1.0,0.0077031520170381925,0.0077031520170381925,1.3616479080407211
2023-04-14 00:00:00-04:00,284.33551025390625,75.7800064086914,-3.5739746480725154,13.499688518470407,-0.787,False,False,1.0,False,False,0.0,1.0,-0.0034393160837637815,-0.0034393160837637815,1.3582085919569573
2023-04-17 00:00:00-04:00,286.9787292480469,74.40182495117188,-3.5902878831475156,19.85475864179199,0.099,False,False,1.0,False,False,0.0,1.0,0.011469119578360856,0.011469119578360856,1.3696777115353183
2023-04-18 00:00:00-04:00,286.55145263671875,73.84659576416016,-3.6082438479628984,20.09492777768486,0.143,False,False,1.0,False,False,0.0,1.0,0.00043429596979858173,0.00043429596979858173,1.3701120075051167
2023-04-19 00:00:00-04:00,286.6309509277344,74.11430358886719,-3.62436909727881,18.013359333904134,-0.151,False,False,1.0,False,False,0.0,1.0,-0.0037488949260949776,-0.0037488949260949776,1.3663631125790219
2023-04-20 00:00:00-04:00,284.3056640625,75.81966400146484,-3.6305739559509576,9.03676658982937,-1.372,False,False,1.0,False,True,0.0,1.0,-0.016041817053741393,-0.016041817053741393,1.3503212955252804
2023-04-21 00:00:00-04:00,283.9579162597656,75.89898681640625,-3.633754417850264,8.15963760529047,-1.446,False,False,1.0,False,False,0.0,1.0,-0.001566983970000158,-0.001566983970000158,1.3487543115552802
2023-04-24 00:00:00-04:00,279.9930725097656,76.6326904296875,-3.629570535487385,1.849317271045777,-2.114,True,False,1.0,False,False,0.0,1.0,-0.011306045436385945,-0.011306045436385945,1.3374482661188942
2023-04-25 00:00:00-04:00,273.6831359863281,76.27574920654297,-3.6193345394378236,-2.384317638409982,-2.374,False,False,1.0,False,False,0.0,1.0,-0.007701010220745632,-0.007701010220745632,1.3297472558981487
2023-04-26 00:00:00-04:00,293.5072937011719,75.21485137939453,-3.632014939359746,20.32582982948793,0.262,False,True,0.0,False,False,0.0,0.0,0.0400751685372516,0.0400751685372516,1.3698224244354003
2023-04-27 00:00:00-04:00,302.9076232910156,76.09728240966797,-3.654306962370353,24.82479436390298,0.745,False,False,0.0,False,False,0.0,0.0,0.00774361182225754,0.0,1.3698224244354003
2023-04-28 00:00:00-04:00,305.32232666015625,76.74176025390625,-3.6768344054576176,23.155582223213855,0.503,False,False,0.0,False,False,0.0,0.0,-0.002841265008678337,-0.0,1.3698224244354003
2023-05-01 00:00:00-04:00,303.633056640625,76.39473724365234,-3.69728357039708,21.180049764867306,0.236,False,False,0.0,False,False,0.0,0.0,-0.0033707207547195466,-0.0,1.3698224244354003
2023-05-02 00:00:00-04:00,303.4840087890625,76.1369400024414,-3.7165790714180567,20.51505101417655,0.143,False,False,0.0,False,False,0.0,0.0,-0.0011339336461831048,-0.0,1.3698224244354003
2023-05-03 00:00:00-04:00,302.4803466796875,75.85932922363281,-3.7342334765470584,19.203899984393274,-0.008,False,False,0.0,False,False,0.0,0.0,-0.002238388089754378,-0.0,1.3698224244354003
2023-05-04 00:00:00-04:00,303.4840087890625,77.921630859375,-3.7436484460283643,11.77281651036742,-0.871,False,False,0.0,False,True,0.0,0.0,-0.012485119941650693,-0.0,1.3698224244354003
2023-05-05 00:00:00-04:00,308.69097900390625,78.81398010253906,-3.752560820421675,12.936725169624708,-0.683,False,False,0.0,False,False,0.0,0.0,0.001925581667328445,0.0,1.3698224244354003
2023-05-08 00:00:00-04:00,306.70355224609375,78.04061889648438,-3.7615670693162158,13.14853013602135,-0.617,False,False,0.0,False,False,0.0,0.0,0.00035285621138160745,0.0,1.3698224244354003
2023-05-09 00:00:00-04:00,305.06396484375,78.27857208251953,-3.7674103241716854,10.156464218648466,-0.948,False,False,0.0,False,False,0.0,0.0,-0.004987013699117698,-0.0,1.3698224244354003
2023-05-10 00:00:00-04:00,310.3404846191406,78.77928924560547,-3.775502686640626,12.909066420718204,-0.547,False,False,0.0,False,False,0.0,0.0,0.004529005354326154,0.0,1.3698224244354003
2023-05-11 00:00:00-04:00,308.15435791015625,78.72654724121094,-3.781449069001363,10.453929139187323,-0.844,False,False,0.0,False,False,0.0,0.0,-0.004052352701511417,-0.0,1.3698224244354003
2023-05-12 00:00:00-04:00,307.02154541015625,79.45291137695312,-3.782744091650511,6.471514334555138,-1.413,False,False,0.0,False,False,0.0,0.0,-0.0065546430392066585,-0.0,1.3698224244354003
2023-05-15 00:00:00-04:00,307.5084533691406,79.8708267211914,-3.7819939715102273,5.43746821005675,-1.472,False,False,0.0,False,False,0.0,0.0,-0.0016963271054466686,-0.0,1.3698224244354003
2023-05-16 00:00:00-04:00,309.7740783691406,78.60713958740234,-3.787753799605658,12.02958672082508,-0.429,False,False,0.0,False,False,0.0,0.0,0.010850892196725633,0.0,1.3698224244354003
2023-05-17 00:00:00-04:00,312.7019348144531,79.99022674560547,-3.7920484184424534,9.375121992926665,-0.788,False,False,0.0,False,False,0.0,0.0,-0.004308994893639243,-0.0,1.3698224244354003
2023-05-18 00:00:00-04:00,317.2032470703125,80.99520874023438,-3.7963916877875885,9.7137098582661,-0.691,False,False,0.0,False,False,0.0,0.0,0.0005420070054569316,0.0,1.3698224244354003
2023-05-19 00:00:00-04:00,317.0239562988281,81.89073181152344,-3.7969413772203477,6.0896482728001615,-1.183,False,False,0.0,False,False,0.0,0.0,-0.005771182244670856,-0.0,1.3698224244354003
2023-05-22 00:00:00-04:00,319.85223388671875,83.11461639404297,-3.794997158265556,4.432500860993855,-1.35,False,False,0.0,False,False,0.0,0.0,-0.0026085637303663724,-0.0,1.3698224244354003
2023-05-23 00:00:00-04:00,313.9566955566406,83.62207794189453,-3.785275438155834,-2.575902164365459,-2.187,True,False,1.0,False,False,0.0,1.0,-0.0111158160813891,-0.0,1.3698224244354003
2023-05-24 00:00:00-04:00,312.55255126953125,82.89570617675781,-3.7762280541164115,-0.48053996093267415,-1.734,False,False,1.0,False,False,0.0,1.0,0.0033494410054859935,0.0033494410054859935,1.3731718654408862
2023-05-25 00:00:00-04:00,324.5726318359375,82.33849334716797,-3.7814832803487803,13.210995914512523,0.189,False,False,1.0,False,False,0.0,1.0,0.021529797291359575,0.021529797291359575,1.394701662732246
2023-05-26 00:00:00-04:00,331.51385498046875,83.43302154541016,-3.7915545904326797,15.172999146300185,0.47,False,True,0.0,False,False,0.0,0.0,0.0030284617816864587,0.0030284617816864587,1.3977301245139322
2023-05-30 00:00:00-04:00,329.84075927734375,83.28376007080078,-3.8006179908530764,13.311002406367209,0.188,False,False,0.0,False,False,0.0,0.0,-0.0028806956589364466,-0.0,1.3977301245139322
2023-05-31 00:00:00-04:00,327.0324401855469,83.60218048095703,-3.804966647341631,8.928931810469862,-0.422,False,False,0.0,False,True,0.0,0.0,-0.00679247623028026,-0.0,1.3977301245139322
2023-06-01 00:00:00-04:00,331.205078125,88.43800354003906,-3.7947429475227894,-4.394412101558714,-2.074,True,False,1.0,False,False,0.0,1.0,-0.019980882771943043,-0.0,1.3977301245139322
2023-06-02 00:00:00-04:00,334.0134582519531,87.10467529296875,-3.790216182005734,3.8679084281878886,-0.936,False,False,1.0,False,False,0.0,1.0,0.012440274737348206,0.012440274737348206,1.4101703992512804
2023-06-05 00:00:00-04:00,334.5512390136719,87.07482147216797,-3.7876762185422383,4.740008489730201,-0.773,False,False,1.0,False,False,0.0,1.0,0.0013126871271781516,0.0013126871271781516,1.4114830863784587
2023-06-06 00:00:00-04:00,332.300537109375,89.10467529296875,-3.776483786440308,-4.201824430549777,-1.805,True,False,1.0,False,False,0.0,1.0,-0.013369907544268596,-0.013369907544268596,1.39811317883419
2023-06-07 00:00:00-04:00,322.04315185546875,90.35841369628906,-3.750978383143881,-16.88930465448351,-2.886,False,False,1.0,False,False,0.0,1.0,-0.01919508082198314,-0.01919508082198314,1.3789180980122069
2023-06-08 00:00:00-04:00,323.9153747558594,91.84100341796875,-3.7219620048425472,-17.913350452434827,-2.589,False,False,1.0,False,False,0.0,1.0,-0.001538197331386723,-0.001538197331386723,1.3773799006808203
2023-06-09 00:00:00-04:00,325.4390563964844,92.8260726928711,-3.6930469214730004,-17.371985594352168,-2.256,False,False,1.0,False,False,0.0,1.0,0.0008101231251430079,0.0008101231251430079,1.3781900238059632
2023-06-12 00:00:00-04:00,330.4781494140625,93.2837905883789,-3.6698142757846544,-11.856036986476568,-1.648,False,False,1.0,False,False,0.0,1.0,0.008198346424783093,0.008198346424783093,1.3863883702307462
2023-06-13 00:00:00-04:00,332.9080505371094,93.78130340576172,-3.650159565129017,-9.408671119698226,-1.386,False,False,1.0,False,False,0.0,1.0,0.0036245202598631627,0.0036245202598631627,1.3900128904906095
2023-06-14 00:00:00-04:00,335.9454345703125,92.73651885986328,-3.6389782904023873,-1.5207442882215219,-0.663,False,False,1.0,False,False,0.0,1.0,0.011713381049835655,0.011713381049835655,1.4017262715404453
2023-06-15 00:00:00-04:00,346.66094970703125,92.99523162841797,-3.638847241154363,8.265507655451586,0.244,False,True,0.0,False,False,0.0,0.0,0.014285323166682354,0.014285323166682354,1.4160115947071275
2023-06-16 00:00:00-04:00,340.914794921875,92.42806243896484,-3.637207437876466,4.734758750361664,-0.029,False,False,0.0,False,False,0.0,0.0,-0.005214555986771287,-0.0,1.4160115947071275
2023-06-20 00:00:00-04:00,336.6524963378906,91.53253936767578,-3.634578008358431,3.9703417029338652,-0.056,False,False,0.0,False,False,0.0,0.0,-0.0011420550935421513,-0.0,1.4160115947071275
2023-06-21 00:00:00-04:00,332.1810302734375,90.0499496459961,-3.6328224387480748,5.045552591328658,0.099,False,False,0.0,False,False,0.0,0.0,0.0016307962494809664,0.0,1.4160115947071275
2023-06-22 00:00:00-04:00,338.3056335449219,88.80616760253906,-3.6407674394253733,14.983030117445196,1.153,False,True,0.0,False,False,0.0,0.0,0.015019730070152832,0.0,1.4160115947071275
2023-06-23 00:00:00-04:00,333.635009765625,89.91065216064453,-3.6419104751156652,6.1884638372927725,0.253,False,False,0.0,False,False,0.0,0.0,-0.01330330003069062,-0.0,1.4160115947071275
2023-06-26 00:00:00-04:00,327.2415771484375,90.1792984008789,-3.6353813399976374,-0.5945615121964352,-0.426,False,False,0.0,False,True,0.0,0.0,-0.010354535325799703,-0.0,1.4160115947071275
2023-06-27 00:00:00-04:00,333.1868896484375,90.3982162475586,-3.6327298423877052,4.794591787314289,0.179,False,False,0.0,False,False,0.0,0.0,0.008145893040858157,0.0,1.4160115947071275
2023-06-28 00:00:00-04:00,334.46160888671875,90.09970092773438,-3.6329780197129518,7.1313758335491,0.445,False,True,0.0,False,False,0.0,0.0,0.0035309955459485176,0.0,1.4160115947071275
2023-06-29 00:00:00-04:00,333.6648864746094,90.41812133789062,-3.631934721075787,5.272172173080946,0.271,False,False,0.0,False,False,0.0,0.0,-0.002808220399990254,-0.0,1.4160115947071275
2023-06-30 00:00:00-04:00,339.1322021484375,91.09473419189453,-3.6334259368055735,8.146232229198404,0.601,False,False,0.0,False,False,0.0,0.0,0.00428888541740247,0.0,1.4160115947071275
2023-07-03 00:00:00-04:00,336.5927429199219,91.14447784423828,-3.632795606425793,5.483484257399994,0.307,False,False,0.0,False,False,0.0,0.0,-0.003987928694968321,-0.0,1.4160115947071275
2023-07-05 00:00:00-04:00,336.7520751953125,91.68180084228516,-3.630314834499919,3.9182735438974987,0.137,False,False,0.0,False,False,0.0,0.0,-0.0023375802382115977,-0.0,1.4160115947071275
2023-07-06 00:00:00-04:00,339.85919189453125,90.5474624633789,-3.6340919644824576,10.80138615208898,0.916,False,True,0.0,False,False,0.0,0.0,0.010289935272248831,0.0,1.4160115947071275
2023-07-07 00:00:00-04:00,335.825927734375,90.8758316040039,-3.6339446902546495,5.588182004529358,0.345,False,False,0.0,False,False,0.0,0.0,-0.007826885559522507,-0.0,1.4160115947071275
2023-07-10 00:00:00-04:00,330.45819091796875,93.13453674316406,-3.621325608195717,-6.8122919974962315,-1.0,False,False,0.0,False,True,0.0,0.0,-0.01857112699808802,-0.0,1.4160115947071275
2023-07-11 00:00:00-04:00,331.0955810546875,93.89075469970703,-3.606029839029388,-7.477282001444792,-1.017,False,False,0.0,False,False,0.0,0.0,-0.0009930137962996424,-0.0,1.4160115947071275
2023-07-12 00:00:00-04:00,335.8059997558594,95.5822982788086,-3.590428858640501,-7.375442359559315,-0.954,False,False,0.0,False,False,0.0,0.0,0.0001499875190692894,0.0,1.4160115947071275
2023-07-13 00:00:00-04:00,341.2434387207031,94.79622650146484,-3.5832932577499528,1.56075943786675,0.014,False,False,0.0,False,False,0.0,0.0,0.01312359969922554,0.0,1.4160115947071275
2023-07-14 00:00:00-04:00,343.8127746582031,94.52758026123047,-3.58108905175939,5.301091895403658,0.406,False,True,0.0,False,False,0.0,0.0,0.005481750532106571,0.0,1.4160115947071275
2023-07-17 00:00:00-04:00,344.3007507324219,95.70170593261719,-3.576600751969193,2.0139573290886688,0.083,False,False,0.0,False,False,0.0,0.0,-0.004787640839672797,-0.0,1.4160115947071275
2023-07-18 00:00:00-04:00,358.00384521484375,94.89573669433594,-3.586435846335832,17.666373469830774,1.814,False,True,0.0,True,False,-1.0,-1.0,0.02241370481827279,0.0,1.4160115947071275
2023-07-19 00:00:00-04:00,353.6120910644531,94.25891876220703,-3.5957593707229334,14.679700651035489,1.468,False,False,0.0,False,False,-1.0,-1.0,-0.004312607924362934,0.004312607924362934,1.4203242026314904
2023-07-20 00:00:00-04:00,345.43603515625,96.40817260742188,-3.5905891940740498,-0.7261076283847956,-0.205,False,False,0.0,False,True,0.0,0.0,-0.022275663486113338,0.022275663486113338,1.4425998661176038
2023-07-21 00:00:00-04:00,342.3488464355469,96.11961364746094,-3.581977052469333,-1.9494039418763123,-0.351,False,False,0.0,False,False,0.0,0.0,-0.0017815502594700694,-0.0,1.4425998661176038
2023-07-24 00:00:00-04:00,343.68328857421875,96.06986999511719,-3.574881020412609,0.24493369516756047,-0.093,False,False,0.0,False,False,0.0,0.0,0.0031935213480043818,0.0,1.4425998661176038
2023-07-25 00:00:00-04:00,349.529052734375,97.03504180908203,-3.5706455777225834,3.051309814650267,0.228,False,True,0.0,False,False,0.0,0.0,0.004032110227954462,0.0,1.4425998661176038
2023-07-26 00:00:00-04:00,336.3736572265625,96.8559341430664,-3.556550845921879,-8.099397282514133,-1.002,False,False,0.0,False,True,0.0,0.0,-0.016377705737519996,-0.0,1.4425998661176038
2023-07-27 00:00:00-04:00,329.352783203125,94.94548797607422,-3.5420158032653792,-6.945635656872923,-0.954,False,False,0.0,False,False,0.0,0.0,0.0017332825691071154,0.0,1.4425998661176038
2023-07-28 00:00:00-04:00,336.9711608886719,95.2638931274414,-3.534105185065707,0.2985422374358109,-0.183,False,False,0.0,False,False,0.0,0.0,0.010753721943749614,0.0,1.4425998661176038
2023-07-31 00:00:00-04:00,334.53131103515625,96.16937255859375,-3.523017703928672,-4.275091064481728,-0.891,False,False,0.0,False,True,0.0,0.0,-0.006792480523071417,-0.0,1.4425998661176038
2023-08-01 00:00:00-04:00,334.9495544433594,95.82111358642578,-3.5137832792262684,-1.7450722734645296,-0.614,False,False,0.0,False,False,0.0,0.0,0.0037669034616616497,0.0,1.4425998661176038
2023-08-02 00:00:00-04:00,326.1461181640625,95.07483673095703,-3.500338098363617,-6.6479550410069805,-1.376,False,False,0.0,False,False,0.0,0.0,-0.0074405580836636245,-0.0,1.4425998661176038
2023-08-03 00:00:00-04:00,325.3095703125,100.63703918457031,-3.4703113996671506,-23.932293998464104,-3.211,True,False,1.0,False,False,0.0,1.0,-0.02562345592979915,-0.0,1.4425998661176038
2023-08-04 00:00:00-04:00,326.4249572753906,103.4231185913086,-3.4334998672563746,-28.67830667910772,-3.099,False,False,1.0,False,False,0.0,1.0,-0.006963780123556645,-0.006963780123556645,1.4356360859940471
2023-08-07 00:00:00-04:00,328.74530029296875,103.23405456542969,-3.401614307908483,-22.41713678020193,-2.18,False,False,1.0,False,False,0.0,1.0,0.00920885225274921,0.00920885225274921,1.4448449382467963
2023-08-08 00:00:00-04:00,324.70208740234375,104.28878784179688,-3.3670082431951096,-26.439120933812262,-2.28,False,False,1.0,False,False,0.0,1.0,-0.005951060222052623,-0.005951060222052623,1.4388938780247438
2023-08-09 00:00:00-04:00,320.8979187011719,104.58729553222656,-3.331244645222984,-27.507949498911557,-2.131,False,False,1.0,False,False,0.0,1.0,-0.0015969259191670811,-0.0015969259191670811,1.4372969521055765
2023-08-10 00:00:00-04:00,321.594970703125,105.19426727294922,-3.297511239313586,-25.284307940782355,-1.807,False,False,1.0,False,False,0.0,1.0,0.0033264431057759697,0.0033264431057759697,1.4406233952113525
2023-08-11 00:00:00-04:00,319.6829528808594,106.31366729736328,-3.2625756698817256,-27.173431419418534,-1.799,False,False,1.0,False,False,0.0,1.0,-0.00283422653886487,-0.00283422653886487,1.4377891686724877
2023-08-14 00:00:00-04:00,322.700439453125,106.75265502929688,-3.231987951518712,-22.322855394195926,-1.335,False,False,1.0,False,False,0.0,1.0,0.007264345680784301,0.007264345680784301,1.4450535143532721
2023-08-15 00:00:00-04:00,320.5293884277344,105.9944076538086,-3.204986005159844,-19.18120472792964,-1.034,False,False,1.0,False,False,0.0,1.0,0.004758346591995123,0.004758346591995123,1.449811860945267
2023-08-16 00:00:00-04:00,319.7510070800781,104.85704803466797,-3.1831632544499846,-14.026095193973902,-0.605,False,False,1.0,False,False,0.0,1.0,0.007888122117731764,0.007888122117731764,1.4576999830629989
2023-08-17 00:00:00-04:00,316.2381591796875,104.57769012451172,-3.1618030072671846,-14.4158959490494,-0.595,False,False,1.0,False,False,0.0,1.0,-0.0006025745038409901,-0.0006025745038409901,1.457097408559158
2023-08-18 00:00:00-04:00,315.8389587402344,104.5278091430664,-3.1421534480354683,-12.60345717424508,-0.417,False,False,1.0,False,False,0.0,1.0,0.002813116824579402,0.002813116824579402,1.4599105253837372
2023-08-21 00:00:00-04:00,321.22802734375,105.86470794677734,-3.1253776584853585,-9.639165695185284,-0.155,False,False,1.0,False,False,0.0,1.0,0.004545795439690827,0.004545795439690827,1.464456320823428
2023-08-22 00:00:00-04:00,321.80682373046875,106.01436614990234,-3.1105266959351416,-7.953692331445325,0.005,False,False,1.0,False,False,0.0,1.0,0.0025867984179149045,0.0025867984179149045,1.4670431192413431
2023-08-23 00:00:00-04:00,326.337646484375,108.1893310546875,-3.095457537595001,-8.557833816218363,0.002,False,False,1.0,False,False,0.0,1.0,-0.0009136588296936664,-0.0009136588296936664,1.4661294604116493
2023-08-24 00:00:00-04:00,319.3218994140625,106.67283630371094,-3.079861083772312,-9.215617813351116,-0.017,False,False,1.0,False,False,0.0,1.0,-0.0010153190340934251,-0.0010153190340934251,1.465114141377556
2023-08-25 00:00:00-04:00,322.3258056640625,105.6252670288086,-3.0704743831094725,-1.9938709569918842,0.579,False,True,0.0,False,False,0.0,0.0,0.011168015634840609,0.011168015634840609,1.4762821570123965
2023-08-28 00:00:00-04:00,323.0443420410156,105.12642669677734,-3.0644380971845804,0.8909150505289745,0.793,False,False,0.0,False,False,0.0,0.0,0.004471165503022697,0.0,1.4762821570123965
2023-08-29 00:00:00-04:00,327.7447814941406,105.29602813720703,-3.062628861000619,5.262126772397153,1.105,False,False,0.0,False,False,0.0,0.0,0.006722588864147648,0.0,1.4762821570123965
2023-08-30 00:00:00-04:00,328.1240234375,105.49556732177734,-3.0613155156947145,5.168806358326719,1.079,False,False,0.0,False,False,0.0,0.0,-0.00014333188383702358,-0.0,1.4762821570123965
2023-08-31 00:00:00-04:00,327.09613037109375,103.91921997070312,-3.0631685525383276,8.77404375252297,1.349,False,False,0.0,False,False,0.0,0.0,0.005585893455272559,0.0,1.4762821570123965
2023-09-01 00:00:00-04:00,327.9942932128906,107.04198455810547,-3.058436437377427,0.6131873111889945,0.7,False,False,0.0,False,False,0.0,0.0,-0.012452186109456104,-0.0,1.4762821570123965
2023-09-05 00:00:00-04:00,332.8743591308594,105.80485534667969,-3.0601058439259905,9.100302968740777,1.456,False,False,0.0,False,False,0.0,0.0,0.012924900844792373,0.0,1.4762821570123965
2023-09-06 00:00:00-04:00,332.20574951171875,106.39348602294922,-3.0604846444767397,6.590119266132035,1.31,False,False,0.0,False,False,0.0,0.0,-0.003815904711906508,-0.0,1.4762821570123965
2023-09-07 00:00:00-04:00,329.24176025390625,108.28909301757812,-3.053805421371493,-1.4520590785757008,0.618,False,False,0.0,False,False,0.0,0.0,-0.012186308169273335,-0.0,1.4762821570123965
2023-09-08 00:00:00-04:00,333.5928955078125,108.38886260986328,-3.050006989114548,3.0061070055530195,0.981,False,False,0.0,False,False,0.0,0.0,0.006712289146232173,0.0,1.4762821570123965
2023-09-11 00:00:00-04:00,337.2554931640625,109.72576904296875,-3.0465693382399404,2.968329582956642,0.965,False,False,0.0,False,False,0.0,0.0,-5.6254687944139176e-05,-0.0,1.4762821570123965
2023-09-12 00:00:00-04:00,331.09796142578125,108.24918365478516,-3.042186103651759,1.7837991795467474,0.87,False,False,0.0,False,False,0.0,0.0,-0.0017936230437801209,-0.0,1.4762821570123965
2023-09-13 00:00:00-04:00,335.3793029785156,109.01740264892578,-3.0395758784747686,4.012635552869483,1.013,False,False,0.0,False,False,0.0,0.0,0.0033428569084139807,0.0,1.4762821570123965
2023-09-14 00:00:00-04:00,338.0139465332031,112.20002746582031,-3.0319669103755515,-2.1728240863920973,0.48,False,False,0.0,False,False,0.0,0.0,-0.009120396783461375,-0.0,1.4762821570123965
2023-09-15 00:00:00-04:00,329.5511169433594,109.6758804321289,-3.0238145126177636,-2.088401991442595,0.495,False,False,0.0,False,False,0.0,0.0,0.00012768192767487871,0.0,1.4762821570123965
2023-09-18 00:00:00-04:00,328.3934631347656,110.4840087890625,-3.0135334874623423,-4.5537971801579715,0.289,False,False,0.0,False,False,0.0,0.0,-0.003727874454570661,-0.0,1.4762821570123965
2023-09-19 00:00:00-04:00,327.9842834472656,110.28446960449219,-3.004044037713136,-3.315119920464724,0.398,False,False,0.0,False,False,0.0,0.0,0.0018788228564812605,0.0,1.4762821570123965
2023-09-20 00:00:00-04:00,320.1202697753906,109.87541198730469,-2.990377310519775,-8.448669215457812,-0.03,False,False,0.0,False,False,0.0,0.0,-0.007913726982998122,-0.0,1.4762821570123965
2023-09-21 00:00:00-04:00,318.8827819824219,109.68585968017578,-2.9768753556607876,-7.638350563960671,-0.002,False,False,0.0,False,False,0.0,0.0,0.0012555217488706084,0.0,1.4762821570123965
2023-09-22 00:00:00-04:00,316.3678894042969,110.10488891601562,-2.961667510645432,-9.72618286149094,-0.244,False,False,0.0,False,True,0.0,0.0,-0.003249736828158563,-0.0,1.4762821570123965
2023-09-25 00:00:00-04:00,316.8968200683594,111.95060729980469,-2.9438090505844605,-12.66439091923246,-0.553,False,False,0.0,False,False,0.0,0.0,-0.004545087100151156,-0.0,1.4762821570123965
2023-09-26 00:00:00-04:00,311.50775146484375,108.23920440673828,-2.931398651629739,-5.784506386544535,0.038,False,False,0.0,False,False,0.0,0.0,0.010941292033645529,0.0,1.4762821570123965
2023-09-27 00:00:00-04:00,312.15643310546875,110.49398803710938,-2.9161137154815666,-10.056600887802063,-0.47,False,False,0.0,False,True,0.0,0.0,-0.006734394895762813,-0.0,1.4762821570123965
2023-09-28 00:00:00-04:00,313.0047302246094,109.06729125976562,-2.9056068958035777,-3.901943366382909,0.129,False,False,0.0,False,False,0.0,0.0,0.009770671691507983,0.0,1.4762821570123965
2023-09-29 00:00:00-04:00,315.1104431152344,108.82785034179688,-2.8986633643045554,-0.34485968655121724,0.498,False,True,0.0,False,False,0.0,0.0,0.005641098811446999,0.0,1.4762821570123965
2023-10-02 00:00:00-04:00,321.1481628417969,104.48790740966797,-2.906920822994995,17.410089041460026,2.562,False,False,0.0,True,False,-1.0,-1.0,0.028413089754414495,0.0,1.4762821570123965
2023-10-03 00:00:00-04:00,312.7552185058594,104.64752960205078,-2.909529810917303,8.280111489841659,1.369,False,False,0.0,False,False,-1.0,-1.0,-0.014791848640779015,0.014791848640779015,1.4910740056531755
2023-10-04 00:00:00-04:00,318.3139343261719,105.91459655761719,-2.9127078809257365,9.81565422773042,1.481,False,False,0.0,False,False,-1.0,-1.0,0.002449765180945498,-0.002449765180945498,1.48862424047223
2023-10-05 00:00:00-04:00,318.7131042480469,107.630615234375,-2.912165930207042,5.274893515276972,0.843,False,False,0.0,False,False,-1.0,-1.0,-0.007183028184622604,0.007183028184622604,1.4958072686568529
2023-10-06 00:00:00-04:00,326.5971374511719,109.91532135009766,-2.912175201551627,6.504464344839391,0.957,False,False,0.0,False,False,-1.0,-1.0,0.0019013301423481833,-0.0019013301423481833,1.4939059385145046
2023-10-09 00:00:00-04:00,329.1519470214844,111.12252807617188,-2.9115134082517695,5.617216568876245,0.785,False,False,0.0,False,False,-1.0,-1.0,-0.0013593777942531463,0.0013593777942531463,1.4952653163087577
2023-10-10 00:00:00-04:00,327.724853515625,112.73878479003906,-2.9061540073419847,0.08858231518740922,-0.026,False,False,0.0,False,False,-1.0,-1.0,-0.008436011910355737,0.008436011910355737,1.5037013282191136
2023-10-11 00:00:00-04:00,331.7466735839844,114.80400085449219,-2.8992280467082394,-1.0963055676760405,-0.234,False,False,0.0,False,True,0.0,0.0,-0.001782886444268438,0.001782886444268438,1.5054842146633818
2023-10-12 00:00:00-04:00,330.4892272949219,115.45249938964844,-2.890381651105842,-3.2125585152264193,-0.587,False,False,0.0,False,False,0.0,0.0,-0.0031862113545574324,-0.0,1.5054842146633818
2023-10-13 00:00:00-04:00,327.0661926269531,113.42719268798828,-2.8839470146238364,-0.05182110273329954,-0.118,False,False,0.0,False,False,0.0,0.0,0.004831570957813662,0.0,1.5054842146633818
2023-10-16 00:00:00-04:00,331.96624755859375,116.55992889404297,-2.8752548439484364,-3.1732526042886207,-0.57,False,False,0.0,False,True,0.0,0.0,-0.0046790655187977075,-0.0,1.5054842146633818
2023-10-17 00:00:00-04:00,331.38739013671875,116.87918853759766,-2.8659858778281335,-3.586713624048002,-0.594,False,False,0.0,False,False,0.0,0.0,-0.0006204755580054409,-0.0,1.5054842146633818
2023-10-18 00:00:00-04:00,329.44134521484375,115.80168914794922,-2.858344945657154,-1.5598276597578433,-0.26,False,False,0.0,False,False,0.0,0.0,0.003068981643025673,0.0,1.5054842146633818
2023-10-19 00:00:00-04:00,330.6488952636719,114.02580261230469,-2.856240244243262,4.96380896026875,0.764,False,True,0.0,False,False,0.0,0.0,0.009939507633675525,0.0,1.5054842146633818
2023-10-20 00:00:00-04:00,326.0083312988281,111.84086608886719,-2.8561210888264195,6.577275069803022,0.973,False,False,0.0,False,False,0.0,0.0,0.0024997949315026034,0.0,1.5054842146633818
2023-10-23 00:00:00-04:00,328.6529541015625,111.85084533691406,-2.8581813406813414,8.96295502016011,1.339,False,False,0.0,False,False,0.0,0.0,0.003679657407618709,0.0,1.5054842146633818
2023-10-24 00:00:00-04:00,329.8605041503906,114.00584411621094,-2.8566237867577193,4.188698018629907,0.625,False,False,0.0,False,False,0.0,0.0,-0.007283023165517635,-0.0,1.5054842146633818
2023-10-25 00:00:00-04:00,339.97998046875,111.77102661132812,-2.867081862248766,19.52329734648697,2.58,False,False,0.0,True,False,-1.0,-1.0,0.023218879528095496,0.0,1.5054842146633818
2023-10-26 00:00:00-04:00,327.2258605957031,112.45943450927734,-2.867037365689659,4.800459733275886,0.547,False,False,0.0,False,False,-1.0,-1.0,-0.02266267840405011,0.02266267840405011,1.528146893067432
2023-10-27 00:00:00-04:00,329.1419677734375,110.52391815185547,-2.8713941476201654,11.784236020149535,1.423,False,False,0.0,False,False,-1.0,-1.0,0.010802443206062077,-0.010802443206062077,1.51734444986137
2023-10-30 00:00:00-04:00,336.62677001953125,112.76871490478516,-2.876652498861508,12.230364495280014,1.397,False,False,0.0,False,False,-1.0,-1.0,0.0006749059513132453,-0.0006749059513132453,1.5166695439100568
2023-10-31 00:00:00-04:00,337.4251403808594,112.65896606445312,-2.882396114384438,12.697374346111417,1.384,False,False,0.0,False,False,-1.0,-1.0,0.0007052900414791489,-0.0007052900414791489,1.5159642538685776
2023-11-01 00:00:00-04:00,345.3690185546875,114.58450317382812,-2.889482598029581,14.279090630045857,1.474,False,False,0.0,False,False,-1.0,-1.0,0.002338229529177753,-0.002338229529177753,1.5136260243393997
2023-11-02 00:00:00-04:00,347.6144714355469,116.91909790039062,-2.8927579862672643,9.395817237027757,0.836,False,False,0.0,False,False,-1.0,-1.0,-0.007120206374551273,0.007120206374551273,1.520746230713951
2023-11-03 00:00:00-04:00,352.08538818359375,116.79937744140625,-2.8988829609889004,13.497663064589801,1.248,False,False,0.0,False,False,-1.0,-1.0,0.0059389105331583165,-0.0059389105331583165,1.5148073201807928
2023-11-06 00:00:00-05:00,355.8078308105469,124.4416732788086,-2.891219664922197,-3.9803821089676035,-0.822,False,False,0.0,False,True,0.0,0.0,-0.024424457522784333,0.024424457522784333,1.539231777703577
2023-11-07 00:00:00-05:00,359.79974365234375,119.59290313720703,-2.8959714269913,13.462113296053985,1.176,False,True,0.0,False,False,0.0,0.0,0.024701277749969837,0.0,1.539231777703577
2023-11-08 00:00:00-05:00,362.4643249511719,120.89987182617188,-2.9007955484911765,11.758514944658714,0.919,False,False,0.0,False,False,0.0,0.0,-0.0023887684970099765,-0.0,1.539231777703577
2023-11-09 00:00:00-05:00,359.95941162109375,120.35114288330078,-2.9045231318145386,10.39673317622993,0.709,False,False,0.0,False,False,0.0,0.0,-0.0019192943919507737,-0.0,1.539231777703577
2023-11-10 00:00:00-05:00,368.9212341308594,121.48851013183594,-2.911888562309628,15.160231025928965,1.274,False,False,0.0,False,False,0.0,0.0,0.006591414046537369,0.0,1.539231777703577
2023-11-13 00:00:00-05:00,365.937255859375,121.43862915039062,-2.9169153502132135,11.711054381750785,0.768,False,False,0.0,False,False,0.0,0.0,-0.004789435799661999,-0.0,1.539231777703577
2023-11-14 00:00:00-05:00,369.5199890136719,126.22752380371094,-2.9137888861924357,1.719633022827793,-0.697,False,False,0.0,False,True,0.0,0.0,-0.013550990999525173,-0.0,1.539231777703577
2023-11-15 00:00:00-05:00,369.6700134277344,121.70800018310547,-2.9196353136084032,14.327038144481662,1.104,False,True,0.0,False,False,0.0,0.0,0.01738921276992401,0.0,1.539231777703577
2023-11-16 00:00:00-05:00,376.1700134277344,121.66999816894531,-2.9305876161744675,19.605423533853127,1.753,False,False,0.0,True,False,-1.0,-1.0,0.007203679702642143,0.0,1.539231777703577
2023-11-17 00:00:00-05:00,369.8500061035156,121.69000244140625,-2.936546385107074,12.501669330533105,0.757,False,False,0.0,False,False,-1.0,-1.0,-0.009768661154012655,0.009768661154012655,1.5490004388575898
2023-11-20 00:00:00-05:00,377.44000244140625,122.27999877929688,-2.9456295103106025,17.248429516364922,1.383,False,False,0.0,False,False,-1.0,-1.0,0.006435136922485561,-0.006435136922485561,1.5425653019351042
2023-11-21 00:00:00-05:00,373.07000732421875,122.51000213623047,-2.950642922836109,11.586736544313737,0.555,False,False,0.0,False,False,-1.0,-1.0,-0.007707668239755147,0.007707668239755147,1.5502729701748592
2023-11-22 00:00:00-05:00,377.8500061035156,123.25,-2.9566363336822974,13.444577977172457,0.782,False,False,0.0,False,False,-1.0,-1.0,0.0025029677752192664,-0.0025029677752192664,1.54777000239964
2023-11-24 00:00:00-05:00,377.42999267578125,123.86000061035156,-2.9606226253576002,10.727272491968222,0.375,False,False,0.0,False,False,-1.0,-1.0,-0.003651640948241644,0.003651640948241644,1.5514216433478816
2023-11-27 00:00:00-05:00,378.6099853515625,125.0999984741211,-2.962299262946445,8.026352077072204,-0.022,False,False,0.0,False,False,-1.0,-1.0,-0.0036051033374379774,0.0036051033374379774,1.5550267466853196
2023-11-28 00:00:00-05:00,382.70001220703125,124.44999694824219,-2.967812926378835,13.355702576231522,0.695,False,True,0.0,False,False,-1.0,-1.0,0.007086484591939419,-0.007086484591939419,1.5479402620933804
2023-11-29 00:00:00-05:00,378.8500061035156,120.58000183105469,-2.978574646127417,19.69346981953862,1.518,False,False,0.0,True,False,-1.0,-1.0,0.008587684362260619,-0.008587684362260619,1.5393525777311197
2023-11-30 00:00:00-05:00,378.9100036621094,121.04000091552734,-2.988023745118504,17.239606817348204,1.113,False,False,0.0,False,False,-1.0,-1.0,-0.003313432276240278,0.003313432276240278,1.54266601000736
2023-12-01 00:00:00-05:00,374.510009765625,119.87999725341797,-2.995892526023778,15.362421974359108,0.785,False,False,0.0,False,False,-1.0,-1.0,-0.002558666126051438,0.002558666126051438,1.5452246761334114
2023-12-04 00:00:00-05:00,369.1400146484375,118.91999816894531,-3.001202043751146,12.237073100916291,0.254,False,False,0.0,False,False,-1.0,-1.0,-0.004304633557520923,0.004304633557520923,1.5495293096909324
2023-12-05 00:00:00-05:00,372.5199890136719,118.30999755859375,-3.00948846103626,16.467416535855875,0.923,False,False,0.0,False,False,-1.0,-1.0,0.005806344705432622,-0.005806344705432622,1.5437229649854998
2023-12-06 00:00:00-05:00,368.79998779296875,112.62999725341797,-3.026868904049298,27.883751443440076,2.69,False,False,0.0,True,False,-1.0,-1.0,0.016085774171751242,-0.016085774171751242,1.5276371908137485
2023-12-07 00:00:00-05:00,370.95001220703125,110.52999877929688,-3.0499236081464094,33.841959521659874,3.067,False,False,0.0,False,False,-1.0,-1.0,0.008414858009032373,-0.008414858009032373,1.519222332804716
2023-12-08 00:00:00-05:00,374.2300109863281,111.20999908447266,-3.0727208282479634,32.51273049003203,2.508,False,False,0.0,False,False,-1.0,-1.0,-0.0018566018021734588,0.0018566018021734588,1.5210789346068896
2023-12-11 00:00:00-05:00,371.29998779296875,116.1500015258789,-3.080768256813564,13.468750063193966,-0.056,False,False,0.0,False,False,-1.0,-1.0,-0.026118728371816287,0.026118728371816287,1.5471976629787059
2023-12-12 00:00:00-05:00,374.3800048828125,114.48999786376953,-3.092525549015003,20.316761382432105,0.815,False,True,0.0,False,False,-1.0,-1.0,0.00940088515397398,-0.00940088515397398,1.537796777824732
2023-12-13 00:00:00-05:00,374.3699951171875,116.43000030517578,-3.099398597799848,13.507015429489797,-0.093,False,False,0.0,False,False,-1.0,-1.0,-0.00926202467285892,0.00926202467285892,1.5470588024975909
2023-12-14 00:00:00-05:00,365.92999267578125,115.5999984741211,-3.1009871692152666,7.455880646227342,-0.951,False,False,0.0,False,True,0.0,0.0,-0.008353258552729855,0.008353258552729855,1.5554120610503208
2023-12-15 00:00:00-05:00,370.7300109863281,118.75,-3.0983328155429026,2.8029891406084175,-1.51,True,False,1.0,False,False,0.0,1.0,-0.006299123001346791,-0.0,1.5554120610503208
2023-12-18 00:00:00-05:00,372.6499938964844,119.36000061035156,-3.095492747962234,3.1719776103732897,-1.382,False,False,1.0,False,False,0.0,1.0,0.0004972032650729422,0.0004972032650729422,1.5559092643153938
2023-12-19 00:00:00-05:00,373.260009765625,120.80999755859375,-3.0901071704466094,-0.05582995182294326,-1.677,True,False,1.0,False,False,0.0,1.0,-0.004323482422356895,-0.004323482422356895,1.5515857818930368
2023-12-20 00:00:00-05:00,370.6199951171875,117.01000213623047,-3.091440965718884,8.890481114390525,-0.536,False,False,1.0,False,False,0.0,1.0,0.01221590368369831,0.01221590368369831,1.5638016855767352
2023-12-21 00:00:00-05:00,373.5400085449219,118.30999755859375,-3.0925635073692264,7.65882753827259,-0.681,False,False,1.0,False,False,0.0,1.0,-0.001665699595199433,-0.001665699595199433,1.5621359859815356
2023-12-22 00:00:00-05:00,374.5799865722656,115.33000183105469,-3.1009213244040263,16.950724550792756,0.458,False,True,0.0,False,False,0.0,0.0,0.012690220767309256,0.012690220767309256,1.574826206748845
2023-12-26 00:00:00-05:00,374.6600036621094,117.56999969482422,-3.1044110444725637,9.674398110861148,-0.528,False,False,0.0,False,True,0.0,0.0,-0.009837584850493833,-0.0,1.574826206748845
2023-12-27 00:00:00-05:00,374.07000732421875,117.41999816894531,-3.1070177053237957,9.243994054217978,-0.566,False,False,0.0,False,False,0.0,0.0,-0.0005824961085824213,-0.0,1.574826206748845
2023-12-28 00:00:00-05:00,375.2799987792969,117.11000061035156,-3.110873469430965,10.96560487551011,-0.335,False,False,0.0,False,False,0.0,0.0,0.0023277770063216824,0.0,1.574826206748845
2023-12-29 00:00:00-05:00,376.0400085449219,116.88999938964844,-3.1155717201253967,11.860832081058334,-0.223,False,False,0.0,False,False,0.0,0.0,0.001209408272142526,0.0,1.574826206748845
2024-01-02 00:00:00-05:00,370.8699951171875,115.25,-3.119925405181842,11.298592169980168,-0.282,False,False,0.0,False,False,0.0,0.0,-0.0007697262402816321,-0.0,1.574826206748845
2024-01-03 00:00:00-05:00,370.6000061035156,115.8499984741211,-3.1223473038649536,8.876075715084653,-0.589,False,False,0.0,False,False,0.0,0.0,-0.0033079848058771674,-0.0,1.574826206748845
2024-01-04 00:00:00-05:00,367.94000244140625,115.36000061035156,-3.1235567843731045,7.606489889657155,-0.801,False,False,0.0,False,False,0.0,0.0,-0.0017432816095741587,-0.0,1.574826206748845
2024-01-05 00:00:00-05:00,367.75,116.23999786376953,-3.1224241325967728,4.799425497168727,-1.121,False,False,0.0,False,False,0.0,0.0,-0.0038416069323585177,-0.0,1.574826206748845
2024-01-08 00:00:00-05:00,374.69000244140625,117.02999877929688,-3.1243656769566903,9.045491081087732,-0.519,False,False,0.0,False,False,0.0,0.0,0.005735333831884785,0.0,1.574826206748845
2024-01-09 00:00:00-05:00,375.7900085449219,116.48999786376953,-3.1284709548346843,11.35443369936445,-0.206,False,False,0.0,False,False,0.0,0.0,0.0031192418501681503,0.0,1.574826206748845
2024-01-10 00:00:00-05:00,382.7699890136719,115.8499984741211,-3.1389344906145413,19.124433065611186,0.82,False,True,0.0,False,False,0.0,0.0,0.01040975019705021,0.0,1.574826206748845
2024-01-11 00:00:00-05:00,384.6300048828125,112.91000366210938,-3.1572225555964515,28.147994568322815,1.848,False,False,0.0,True,False,-1.0,-1.0,0.012175705315355514,0.0,1.574826206748845
2024-01-12 00:00:00-05:00,388.4700012207031,112.91000366210938,-3.1776602969181114,29.68036545873963,1.869,False,False,0.0,False,False,-1.0,-1.0,0.00205065390204176,-0.00205065390204176,1.572775552846803
2024-01-16 00:00:00-05:00,390.2699890136719,111.80999755859375,-3.2005542794912376,32.41602283760983,1.988,False,False,0.0,False,False,-1.0,-1.0,0.003656689990867092,-0.003656689990867092,1.569118862855936
2024-01-17 00:00:00-05:00,389.4700012207031,111.91999816894531,-3.221067946794292,28.968082513437537,1.493,False,False,0.0,False,False,-1.0,-1.0,-0.00459742589363006,0.00459742589363006,1.5737162887495662
2024-01-18 00:00:00-05:00,393.8699951171875,111.41000366210938,-3.244121195775391,32.44244081552455,1.724,False,False,0.0,True,False,-1.0,-1.0,0.004599986197175262,-0.004599986197175262,1.5691163025523909
2024-01-19 00:00:00-05:00,398.6700134277344,114.44999694824219,-3.261889125494995,25.346812969327857,0.963,False,False,0.0,False,False,-1.0,-1.0,-0.009191308574434186,0.009191308574434186,1.578307611126825
2024-01-22 00:00:00-05:00,396.510009765625,117.20999908447266,-3.2694449950306983,13.29836489134317,-0.253,False,False,0.0,False,True,0.0,0.0,-0.015452242484593986,0.015452242484593986,1.593759853611419
2024-01-23 00:00:00-05:00,398.8999938964844,118.69000244140625,-3.2734712443913487,10.371683907802037,-0.534,False,False,0.0,False,False,0.0,0.0,-0.003716758680251783,-0.0,1.593759853611419
2024-01-24 00:00:00-05:00,402.55999755859375,115.66999816894531,-3.2866276314400595,22.39578544791698,0.652,False,True,0.0,False,False,0.0,0.0,0.015361862315713426,0.0,1.593759853611419
2024-01-25 00:00:00-05:00,404.8699951171875,120.55000305175781,-3.2896461368513004,8.303143280559937,-0.74,False,False,0.0,False,True,0.0,0.0,-0.017584220417269095,-0.0,1.593759853611419
2024-01-26 00:00:00-05:00,403.92999267578125,121.2699966430664,-3.288933892678662,5.080990551372565,-1.003,False,False,0.0,False,False,0.0,0.0,-0.00401374817983293,-0.0,1.593759853611419
2024-01-29 00:00:00-05:00,409.7200012207031,121.01000213623047,-3.292685576114771,11.272112621119447,-0.33,False,False,0.0,False,False,0.0,0.0,0.007660688017589525,0.0,1.593759853611419
2024-01-30 00:00:00-05:00,408.5899963378906,121.87999725341797,-3.29369125900488,7.154914736769058,-0.729,False,False,0.0,False,False,0.0,0.0,-0.005082802985342114,-0.0,1.593759853611419
2024-01-31 00:00:00-05:00,397.5799865722656,122.0,-3.2861552731218877,-3.330956748604649,-1.763,True,False,1.0,False,False,0.0,1.0,-0.01313211095181389,-0.0,1.593759853611419
2024-02-01 00:00:00-05:00,403.7799987792969,127.62999725341797,-3.2696941813941494,-13.53106061155512,-2.492,False,False,1.0,False,False,0.0,1.0,-0.012422622024020112,-0.012422622024020112,1.581337231587399
2024-02-02 00:00:00-05:00,411.2200012207031,129.7100067138672,-3.2543937993378087,-10.907440340971789,-2.025,False,False,1.0,False,False,0.0,1.0,0.0031482910199179285,0.0031482910199179285,1.584485522607317
2024-02-05 00:00:00-05:00,405.6499938964844,127.02999877929688,-3.242906121621221,-6.296366774433693,-1.515,False,False,1.0,False,False,0.0,1.0,0.005639792228498691,0.005639792228498691,1.5901253148358157
2024-02-06 00:00:00-05:00,405.489990234375,131.00999450683594,-3.2237602868611943,-16.854827238665905,-2.217,False,False,1.0,False,False,0.0,1.0,-0.012754308427151714,-0.012754308427151714,1.5773710064086637
