Date,y,x,hr,spread,zScore,long entry,long exit,num units long,short entry,short exit,num units short,numUnits,spread pct ch,port rets,cum rets
2019-05-24 00:00:00-04:00,51.036109924316406,27.254953384399414,-1.7283730344151187,3.929383440479384,,False,False,,False,False,,,,,
2019-05-28 00:00:00-04:00,50.20729446411133,27.034099578857422,-1.753937224244004,2.7911808888341483,,False,False,,False,False,,,-0.0116591151088067,,
2019-05-29 00:00:00-04:00,50.148597717285156,26.785045623779297,-1.7673281110451518,2.810633630753081,,False,False,,False,False,,,0.0001995428042490576,,
2019-05-30 00:00:00-04:00,50.22687530517578,27.066991806030273,-1.7743921043489632,2.199418756077577,,False,False,,False,False,,,-0.0062207422628655995,,
2019-05-31 00:00:00-04:00,50.256229400634766,25.34710693359375,-1.7890960014023811,4.907821738623618,,False,False,,False,False,,,0.028329201027888763,,
2019-06-03 00:00:00-04:00,51.14667510986328,23.317081451416016,-1.8178253024261448,8.760294468747908,,False,False,,False,False,,,0.0411883552738945,,
2019-06-04 00:00:00-04:00,51.802276611328125,26.080169677734375,-1.8389602112942203,3.8418822701726043,,False,False,,False,False,,,-0.049301127882972515,,
2019-06-05 00:00:00-04:00,52.29153060913086,26.32452392578125,-1.854631053577938,3.4692510657215436,,False,False,,False,False,,,-0.0036852651867129694,,
2019-06-06 00:00:00-04:00,52.54594039916992,25.281320571899414,-1.8711078637979417,5.2418626698922495,,False,False,,False,False,,,0.01775274193631501,,
2019-06-07 00:00:00-04:00,52.68292999267578,24.726821899414062,-1.8891726691821893,5.969693864567105,,False,False,,False,False,,,0.007322527850726238,,
2019-06-10 00:00:00-04:00,52.86885070800781,23.786998748779297,-1.9106890433101729,7.419292825482415,,False,False,,False,False,,,0.014743922137231252,,
2019-06-11 00:00:00-04:00,52.43830108642578,23.448659896850586,-1.9331023961694385,7.109640452861697,,False,False,,False,False,,,-0.0031672496227056752,,
2019-06-12 00:00:00-04:00,52.154537200927734,23.56143569946289,-1.953850834815837,6.119006390072499,,False,False,,False,False,,,-0.01008894364621807,,
2019-06-13 00:00:00-04:00,52.22303009033203,23.467451095581055,-1.9731292451717628,5.918716024002926,,False,False,,False,False,,,-0.002032840403686377,,
2019-06-14 00:00:00-04:00,52.38937759399414,23.674213409423828,-1.9902770449677059,5.271134087551246,,False,False,,False,False,,,-0.006507862707300068,,
2019-06-17 00:00:00-04:00,51.802276611328125,24.388484954833984,-2.0019751317069727,2.977136231740836,,False,False,,False,False,,,-0.022796946641465626,,
2019-06-18 00:00:00-04:00,52.24260330200195,25.657251358032227,-2.0066041561684296,0.7586560911164,,False,False,,False,False,,,-0.02138777516127658,,
2019-06-19 00:00:00-04:00,52.467655181884766,25.516277313232422,-2.0081480218785033,1.2271933696137438,,False,False,,False,False,,,0.0045178457779129,,
2019-06-20 00:00:00-04:00,52.89820098876953,25.52567481994629,-2.0087031115598104,1.624698553279515,,False,False,,False,False,,,0.00381586525514375,,
2019-06-21 00:00:00-04:00,52.907997131347656,25.572662353515625,-2.0085738584351636,1.5434160374871269,,False,False,,False,False,,,-0.0007795195743298303,,
2019-06-24 00:00:00-04:00,52.98626708984375,26.32452392578125,-2.0057025886245445,0.18710130759554033,,False,False,,False,False,,,-0.012821375241065028,,
2019-06-25 00:00:00-04:00,53.3776741027832,26.004987716674805,-2.003259162821223,1.282944180301044,,False,False,,False,False,,,0.010389853941728684,,
2019-06-26 00:00:00-04:00,52.2817497253418,27.499311447143555,-1.9943971288118383,-2.562798069143824,,False,False,,False,False,,,-0.03589914277335199,,
2019-06-27 00:00:00-04:00,52.61443328857422,27.790653228759766,-1.9822643984886292,-2.4739892175393408,,False,False,,False,False,,,0.0008245728578801851,,
2019-06-28 00:00:00-04:00,53.49509811401367,27.790653228759766,-1.9705151360077895,-1.2668047128011892,,False,False,,False,False,,,0.011151098721070044,,
2019-07-01 00:00:00-04:00,54.40511703491211,27.894039154052734,-1.9606973927919116,-0.2866528088745852,,False,False,,False,False,,,0.008984233482449434,,
2019-07-02 00:00:00-04:00,54.05284881591797,27.245559692382812,-1.9538379234415566,0.8194410435497588,,False,False,,False,False,,,0.010309744114467598,,
2019-07-03 00:00:00-04:00,54.95307159423828,27.066991806030273,-1.950806311751087,2.150613138919468,,False,False,,False,False,,,0.012353631361262841,,
2019-07-05 00:00:00-04:00,54.4931755065918,26.916616439819336,-1.949582977426427,2.016998285603698,,False,False,,False,False,,,-0.0012490947164656427,,
2019-07-08 00:00:00-04:00,54.46382141113281,26.09897232055664,-1.9518372187456179,3.522875864858676,,False,False,,False,False,,,0.014286617415163858,,
2019-07-09 00:00:00-04:00,54.2974739074707,25.365903854370117,-1.9577794208044002,4.636629351281876,,False,False,,False,False,,,0.010713461922842967,,
2019-07-10 00:00:00-04:00,54.356178283691406,24.9053897857666,-1.9668956557210593,5.369875310027432,,False,False,,False,False,,,0.007095300498151793,,
2019-07-11 00:00:00-04:00,54.1115608215332,24.839599609375,-1.9771011079175815,5.001160913608764,,False,False,,False,False,,,-0.0035720537937179793,,
2019-07-12 00:00:00-04:00,54.18983840942383,25.939197540283203,-1.9841262299783633,2.7231961851576827,-0.134,False,False,,False,False,,,-0.021560104167663543,,
2019-07-15 00:00:00-04:00,53.9941291809082,26.39031219482422,-1.9874713108763409,1.5441408086250306,-0.54,False,False,,False,True,0.0,,-0.01107675467311253,,
2019-07-16 00:00:00-04:00,53.62229919433594,26.18355369567871,-1.9888481344677942,1.5471872729480154,-0.523,False,False,,False,False,0.0,,2.882250653849393e-05,,
2019-07-17 00:00:00-04:00,52.97648620605469,25.262516021728516,-1.9910584118356582,2.677341176859038,-0.11,False,False,,False,False,0.0,,0.010943083962727454,,
2019-07-18 00:00:00-04:00,53.181976318359375,25.046363830566406,-1.994624387319471,3.2238882082353015,0.079,False,False,,False,False,0.0,,0.005299075915889459,,
2019-07-19 00:00:00-04:00,52.68292999267578,25.741830825805664,-1.9957303680126903,1.3091764853702301,-0.583,False,False,,False,True,0.0,,-0.018400660663622004,,
2019-07-22 00:00:00-04:00,52.79056930541992,26.08957290649414,-1.994588728198485,0.752601262614121,-0.75,False,False,,False,False,0.0,,-0.005309386516643309,,
2019-07-23 00:00:00-04:00,52.85906982421875,26.427906036376953,-1.9913729679313559,0.23125214434778485,-0.903,False,False,,False,False,0.0,,-0.004942312078798642,,
2019-07-24 00:00:00-04:00,53.5635986328125,26.61587142944336,-1.9877651959893627,0.657495744437341,-0.702,False,False,,False,False,0.0,,0.004003426270568937,,
2019-07-25 00:00:00-04:00,53.59294509887695,26.333927154541016,-1.985060062659654,1.3185180114090045,-0.409,False,False,,False,False,0.0,,0.006243871490530149,,
2019-07-26 00:00:00-04:00,53.66144943237305,26.76624298095703,-1.9816670261590161,0.6196683028502861,-0.637,False,False,,False,False,0.0,,-0.00654947094739867,,
2019-07-29 00:00:00-04:00,52.751426696777344,27.048194885253906,-1.9757278848812572,-0.6884461737213954,-1.126,False,False,,False,False,0.0,,-0.012318471305108599,,
2019-07-30 00:00:00-04:00,52.51658248901367,27.501354217529297,-1.9669582639938934,-1.577433460178895,-1.46,False,False,,False,False,0.0,,-0.008338638929719314,,
2019-07-31 00:00:00-04:00,52.38937759399414,27.85067367553711,-1.9558629567111303,-2.0827233674387102,-1.611,True,False,1.0,False,False,0.0,1.0,-0.004728457008927974,,
2019-08-01 00:00:00-04:00,51.7337760925293,29.502824783325195,-1.9379164608716615,-5.44023369728901,-2.78,False,False,1.0,False,False,0.0,1.0,-0.03082892836952352,-0.03082892836952352,0.9691710716304764
2019-08-02 00:00:00-04:00,51.38151168823242,29.701086044311523,-1.916312637020228,-5.535054831706887,-2.527,False,False,1.0,False,False,0.0,1.0,-0.0008755569441925932,-0.0008755569441925932,0.9682955146862839
2019-08-05 00:00:00-04:00,49.62998580932617,28.228307723999023,-1.895727797890628,-3.8832018304695026,-1.725,False,False,1.0,False,False,0.0,1.0,0.016015146189507206,0.016015146189507206,0.9843106608757911
2019-08-06 00:00:00-04:00,50.44214630126953,28.36992073059082,-1.8774342942312887,-2.8205158029648487,-1.246,False,False,1.0,False,False,0.0,1.0,0.010247220392610591,0.010247220392610591,0.9945578812684017
2019-08-07 00:00:00-04:00,49.512569427490234,28.926931381225586,-1.8580010800770734,-4.23370032214229,-1.642,True,False,1.0,False,False,0.0,1.0,-0.013685845496997764,-0.013685845496997764,0.9808720357714039
2019-08-08 00:00:00-04:00,50.5497932434082,29.84270477294922,-1.8378938516127727,-4.29793037429031,-1.547,False,False,1.0,False,False,0.0,1.0,-0.0006094076412887611,-0.0006094076412887611,0.9802626281301151
2019-08-09 00:00:00-04:00,49.874603271484375,29.861583709716797,-1.8173739538229827,-4.395061182459614,-1.473,False,False,1.0,False,False,0.0,1.0,-0.0009326563073580279,-0.0009326563073580279,0.9793299718227572
2019-08-12 00:00:00-04:00,49.0330924987793,27.97339630126953,-1.8017597015725275,-1.3682456729661396,-0.442,False,False,1.0,False,False,0.0,1.0,0.030440316187084183,0.030440316187084183,1.0097702880098414
2019-08-13 00:00:00-04:00,49.34621810913086,27.945077896118164,-1.7897624684246631,-0.6688334865450756,-0.19,False,False,1.0,False,False,0.0,1.0,0.007039082617391599,0.007039082617391599,1.016809370627233
2019-08-14 00:00:00-04:00,47.10543441772461,26.755521774291992,-1.7798826878516392,-0.5162555927752805,-0.161,False,False,1.0,False,False,0.0,1.0,0.0016107096535523415,0.0016107096535523415,1.0184200802807852
2019-08-15 00:00:00-04:00,47.389198303222656,26.831052780151367,-1.771659022193669,-0.14627842968703675,-0.059,False,False,1.0,False,False,0.0,1.0,0.003897586828160484,0.003897586828160484,1.0223176671089458
2019-08-16 00:00:00-04:00,47.8001708984375,28.549299240112305,-1.760450456417589,-2.459455979220529,-0.832,False,False,1.0,False,True,0.0,1.0,-0.023589458697592637,-0.023589458697592637,0.9987282084113531
2019-08-19 00:00:00-04:00,48.13286590576172,28.8608455657959,-1.747963490360387,-2.3148384441789744,-0.756,False,False,1.0,False,False,0.0,1.0,0.0014669983615071345,0.0014669983615071345,1.0001952067728603
2019-08-20 00:00:00-04:00,47.63382339477539,28.56817626953125,-1.7354648674120474,-1.9452428470306629,-0.601,False,False,1.0,False,False,0.0,1.0,0.0038019196685748127,0.0038019196685748127,1.0039971264414351
2019-08-21 00:00:00-04:00,47.79038619995117,28.87028694152832,-1.7229549337581427,-1.9518171249683292,-0.566,False,False,1.0,False,False,0.0,1.0,-6.740596112225508e-05,-6.740596112225508e-05,1.0039297204803128
2019-08-22 00:00:00-04:00,47.57510757446289,28.596498489379883,-1.7114269361177485,-1.3657102189123478,-0.338,False,False,1.0,False,False,0.0,1.0,0.006072644528063439,0.006072644528063439,1.0100023650083763
2019-08-23 00:00:00-04:00,46.22477340698242,27.425830841064453,-1.7019244089457803,-0.4519175370431512,0.012,False,False,1.0,False,False,0.0,1.0,0.009836149389600894,0.009836149389600894,1.0198385143979771
2019-08-26 00:00:00-04:00,46.919517517089844,27.397506713867188,-1.6949557195548186,0.4819568108791117,0.399,False,True,0.0,False,False,0.0,0.0,0.010003251662273867,0.010003251662273867,1.029841766060251
2019-08-27 00:00:00-04:00,46.4913444519043,27.12371826171875,-1.6895719855814832,0.6638699320994093,0.557,False,False,0.0,False,False,0.0,0.0,0.001970487959513913,0.0,1.029841766060251
2019-08-28 00:00:00-04:00,46.73629379272461,27.539119720458984,-1.6844696297598793,0.3474829932900718,0.529,False,False,0.0,False,False,0.0,0.0,-0.003397439822429754,-0.0,1.029841766060251
2019-08-29 00:00:00-04:00,47.10861587524414,28.048927307128906,-1.6789624010707984,0.015521536206705377,0.436,False,False,0.0,False,False,0.0,0.0,-0.0035239429977253107,-0.0,1.029841766060251
2019-08-30 00:00:00-04:00,47.09881591796875,27.680734634399414,-1.6744557771164061,0.7486498945724591,0.781,False,False,0.0,False,False,0.0,0.0,0.007845225738529266,0.0,1.029841766060251
2019-09-03 00:00:00-04:00,47.01063919067383,26.65167808532715,-1.6731912020251491,2.417285899097969,1.496,False,False,0.0,False,False,0.0,0.0,0.01821575631486636,0.0,1.029841766060251
2019-09-04 00:00:00-04:00,47.66710662841797,26.84049415588379,-1.6740982841465446,2.7334814164075567,1.634,False,False,0.0,True,False,-1.0,-1.0,0.003414611429361732,0.0,1.029841766060251
2019-09-05 00:00:00-04:00,47.97083282470703,26.868816375732422,-1.6764397256398618,2.9268816715063437,1.736,False,False,0.0,False,False,-1.0,-1.0,0.002079242103542618,-0.002079242103542618,1.0277625239567083
2019-09-06 00:00:00-04:00,48.284366607666016,26.80272674560547,-1.6800580545425252,3.2542296550091834,1.79,False,False,0.0,False,False,-1.0,-1.0,0.0035080075552373986,-0.0035080075552373986,1.024254516401471
2019-09-09 00:00:00-04:00,48.60770034790039,27.142602920532227,-1.6837711102253163,2.9057696939909263,1.563,False,False,0.0,False,False,-1.0,-1.0,-0.003694850221729421,0.003694850221729421,1.0279493666232005
2019-09-10 00:00:00-04:00,48.901634216308594,26.963220596313477,-1.6883088174192624,3.37939113753189,1.652,False,False,0.0,False,False,-1.0,-1.0,0.005015907597829762,-0.005015907597829762,1.0229334590253707
2019-09-11 00:00:00-04:00,49.01922607421875,27.63353157043457,-1.6914734909008107,2.2778399628580246,1.172,False,False,0.0,False,False,-1.0,-1.0,-0.011503175987838423,0.011503175987838423,1.034436635013209
2019-09-12 00:00:00-04:00,49.3719367980957,28.228307723999023,-1.6927912104203482,1.5873055978693316,0.896,False,False,0.0,False,False,-1.0,-1.0,-0.007107438840373806,0.007107438840373806,1.0415440738535828
2019-09-13 00:00:00-04:00,49.77366638183594,28.43600845336914,-1.6932141568398997,1.6254143045722458,0.892,False,False,0.0,False,False,-1.0,-1.0,0.00038917442900009765,-0.00038917442900009765,1.0411548994245827
2019-09-16 00:00:00-04:00,49.97941970825195,27.756258010864258,-1.695306791067648,2.924047007807971,1.317,False,False,0.0,False,False,-1.0,-1.0,0.013383165676967491,-0.013383165676967491,1.0277717337476153
2019-09-17 00:00:00-04:00,50.332149505615234,27.359737396240234,-1.699736122106483,3.8278155618781327,1.542,False,False,0.0,True,False,-1.0,-1.0,0.009332934467233654,-0.009332934467233654,1.0184387992803816
2019-09-18 00:00:00-04:00,50.24396896362305,27.520238876342773,-1.7045619102634628,3.334018013657392,1.278,False,False,0.0,False,False,-1.0,-1.0,-0.005082631237730164,0.005082631237730164,1.0235214305181117
2019-09-19 00:00:00-04:00,50.01860809326172,27.510799407958984,-1.7090464894196078,3.0013729439623944,1.111,False,False,0.0,False,False,-1.0,-1.0,-0.003428063884223512,0.003428063884223512,1.0269494944023354
2019-09-20 00:00:00-04:00,49.94022750854492,27.303096771240234,-1.7136031716355318,3.1535542858758063,1.128,False,False,0.0,False,False,-1.0,-1.0,0.0015733093975200901,-0.0015733093975200901,1.0253761850048153
2019-09-23 00:00:00-04:00,50.537899017333984,27.265335083007812,-1.7190419097432172,3.667645326451492,1.263,False,False,0.0,False,False,-1.0,-1.0,0.005277700339063318,-0.005277700339063318,1.020098484665752
2019-09-24 00:00:00-04:00,50.606475830078125,26.661115646362305,-1.7264212095747227,4.578160307273748,1.522,False,False,0.0,True,False,-1.0,-1.0,0.009422227420115361,-0.009422227420115361,1.0106762572456365
2019-09-25 00:00:00-04:00,49.98921203613281,26.623355865478516,-1.7335956534941985,3.8350780263099793,1.183,False,False,0.0,False,False,-1.0,-1.0,-0.007728899726545635,0.007728899726545635,1.0184051569721821
2019-09-26 00:00:00-04:00,50.11659622192383,26.094661712646484,-1.7420159050060235,4.659280482741927,1.472,False,False,0.0,False,False,-1.0,-1.0,0.008623717911299488,-0.008623717911299488,1.0097814390608826
2019-09-27 00:00:00-04:00,50.46931076049805,26.245716094970703,-1.7508698633274165,4.516477408366519,1.389,False,False,0.0,False,False,-1.0,-1.0,-0.0014810194866502994,0.0014810194866502994,1.011262458547533
2019-09-30 00:00:00-04:00,50.4399299621582,26.434532165527344,-1.7590204198535615,3.9410480937198216,1.066,False,False,0.0,False,False,-1.0,-1.0,-0.005936005442817654,0.005936005442817654,1.0171984639903506
2019-10-01 00:00:00-04:00,49.10739517211914,26.009689331054688,-1.7655629392672099,3.1856516273552344,0.674,False,False,0.0,False,False,-1.0,-1.0,-0.007949103575642342,0.007949103575642342,1.025147567565993
2019-10-02 00:00:00-04:00,47.88265609741211,25.433799743652344,-1.7707161818671697,2.846615324957831,0.478,False,False,0.0,False,False,-1.0,-1.0,-0.0036487414677395568,0.0036487414677395568,1.0287963090337324
2019-10-03 00:00:00-04:00,48.17658996582031,25.377151489257812,-1.7756033765990507,3.1168340930285154,0.564,False,False,0.0,False,False,-1.0,-1.0,0.0028982127692822783,-0.0028982127692822783,1.0258980962644502
2019-10-04 00:00:00-04:00,48.98002243041992,24.442501068115234,-1.7840605306343988,5.373121004806393,1.574,False,False,0.0,True,False,-1.0,-1.0,0.024369390598679513,-0.024369390598679513,1.0015287056657707
2019-10-07 00:00:00-04:00,48.57830810546875,24.546354293823242,-1.7930982259467712,4.564283767753388,1.146,False,False,0.0,False,False,-1.0,-1.0,-0.00873546670345861,0.00873546670345861,1.0102641723692294
2019-10-08 00:00:00-04:00,47.7062873840332,24.754051208496094,-1.800132301516979,3.145720210213973,0.36,False,False,0.0,False,False,-1.0,-1.0,-0.015374573722462358,0.015374573722462358,1.0256387460916918
2019-10-09 00:00:00-04:00,48.10800552368164,24.706851959228516,-1.806655193232791,3.4712431231076835,0.504,False,False,0.0,False,False,-1.0,-1.0,0.0035098789956492637,-0.0035098789956492637,1.0221288670960424
2019-10-10 00:00:00-04:00,48.539127349853516,24.291454315185547,-1.8145519798393053,4.461020829057546,1.115,False,False,0.0,False,False,-1.0,-1.0,0.01068675520294851,-0.01068675520294851,1.0114421118930939
2019-10-11 00:00:00-04:00,49.46012878417969,25.169452667236328,-1.8218023638808203,3.606360417422131,0.484,False,False,0.0,False,False,-1.0,-1.0,-0.008966797467970395,0.008966797467970395,1.0204089093610644
2019-10-14 00:00:00-04:00,49.391544342041016,24.8579044342041,-1.8292251459243074,3.920840476011527,0.677,False,False,0.0,False,False,-1.0,-1.0,0.0033151233976620154,-0.0033151233976620154,1.0170937859634024
2019-10-15 00:00:00-04:00,50.0382080078125,25.20721435546875,-1.8364658130589426,3.7460206015455313,0.494,False,False,0.0,False,False,-1.0,-1.0,-0.0018147945278800812,0.0018147945278800812,1.0189085804912823
2019-10-16 00:00:00-04:00,49.92063522338867,25.367712020874023,-1.8426638712894412,3.1764687852492486,-0.051,False,False,0.0,False,False,-1.0,-1.0,-0.005892029016834577,0.005892029016834577,1.024800609508117
2019-10-17 00:00:00-04:00,49.822654724121094,25.273303985595703,-1.8481951809762538,3.1126560905951663,-0.225,False,False,0.0,False,True,0.0,0.0,-0.0006610477639898747,0.0006610477639898747,1.025461657272107
2019-10-18 00:00:00-04:00,49.93042755126953,24.584117889404297,-1.8553711169900922,4.317765282589377,1.059,False,True,0.0,False,False,0.0,0.0,0.012613253289853105,0.0,1.025461657272107
2019-10-21 00:00:00-04:00,50.420326232910156,24.07431411743164,-1.8654221302309522,5.511567908121741,2.231,False,False,0.0,True,False,-1.0,-1.0,0.012522963281052032,0.0,1.025461657272107
2019-10-22 00:00:00-04:00,49.861846923828125,24.5274715423584,-1.8743507450931867,3.8887623631567294,0.379,False,False,0.0,False,False,-1.0,-1.0,-0.016933340691410483,0.016933340691410483,1.0423949979635174
2019-10-23 00:00:00-04:00,50.06760025024414,24.178159713745117,-1.8837321402188045,4.522423706118971,1.033,False,False,0.0,False,False,-1.0,-1.0,0.006627370987509678,-0.006627370987509678,1.0357676269760077
2019-10-24 00:00:00-04:00,49.81285095214844,24.895666122436523,-1.8904243285874203,2.7494780379047867,-0.928,False,False,0.0,False,True,0.0,0.0,-0.018301143432875356,0.018301143432875356,1.054068770408883
2019-10-25 00:00:00-04:00,49.96962356567383,25.235538482666016,-1.8946650018130526,2.156732000660064,-1.517,True,False,1.0,False,False,0.0,1.0,-0.006061881681530795,-0.0,1.054068770408883
2019-10-28 00:00:00-04:00,48.421539306640625,25.273303985595703,-1.8948470302550768,0.5324943048008066,-2.772,False,False,1.0,False,False,0.0,1.0,-0.0168645814737959,-0.0168645814737959,1.0372041889350871
2019-10-29 00:00:00-04:00,48.392147064208984,25.28274154663086,-1.8928379689081882,0.5360139066535652,-2.493,False,False,1.0,False,False,0.0,1.0,3.656794536639097e-05,3.656794536639097e-05,1.0372407568804536
2019-10-30 00:00:00-04:00,48.205989837646484,25.943601608276367,-1.887457818304807,-0.7614638528799063,-3.097,False,False,1.0,False,False,0.0,1.0,-0.013352184634244254,-0.013352184634244254,1.0238885722462092
2019-10-31 00:00:00-04:00,48.0100212097168,24.905107498168945,-1.88340879848069,1.103522620558003,-1.655,False,False,1.0,False,False,0.0,1.0,0.01964870264301455,0.01964870264301455,1.0435372748892238
2019-11-01 00:00:00-04:00,48.7840690612793,24.716289520263672,-1.882022080870996,2.2674664269426685,-0.775,False,False,1.0,False,False,0.0,1.0,0.01221338512809464,0.01221338512809464,1.0557506600173183
2019-11-04 00:00:00-05:00,48.793861389160156,24.300888061523438,-1.883341671157161,3.0269862567675077,-0.202,False,False,1.0,False,False,0.0,1.0,0.008032084539144058,0.008032084539144058,1.0637827445564625
2019-11-05 00:00:00-05:00,49.46991729736328,24.22536277770996,-1.8873339718556392,3.7485671464641825,0.318,False,True,0.0,False,False,0.0,0.0,0.007580326526158115,0.007580326526158115,1.0713630710826205
2019-11-06 00:00:00-05:00,49.842254638671875,24.66908073425293,-1.8918215836235952,3.1727552574591726,-0.107,False,False,0.0,False,False,0.0,0.0,-0.005966235873056186,-0.0,1.0713630710826205
2019-11-07 00:00:00-05:00,49.99901580810547,24.68796730041504,-1.8965848281683204,3.1761915878227,-0.105,False,False,0.0,False,False,0.0,0.0,3.549127306938066e-05,0.0,1.0713630710826205
2019-11-08 00:00:00-05:00,49.96962356567383,24.73517417907715,-1.9011116604017062,2.9452955117630637,-0.259,False,False,0.0,False,True,0.0,0.0,-0.002380520354147679,-0.0,1.0713630710826205
2019-11-11 00:00:00-05:00,49.49930953979492,25.244983673095703,-1.9030133417386828,1.4577687979185825,-1.267,False,False,0.0,False,False,0.0,0.0,-0.015250294718047994,-0.0,1.0713630710826205
2019-11-12 00:00:00-05:00,49.62668991088867,25.226097106933594,-1.9037282468065404,1.6030562917344398,-1.097,False,False,0.0,False,False,0.0,0.0,0.0014878342289481347,0.0,1.0713630710826205
2019-11-13 00:00:00-05:00,49.34255599975586,24.282005310058594,-1.906235436546051,3.055337007322791,-0.028,False,False,0.0,False,False,0.0,0.0,0.015186490982614714,0.0,1.0713630710826205
2019-11-14 00:00:00-05:00,49.078006744384766,24.905107498168945,-1.9072397360475901,1.5779960933401682,-1.038,False,False,0.0,False,True,0.0,0.0,-0.015296865206227968,-0.0,1.0713630710826205
2019-11-15 00:00:00-05:00,49.14658737182617,24.0554256439209,-1.9101423424737007,3.197300283145175,0.155,False,False,0.0,False,False,0.0,0.0,0.017028122397438974,0.0,1.0713630710826205
2019-11-18 00:00:00-05:00,49.254371643066406,24.0554256439209,-1.9141022771363785,3.2098266405525777,0.163,False,False,0.0,False,False,0.0,0.0,0.00013144281014220265,0.0,1.0713630710826205
2019-11-19 00:00:00-05:00,49.16618728637695,24.26312828063965,-1.9176837348826041,2.6371808252241777,-0.251,False,False,0.0,False,True,0.0,0.0,-0.005984060357714488,-0.0,1.0713630710826205
2019-11-20 00:00:00-05:00,49.33275604248047,23.58338165283203,-1.9233002123894138,3.97483310072802,0.703,False,True,0.0,False,False,0.0,0.0,0.014126546454763269,0.0,1.0713630710826205
2019-11-21 00:00:00-05:00,49.43073272705078,23.706111907958984,-1.9295610098359455,3.6883434946455083,0.555,False,False,0.0,False,False,0.0,0.0,-0.0030101944770137613,-0.0,1.0713630710826205
2019-11-22 00:00:00-05:00,49.62668991088867,24.112075805664062,-1.934981322820326,2.970273572500844,0.047,False,False,0.0,False,False,0.0,0.0,-0.0074579014960899255,-0.0,1.0713630710826205
2019-11-25 00:00:00-05:00,49.77366638183594,24.480268478393555,-1.9388319632526299,2.310539386920695,-0.444,False,False,0.0,False,True,0.0,0.0,-0.006784820464245049,-0.0,1.0713630710826205
2019-11-26 00:00:00-05:00,49.59020233154297,24.433063507080078,-1.9415495345732467,2.152199251173066,-0.536,False,False,0.0,False,False,0.0,0.0,-0.0016318980143498407,-0.0,1.0713630710826205
2019-11-27 00:00:00-05:00,50.05128479003906,24.71772003173828,-1.9434139051664656,2.014523976347192,-0.598,False,False,0.0,False,False,0.0,0.0,-0.0014035887245839583,-0.0,1.0713630710826205
2019-11-29 00:00:00-05:00,49.93357467651367,24.689252853393555,-1.9446512505205724,1.921588240743283,-0.632,False,False,0.0,False,False,0.0,0.0,-0.0009488509182909093,-0.0,1.0713630710826205
2019-12-02 00:00:00-05:00,49.21742630004883,23.892213821411133,-1.946859246385191,2.702648905222503,0.011,False,False,0.0,False,False,0.0,0.0,0.008158807948981047,0.0,1.0713630710826205
2019-12-03 00:00:00-05:00,47.57913589477539,23.389318466186523,-1.948426282197763,2.0067730725641013,-0.507,False,False,0.0,False,True,0.0,0.0,-0.007470366470137158,-0.0,1.0713630710826205
2019-12-04 00:00:00-05:00,47.95192337036133,23.56960105895996,-1.9496347328880264,1.99981050549858,-0.485,False,False,0.0,False,False,0.0,0.0,-7.414555693943251e-05,-0.0,1.0713630710826205
2019-12-05 00:00:00-05:00,48.216793060302734,23.55062484741211,-1.9510982518471656,2.2672100906085504,-0.25,False,False,0.0,False,False,0.0,0.0,0.002839650376104414,0.0,1.0713630710826205
2019-12-06 00:00:00-05:00,49.207611083984375,23.968124389648438,-1.9529296361514863,2.3995506404746862,-0.101,False,False,0.0,False,False,0.0,0.0,0.0013783223900927482,0.0,1.0713630710826205
2019-12-09 00:00:00-05:00,49.3743896484375,24.452041625976562,-1.9536199652672417,1.6043929363840235,-0.736,False,False,0.0,False,True,0.0,0.0,-0.008185318101037042,-0.0,1.0713630710826205
2019-12-10 00:00:00-05:00,49.11933135986328,24.54693031311035,-1.9529594864823603,1.180170940853003,-1.064,False,False,0.0,False,False,0.0,0.0,-0.00437078701467479,-0.0,1.0713630710826205
2019-12-11 00:00:00-05:00,49.04084014892578,24.860048294067383,-1.9504870599238622,0.5516376422650637,-1.584,True,False,1.0,False,False,0.0,1.0,-0.006444509624665247,-0.0,1.0713630710826205
2019-12-12 00:00:00-05:00,50.119964599609375,25.60015296936035,-1.946563891707255,0.2876312072702518,-1.693,False,False,1.0,False,False,0.0,1.0,-0.0026413243146853767,-0.0026413243146853767,1.0687217467679353
2019-12-13 00:00:00-05:00,49.649070739746094,25.135215759277344,-1.9427580089328036,0.8174290171560159,-1.148,False,False,1.0,False,False,0.0,1.0,0.005379711383468967,0.005379711383468967,1.0741014581514041
2019-12-16 00:00:00-05:00,50.100345611572266,26.14099884033203,-1.9367253447823862,-0.527589380425745,-2.21,True,False,1.0,False,False,0.0,1.0,-0.013352937124731255,-0.013352937124731255,1.060748521026673
2019-12-17 00:00:00-05:00,50.424076080322266,25.400897979736328,-1.9326580129751043,1.3328270630217105,-0.659,False,False,1.0,False,False,0.0,1.0,0.018694773308758416,0.018694773308758416,1.0794432943354313
2019-12-18 00:00:00-05:00,50.345584869384766,26.39719581604004,-1.9265318664216016,-0.5094540543873407,-2.303,True,False,1.0,False,False,0.0,1.0,-0.018204246657357318,-0.018204246657357318,1.061239047678074
2019-12-19 00:00:00-05:00,50.19843292236328,26.29281997680664,-1.9197022637676147,-0.2759531079467905,-1.957,False,False,1.0,False,False,0.0,1.0,0.0023194040742051717,0.0023194040742051717,1.0635584517522791
2019-12-20 00:00:00-05:00,50.679141998291016,26.738780975341797,-1.9122035535627713,-0.4508500006941887,-1.918,False,False,1.0,False,False,0.0,1.0,-0.0017178899955290585,-0.0017178899955290585,1.0618405617567501
2019-12-23 00:00:00-05:00,50.424076080322266,27.194238662719727,-1.9028830754381896,-1.323380420393967,-2.312,False,False,1.0,False,False,0.0,1.0,-0.008539858389691091,-0.008539858389691091,1.0533007033670592
2019-12-24 00:00:00-05:00,50.47312927246094,27.336563110351562,-1.892707648617681,-1.2669928134214103,-2.076,False,False,1.0,False,False,0.0,1.0,0.0005516663076773745,0.0005516663076773745,1.0538523696747364
2019-12-26 00:00:00-05:00,50.95381164550781,27.69713020324707,-1.8822471478899045,-1.179032684289318,-1.85,False,False,1.0,False,False,0.0,1.0,0.0008532639680655058,0.0008532639680655058,1.054705633642802
2019-12-27 00:00:00-05:00,50.904762268066406,27.649682998657227,-1.8722099127446332,-0.8612483262664057,-1.527,False,False,1.0,False,False,0.0,1.0,0.003095178395596683,0.003095178395596683,1.0578008120383986
2019-12-30 00:00:00-05:00,51.022491455078125,27.384008407592773,-1.8638492679529028,-0.017172569029803242,-0.915,False,False,1.0,False,False,0.0,1.0,0.008270212923425257,0.008270212923425257,1.066071024961824
2019-12-31 00:00:00-05:00,51.493377685546875,28.048208236694336,-1.8554884031117835,-0.5497474257038704,-1.2,False,False,1.0,False,False,0.0,1.0,-0.005143836640100805,-0.005143836640100805,1.060927188321723
2020-01-02 00:00:00-05:00,51.95444869995117,27.2701473236084,-1.8505756857078053,1.4889771172116895,0.118,False,False,1.0,False,False,0.0,1.0,0.019905547058506272,0.019905547058506272,1.0808327353802294
2020-01-03 00:00:00-05:00,51.75825500488281,26.94753646850586,-1.8482542574709504,1.9523559986131573,0.446,False,True,0.0,False,False,0.0,0.0,0.004562425453281338,0.004562425453281338,1.0853951608335106
2020-01-06 00:00:00-05:00,51.091156005859375,26.909578323364258,-1.8463870865123704,1.4056580861064063,0.09,False,False,0.0,False,False,0.0,0.0,-0.005424846839132927,-0.0,1.0853951608335106
2020-01-07 00:00:00-05:00,50.855716705322266,27.013954162597656,-1.8441486975575778,1.0379683204876926,-0.112,False,False,0.0,False,False,0.0,0.0,-0.0036523006860788372,-0.0,1.0853951608335106
2020-01-08 00:00:00-05:00,50.86552810668945,27.232189178466797,-1.841197208395702,0.7256974127927407,-0.281,False,False,0.0,False,True,0.0,0.0,-0.0030916271315016577,-0.0,1.0853951608335106
2020-01-09 00:00:00-05:00,51.709197998046875,27.260656356811523,-1.8392749938155133,1.56935444596553,0.331,False,True,0.0,False,False,0.0,0.0,0.008283406700077357,0.0,1.0853951608335106
2020-01-10 00:00:00-05:00,51.08134460449219,26.90009117126465,-1.8380111482645436,1.638677142375137,0.457,False,False,0.0,False,False,0.0,0.0,0.0006896133071536417,0.0,1.0853951608335106
2020-01-13 00:00:00-05:00,51.110782623291016,27.11832618713379,-1.8365417905829116,1.3068432899608666,0.277,False,False,0.0,False,False,0.0,0.0,-0.0032882600871348704,-0.0,1.0853951608335106
2020-01-14 00:00:00-05:00,51.0421028137207,27.17525863647461,-1.834759051712015,1.1820510478338022,0.229,False,False,0.0,False,False,0.0,0.0,-0.0012367648901749518,-0.0,1.0853951608335106
2020-01-15 00:00:00-05:00,50.69874954223633,27.213212966918945,-1.8322431390210587,0.8375267928801833,-0.024,False,False,0.0,False,False,0.0,0.0,-0.003426057576414265,-0.0,1.0853951608335106
2020-01-16 00:00:00-05:00,51.150020599365234,27.72559356689453,-1.8286972753713346,0.44830318553220394,-0.319,False,False,0.0,False,True,0.0,0.0,-0.0038214724160872205,-0.0,1.0853951608335106
2020-01-17 00:00:00-05:00,51.39527130126953,26.852649688720703,-1.8277144852066918,2.316294499013736,1.287,False,True,0.0,False,False,0.0,0.0,0.018591742150255417,0.0,1.0853951608335106
2020-01-21 00:00:00-05:00,50.52216720581055,26.39719581604004,-1.8279858862146792,2.2684658184441773,1.225,False,False,0.0,False,False,0.0,0.0,-0.0004842142240889669,-0.0,1.0853951608335106
2020-01-22 00:00:00-05:00,50.894962310791016,26.719804763793945,-1.828529947957438,2.0369990966179685,1.068,False,False,0.0,False,False,0.0,0.0,-0.0023204003352090374,-0.0,1.0853951608335106
2020-01-23 00:00:00-05:00,50.48292922973633,26.994979858398438,-1.827740080950251,1.1431225580967705,0.314,False,False,0.0,False,False,0.0,0.0,-0.008954638744868116,-0.0,1.0853951608335106
2020-01-24 00:00:00-05:00,50.375022888183594,26.520545959472656,-1.8275172266352917,1.9082682874743355,0.999,False,False,0.0,False,False,0.0,0.0,0.007741116649420299,0.0,1.0853951608335106
2020-01-27 00:00:00-05:00,49.825653076171875,25.770954132080078,-1.828884029410961,2.6935666413282107,1.658,False,False,0.0,True,False,-1.0,-1.0,0.00809938802012454,0.0,1.0853951608335106
2020-01-28 00:00:00-05:00,50.512359619140625,26.15049171447754,-1.830983522385345,2.6312401876577596,1.583,False,False,0.0,False,False,-1.0,-1.0,-0.0006334408974235387,0.0006334408974235387,1.0860286017309342
2020-01-29 00:00:00-05:00,50.68893814086914,26.378217697143555,-1.8329860160534401,2.338033973591628,1.285,False,False,0.0,False,False,-1.0,-1.0,-0.002960487489003337,0.002960487489003337,1.0889890892199376
2020-01-30 00:00:00-05:00,51.38547134399414,27.74456787109375,-1.8319911454296274,0.5576686703790656,-0.214,False,False,0.0,False,True,0.0,0.0,-0.017418141824767714,0.017418141824767714,1.1064072310447053
2020-01-31 00:00:00-05:00,50.47312927246094,27.44093894958496,-1.8289694566388701,0.28449007217812294,-0.439,False,False,0.0,False,False,0.0,0.0,-0.0027138267322902383,-0.0,1.1064072310447053
2020-02-03 00:00:00-05:00,51.40509033203125,28.579566955566406,-1.8232410600679454,-0.7023496203184649,-1.227,False,False,0.0,False,False,0.0,0.0,-0.009533528837382621,-0.0,1.1064072310447053
2020-02-04 00:00:00-05:00,51.728824615478516,29.367115020751953,-1.814674935028214,-1.5629429267706243,-1.788,True,False,1.0,False,False,0.0,1.0,-0.00819451965343765,-0.0,1.1064072310447053
2020-02-05 00:00:00-05:00,52.56267547607422,30.088247299194336,-1.8043813054814695,-1.7279954652953577,-1.817,False,False,1.0,False,False,0.0,1.0,-0.0015446641968509154,-0.0015446641968509154,1.1048625668478544
2020-02-06 00:00:00-05:00,52.29780960083008,29.974390029907227,-1.7936856322732144,-1.466823131967999,-1.507,False,False,1.0,False,False,0.0,1.0,0.0024624393666687373,0.0024624393666687373,1.107325006214523
2020-02-07 00:00:00-05:00,52.238948822021484,29.4525146484375,-1.7847212815823474,-0.3255808671607525,-0.674,False,False,1.0,False,False,0.0,1.0,0.010889354828859475,0.010889354828859475,1.1182143610433826
2020-02-10 00:00:00-05:00,54.75033950805664,29.035017013549805,-1.7821417816767968,3.005822556512882,1.645,False,True,0.0,True,False,-1.0,-1.0,0.031282294135373825,0.031282294135373825,1.1494966551787564
2020-02-11 00:00:00-05:00,53.6810302734375,28.949623107910156,-1.7813486660933864,2.111657766255469,0.953,False,False,0.0,False,False,-1.0,-1.0,-0.008495594949134596,0.008495594949134596,1.157992250127891
2020-02-12 00:00:00-05:00,52.90603256225586,29.35763168334961,-1.7791115113229146,0.6755320892302521,-0.106,False,False,0.0,False,False,-1.0,-1.0,-0.013659625589358983,0.013659625589358983,1.17165187571725
2020-02-13 00:00:00-05:00,53.03356170654297,29.035017013549805,-1.7773767607138435,1.4273972197284834,0.4,False,True,0.0,False,False,-1.0,-1.0,0.007185274253383509,-0.007185274253383509,1.1644666014638665
2020-02-14 00:00:00-05:00,53.161102294921875,29.13939094543457,-1.7758749620647303,1.4131875051089153,0.344,False,False,0.0,False,False,-1.0,-1.0,-0.00013544798163623,0.00013544798163623,1.1646020494455027
2020-02-18 00:00:00-05:00,52.68040466308594,29.794105529785156,-1.7719936830895102,-0.11456212899560114,-0.895,False,False,0.0,False,True,0.0,0.0,-0.014484420514734945,0.014484420514734945,1.1790864699602377
2020-02-19 00:00:00-05:00,52.69020462036133,29.907968521118164,-1.7668545439217664,-0.15282546064545244,-0.92,False,False,0.0,False,False,0.0,0.0,-0.00036257139050202217,-0.0,1.1790864699602377
2020-02-20 00:00:00-05:00,52.86679458618164,29.955408096313477,-1.7615054595104962,0.10017968266053145,-0.744,False,False,0.0,False,False,0.0,0.0,0.002395124274869184,0.0,1.1790864699602377
2020-02-21 00:00:00-05:00,52.61174392700195,29.623310089111328,-1.7568284320395333,0.5686705113276105,-0.34,False,False,0.0,False,False,0.0,0.0,0.004476533814330563,0.0,1.1790864699602377
2020-02-24 00:00:00-05:00,51.33640670776367,29.091949462890625,-1.7521635838690202,0.36255227512882016,-0.473,False,False,0.0,False,False,0.0,0.0,-0.002014638941405281,-0.0,1.1790864699602377
2020-02-25 00:00:00-05:00,49.4633674621582,26.928552627563477,-1.7506860992234998,2.3199247048743743,1.092,False,True,0.0,False,False,0.0,0.0,0.02026122615268416,0.0,1.1790864699602377
2020-02-26 00:00:00-05:00,48.07847213745117,27.042421340942383,-1.7483354965324782,0.7992469948941832,-0.129,False,False,0.0,False,False,0.0,0.0,-0.015947089258194606,-0.0,1.1790864699602377
2020-02-27 00:00:00-05:00,45.38724899291992,25.89430046081543,-1.7445976398700898,0.2121135228943487,-0.588,False,False,0.0,False,True,0.0,0.0,-0.006483193607165523,-0.0,1.1790864699602377
2020-02-28 00:00:00-05:00,44.81757354736328,25.80890464782715,-1.739666442432939,-0.08131178441312414,-0.78,False,False,0.0,False,False,0.0,0.0,-0.003270585029473319,-0.0,1.1790864699602377
2020-03-02 00:00:00-05:00,47.82310104370117,26.924394607543945,-1.7359848697526568,1.0827593777548614,0.163,False,False,0.0,False,False,0.0,0.0,0.012309949054437561,0.0,1.1790864699602377
2020-03-03 00:00:00-05:00,46.241764068603516,26.619304656982422,-1.7314308490989927,0.15227880393967297,-0.554,False,False,0.0,False,True,0.0,0.0,-0.010077634392843987,-0.0,1.1790864699602377
2020-03-04 00:00:00-05:00,47.6364860534668,27.55364990234375,-1.7262772966163074,0.07124578813665039,-0.59,False,False,0.0,False,False,0.0,0.0,-0.0008511717059801168,-0.0,1.1790864699602377
2020-03-05 00:00:00-05:00,44.71936798095703,26.0377197265625,-1.7205896842600599,-0.08086398222107505,-0.685,False,False,0.0,False,False,0.0,0.0,-0.0016991783972744494,-0.0,1.1790864699602377
2020-03-06 00:00:00-05:00,43.39339065551758,24.12135887145996,-1.7179393568399022,1.9543589097771843,0.879,False,True,0.0,False,False,0.0,0.0,0.023991097205401494,0.0,1.1790864699602377
2020-03-09 00:00:00-04:00,38.68868637084961,21.995250701904297,-1.7152294044624032,0.9617856084210459,0.137,False,False,0.0,False,False,0.0,0.0,-0.012989147091482378,-0.0,1.1790864699602377
2020-03-10 00:00:00-04:00,42.41120147705078,24.70294189453125,-1.7111003735045376,0.1419883746574726,-0.477,False,False,0.0,False,True,0.0,0.0,-0.009681072510509136,-0.0,1.1790864699602377
2020-03-11 00:00:00-04:00,39.02262496948242,23.83534049987793,-1.7034059375079966,-1.5786355605344653,-1.735,True,False,1.0,False,False,0.0,1.0,-0.021609394271556333,-0.0,1.1790864699602377
2020-03-12 00:00:00-04:00,32.59907150268555,21.29925537109375,-1.6908616025833718,-3.415021567914522,-2.709,False,False,1.0,False,False,0.0,1.0,-0.02676433915853882,-0.02676433915853882,1.1523221308016989
2020-03-13 00:00:00-04:00,36.35105895996094,23.663724899291992,-1.6757189705881412,-3.3026937685616033,-2.335,False,False,1.0,False,False,0.0,1.0,0.0014779037913192925,0.0014779037913192925,1.1538000345930182
2020-03-16 00:00:00-04:00,32.824981689453125,19.7737979888916,-1.664585746813683,-0.090200603228908,-0.228,False,False,1.0,False,False,0.0,1.0,0.04886652193635672,0.04886652193635672,1.2026665565293748
2020-03-17 00:00:00-04:00,36.06622314453125,21.61388397216797,-1.6560137618431563,0.2733338397398697,0.063,False,False,1.0,False,False,0.0,1.0,0.00505898877091133,0.00505898877091133,1.2077255453002862
2020-03-18 00:00:00-04:00,33.974143981933594,20.56513023376465,-1.6484993679158264,0.07253979046591752,-0.031,False,False,1.0,False,False,0.0,1.0,-0.002958259093674906,-0.002958259093674906,1.2047672862066112
2020-03-19 00:00:00-04:00,36.64570617675781,22.17639923095703,-1.6417540244769955,0.23751349092555785,0.094,False,False,1.0,False,False,0.0,1.0,0.0022582463499990026,0.0022582463499990026,1.2070255325566102
2020-03-20 00:00:00-04:00,30.70343017578125,21.48040771484375,-1.627909983484065,-4.264739992521022,-2.687,True,False,1.0,False,True,0.0,1.0,-0.06855708494778896,-0.06855708494778896,1.1384684476088214
2020-03-23 00:00:00-04:00,29.210494995117188,20.898826599121094,-1.6098149620880704,-4.432748754232094,-2.46,False,False,1.0,False,False,0.0,1.0,-0.0026730114240954787,-0.0026730114240954787,1.1357954361847258
2020-03-24 00:00:00-04:00,33.139278411865234,21.289722442626953,-1.595298459226708,-0.824182998221815,-0.409,False,False,1.0,False,False,0.0,1.0,0.05377672753132141,0.05377672753132141,1.1895721637160472
2020-03-25 00:00:00-04:00,32.697296142578125,22.30987548828125,-1.5797893400890866,-2.5476073325233983,-1.368,False,False,1.0,False,False,0.0,1.0,-0.025366036778313557,-0.025366036778313557,1.1642061269377337
2020-03-26 00:00:00-04:00,34.779541015625,23.01540184020996,-1.5658676699072063,-1.2595326358826,-0.641,False,False,1.0,False,False,0.0,1.0,0.018188363365975336,0.018188363365975336,1.1823944903037091
2020-03-27 00:00:00-04:00,33.0999870300293,22.12873077392578,-1.5528886068862908,-1.263466873654103,-0.624,False,False,1.0,False,False,0.0,1.0,-5.8316589208200705e-05,-5.8316589208200705e-05,1.1823361737145008
2020-03-30 00:00:00-04:00,34.7991828918457,22.96773338317871,-1.5414985414285085,-0.6055446182431439,-0.202,False,False,1.0,False,False,0.0,1.0,0.009371589867917519,0.009371589867917519,1.1917077635824183
2020-03-31 00:00:00-04:00,34.20987319946289,22.405216217041016,-1.5318749729280248,-0.11211678646335344,0.136,False,False,1.0,False,False,0.0,1.0,0.00719997689899358,0.00719997689899358,1.198907740481412
2020-04-01 00:00:00-04:00,32.049041748046875,21.46133804321289,-1.5223907609333092,-0.6235010062069719,-0.157,False,False,1.0,False,False,0.0,1.0,-0.007901293265238892,-0.007901293265238892,1.191006447216173
2020-04-02 00:00:00-04:00,32.589256286621094,21.20391082763672,-1.5148165219531957,0.4692218348947321,0.546,False,True,0.0,False,False,0.0,0.0,0.01688664531218767,0.01688664531218767,1.2078930925283606
2020-04-03 00:00:00-04:00,32.117801666259766,21.566213607788086,-1.5068453339543306,-0.3791466796981027,0.046,False,False,0.0,False,False,0.0,0.0,-0.01312964167519679,-0.0,1.2078930925283606
2020-04-06 00:00:00-04:00,35.06437683105469,23.129812240600586,-1.499881727707229,0.37239408607887015,0.518,False,True,0.0,False,False,0.0,0.0,0.01077379568464773,0.0,1.2078930925283606
2020-04-07 00:00:00-04:00,35.624229431152344,23.38723373413086,-1.4940451490037008,0.6826463220584245,0.695,False,False,0.0,False,False,0.0,0.0,0.0043966366263069115,0.0,1.2078930925283606
2020-04-08 00:00:00-04:00,37.29396057128906,24.83641815185547,-1.488232759244643,0.3315894553994596,0.467,False,False,0.0,False,False,0.0,0.0,-0.004727635457914486,-0.0,1.2078930925283606
2020-04-09 00:00:00-04:00,38.718143463134766,26.62883758544922,-1.4806234743447977,-0.70913856039639,-0.169,False,False,0.0,False,False,0.0,0.0,-0.013317836703997867,-0.0,1.2078930925283606
2020-04-13 00:00:00-04:00,36.753761291503906,25.322662353515625,-1.4724051924964536,-0.5314582456469665,-0.04,False,False,0.0,False,False,0.0,0.0,0.002399821185553882,0.0,1.2078930925283606
2020-04-14 00:00:00-04:00,36.753761291503906,25.208253860473633,-1.4645060150048823,-0.16387811492977278,0.255,False,True,0.0,False,False,0.0,0.0,0.004989454893416789,0.0,1.2078930925283606
2020-04-15 00:00:00-04:00,33.94467544555664,24.321577072143555,-1.4546482115115933,-1.434663143578355,-0.561,False,False,0.0,False,True,0.0,0.0,-0.01833109415754037,-0.0,1.2078930925283606
2020-04-16 00:00:00-04:00,33.39464569091797,23.987882614135742,-1.444041869378344,-1.2448611616268863,-0.404,False,False,0.0,False,False,0.0,0.0,0.0027898044563752877,0.0,1.2078930925283606
2020-04-17 00:00:00-04:00,35.496551513671875,24.321577072143555,-1.4361000320879955,0.5683338999358583,0.811,False,True,0.0,False,False,0.0,0.0,0.025746553152093836,0.0,1.2078930925283606
2020-04-20 00:00:00-04:00,34.347373962402344,23.482574462890625,-1.4300024167624665,0.7672357286641684,0.958,False,False,0.0,False,False,0.0,0.0,0.0029281482906952584,0.0,1.2078930925283606
2020-04-21 00:00:00-04:00,33.10981369018555,23.13934898376465,-1.4238951547325238,0.16180678853811514,0.546,False,False,0.0,False,False,0.0,0.0,-0.009165136462296565,-0.0,1.2078930925283606
2020-04-22 00:00:00-04:00,33.16874694824219,23.778133392333984,-1.4166079933032005,-0.5155468811678858,0.097,False,False,0.0,False,False,0.0,0.0,-0.010131979964214699,-0.0,1.2078930925283606
2020-04-23 00:00:00-04:00,32.33387756347656,24.216703414916992,-1.4065886221600512,-1.7290619261701394,-0.694,False,False,0.0,False,True,0.0,0.0,-0.018276705102163785,-0.0,1.2078930925283606
2020-04-24 00:00:00-04:00,31.823135375976562,25.046171188354492,-1.3927564216502226,-3.060080384354947,-1.522,True,False,1.0,False,False,0.0,1.0,-0.01995339927175747,-0.0,1.2078930925283606
2020-04-27 00:00:00-04:00,31.980281829833984,24.369251251220703,-1.3793095499452486,-1.6324591459899267,-0.495,False,False,1.0,False,False,0.0,1.0,0.02176483377805051,0.02176483377805051,1.2296579263064111
2020-04-28 00:00:00-04:00,33.5026969909668,24.969900131225586,-1.3677333855327014,-0.6494690519278166,0.216,False,True,0.0,False,False,0.0,0.0,0.014529481695500905,0.014529481695500905,1.2441874080019122
2020-04-29 00:00:00-04:00,36.04658126831055,25.789838790893555,-1.3599658061157323,0.9732823674582107,1.286,False,False,0.0,False,False,0.0,0.0,0.022817128143723192,0.0,1.2441874080019122
2020-04-30 00:00:00-04:00,34.04289245605469,24.969900131225586,-1.3531298932035283,0.25537415818664044,0.743,False,False,0.0,False,False,0.0,0.0,-0.010583869407425821,-0.0,1.2441874080019122
2020-05-01 00:00:00-04:00,31.05702018737793,24.30251121520996,-1.343680187785247,-1.5977826459284614,-0.666,False,False,0.0,False,True,0.0,0.0,-0.029086544949647204,-0.0,1.2441874080019122
2020-05-04 00:00:00-04:00,31.194528579711914,24.23577308654785,-1.3335916317027405,-1.1260955963548014,-0.286,False,False,0.0,False,False,0.0,0.0,0.007426370387352108,0.0,1.2441874080019122
2020-05-05 00:00:00-04:00,30.241798400878906,24.960365295410156,-1.3204263718886984,-2.7165261871561057,-1.399,False,False,0.0,False,False,0.0,0.0,-0.0251649920219346,-0.0,1.2441874080019122
2020-05-06 00:00:00-04:00,29.15156364440918,23.84486961364746,-1.3068342403043398,-2.0097284222978367,-0.824,False,False,0.0,False,False,0.0,0.0,0.01171885755573666,0.0,1.2441874080019122
2020-05-07 00:00:00-04:00,29.799816131591797,25.21778678894043,-1.2916324786576752,-2.7722963248681083,-1.303,False,False,0.0,False,False,0.0,0.0,-0.012226139544390379,-0.0,1.2441874080019122
2020-05-08 00:00:00-04:00,30.46770477294922,24.769683837890625,-1.2782779840530163,-1.1948367489801903,-0.239,False,False,0.0,False,False,0.0,0.0,0.02538955935247833,0.0,1.2441874080019122
2020-05-11 00:00:00-04:00,29.475690841674805,23.24422264099121,-1.2680183384485495,0.0015902699169743073,0.712,False,True,0.0,False,False,0.0,0.0,0.02029569554379356,0.0,1.2441874080019122
2020-05-12 00:00:00-04:00,29.072986602783203,22.16686248779297,-1.261309224696767,1.113718464345208,1.618,False,False,0.0,True,False,-1.0,-1.0,0.019499986445817668,0.0,1.2441874080019122
2020-05-13 00:00:00-04:00,28.287229537963867,22.185930252075195,-1.2553736271428073,0.4355978058788921,0.966,False,False,0.0,False,False,-1.0,-1.0,-0.01207934473776201,0.01207934473776201,1.2562667527396743
2020-05-14 00:00:00-04:00,28.57206916809082,22.358509063720703,-1.2501543058388846,0.6204827899426526,1.07,False,False,0.0,False,False,-1.0,-1.0,0.003270931122147894,-0.003270931122147894,1.2529958216175263
2020-05-15 00:00:00-04:00,29.279251098632812,21.83119010925293,-1.2477214674566335,2.0400065391910047,2.111,False,False,0.0,True,False,-1.0,-1.0,0.025116092222910204,-0.025116092222910204,1.227879729394616
2020-05-18 00:00:00-04:00,31.08648681640625,23.020061492919922,-1.2473918575429657,2.371449549999575,2.144,False,False,0.0,False,False,-1.0,-1.0,0.005542384009303662,-0.005542384009303662,1.2223373453853124
2020-05-19 00:00:00-04:00,30.506994247436523,23.000885009765625,-1.2473061109568162,1.8178498173408286,1.602,False,False,0.0,False,False,-1.0,-1.0,-0.00935195681722504,0.00935195681722504,1.2316893022025375
2020-05-20 00:00:00-04:00,31.616870880126953,24.05553436279297,-1.2470185420391389,1.6191734910644584,1.364,False,False,0.0,False,False,-1.0,-1.0,-0.0032245024489722654,0.0032245024489722654,1.2349138046515098
2020-05-21 00:00:00-04:00,31.518657684326172,23.537796020507812,-1.247530921258723,2.1545293304621573,1.649,False,False,0.0,True,False,-1.0,-1.0,0.008793221766525009,-0.008793221766525009,1.2261205828849846
2020-05-22 00:00:00-04:00,31.341856002807617,23.528209686279297,-1.2481832978428788,1.9743376442487595,1.428,False,False,0.0,False,False,-1.0,-1.0,-0.00296810316543249,0.00296810316543249,1.2290886860504173
2020-05-26 00:00:00-04:00,32.515933990478516,24.582857131958008,-1.2486533364589278,1.820467412966,1.265,False,False,0.0,False,False,-1.0,-1.0,-0.0024342164530471787,0.0024342164530471787,1.2315229025034644
2020-05-27 00:00:00-04:00,33.696903228759766,24.73625946044922,-1.2506288092133517,2.761024515345653,1.76,False,False,0.0,True,False,-1.0,-1.0,0.014552322739583725,-0.014552322739583725,1.2169705797638806
2020-05-28 00:00:00-04:00,33.244197845458984,25.877199172973633,-1.250242256447219,0.891429960906315,0.572,False,False,0.0,False,False,-1.0,-1.0,-0.02850123528783846,0.02850123528783846,1.2454718150517192
2020-05-29 00:00:00-04:00,32.712772369384766,26.183998107910156,-1.2471104952842926,0.0584335205059503,0.036,False,False,0.0,False,False,-1.0,-1.0,-0.012743357093125227,0.012743357093125227,1.2582151721448445
2020-06-01 00:00:00-04:00,33.2343635559082,25.714202880859375,-1.2444887343550688,1.2333277577580546,0.736,False,True,0.0,False,False,-1.0,-1.0,0.01801007196837238,-0.01801007196837238,1.240205100176472
2020-06-02 00:00:00-04:00,34.09055709838867,26.855138778686523,-1.2413253404760622,0.7545928104037216,0.42,False,False,0.0,False,False,-1.0,-1.0,-0.007100098559304909,0.007100098559304909,1.2473051987357768
2020-06-03 00:00:00-04:00,34.91722869873047,27.324939727783203,-1.2384278056192202,1.0772635529744647,0.58,False,False,0.0,False,False,-1.0,-1.0,0.004692901564606502,-0.004692901564606502,1.2426122971711704
2020-06-04 00:00:00-04:00,35.921058654785156,28.92608070373535,-1.2342102235266978,0.2201941236766487,0.015,False,False,0.0,False,False,-1.0,-1.0,-0.011966579382032296,0.011966579382032296,1.2545788765532027
2020-06-05 00:00:00-04:00,38.46013259887695,29.386289596557617,-1.2327456432795665,2.234312126568902,1.234,False,True,0.0,False,False,-1.0,-1.0,0.02696782888975854,-0.02696782888975854,1.227611047663444
2020-06-08 00:00:00-04:00,39.31632995605469,28.77268409729004,-1.2353780594104644,3.77118731191419,1.998,False,False,0.0,True,False,-1.0,-1.0,0.020529587943762688,-0.020529587943762688,1.2070814597196815
2020-06-09 00:00:00-04:00,37.653141021728516,28.3699951171875,-1.2380686567895,2.5291392738675142,1.208,False,False,0.0,False,False,-1.0,-1.0,-0.01706645782974699,0.01706645782974699,1.2241479175494283
2020-06-10 00:00:00-04:00,35.59628677368164,27.938549041748047,-1.238214957797346,1.0023574510344986,0.316,False,False,0.0,False,False,-1.0,-1.0,-0.021752060440128382,0.021752060440128382,1.2458999779895568
2020-06-11 00:00:00-04:00,31.679418563842773,25.982662200927734,-1.2346940983662102,-0.4012211154855052,-0.517,False,False,0.0,False,True,0.0,0.0,-0.0220134454891332,0.0220134454891332,1.26791342347869
2020-06-12 00:00:00-04:00,32.496253967285156,26.404521942138672,-1.2299418838236662,0.020226508307786162,-0.348,False,False,0.0,False,False,0.0,0.0,0.006486575729553149,0.0,1.26791342347869
2020-06-15 00:00:00-04:00,33.0473747253418,25.66626739501953,-1.2270929368133552,1.5524792905504157,0.563,False,True,0.0,False,False,0.0,0.0,0.023740298852845124,0.0,1.26791342347869
2020-06-16 00:00:00-04:00,33.38197708129883,26.6729736328125,-1.2238812778091226,0.737424028603229,0.016,False,False,0.0,False,False,0.0,0.0,-0.012344360066977794,-0.0,1.26791342347869
2020-06-17 00:00:00-04:00,32.87022399902344,26.222352981567383,-1.2206913100789698,0.860825584600768,0.098,False,False,0.0,False,False,0.0,0.0,0.0019020079249407655,0.0,1.26791342347869
2020-06-18 00:00:00-04:00,33.34260559082031,26.34699058532715,-1.2181540196359055,1.2479131039946907,0.329,False,True,0.0,False,False,0.0,0.0,0.005915395818064131,0.0,1.26791342347869
2020-06-19 00:00:00-04:00,34.179134368896484,26.011425018310547,-1.218036291608333,2.4962747001452925,1.078,False,False,0.0,False,False,0.0,0.0,0.0189542028660265,0.0,1.26791342347869
2020-06-22 00:00:00-04:00,33.51976013183594,26.442867279052734,-1.2172629913566977,1.3318364076880655,0.271,False,False,0.0,False,False,0.0,0.0,-0.017721493501572948,-0.0,1.26791342347869
2020-06-23 00:00:00-04:00,33.79532241821289,26.28946876525879,-1.2169261099294137,1.8029814615956852,0.552,False,False,0.0,False,False,0.0,0.0,0.00716160188306485,0.0,1.26791342347869
2020-06-24 00:00:00-04:00,32.64387512207031,24.99512481689453,-1.2174978117458237,2.2123653531874865,0.829,False,False,0.0,False,False,0.0,0.0,0.006490390701532112,0.0,1.26791342347869
2020-06-25 00:00:00-04:00,33.30324935913086,25.119768142700195,-1.2193155315651472,2.6743259134211215,1.269,False,False,0.0,False,False,0.0,0.0,0.007225791647091616,0.0,1.26791342347869
2020-06-26 00:00:00-04:00,32.289581298828125,24.851314544677734,-1.2206058154748134,1.9559222434006678,0.543,False,False,0.0,False,False,0.0,0.0,-0.011471838026210253,-0.0,1.26791342347869
2020-06-29 00:00:00-04:00,33.1556282043457,25.062240600585938,-1.222547906665989,2.515838421740007,1.076,False,False,0.0,False,False,0.0,0.0,0.008776745979685616,0.0,1.26791342347869
2020-06-30 00:00:00-04:00,33.74611282348633,25.685440063476562,-1.224476610023319,2.2948922476034,0.795,False,False,0.0,False,False,0.0,0.0,-0.0033888836033092195,-0.0,1.26791342347869
2020-07-01 00:00:00-04:00,33.007999420166016,25.925134658813477,-1.2246708788512513,1.2582419732198815,-0.344,False,False,0.0,False,True,0.0,0.0,-0.01600812511944791,-0.0,1.26791342347869
2020-07-02 00:00:00-04:00,33.1556282043457,26.43328285217285,-1.2232086046945845,0.8222091692420648,-0.831,False,False,0.0,False,False,0.0,0.0,-0.006658102726453454,-0.0,1.26791342347869
2020-07-06 00:00:00-04:00,33.97245788574219,26.39493179321289,-1.222343764159868,1.7087776028833659,0.153,False,False,0.0,False,False,0.0,0.0,0.01338496564193677,0.0,1.26791342347869
2020-07-07 00:00:00-04:00,33.13594436645508,26.021011352539062,-1.2212149537803607,1.358696190245844,-0.202,False,False,0.0,False,True,0.0,0.0,-0.0053930703286150985,-0.0,1.26791342347869
2020-07-08 00:00:00-04:00,33.38197708129883,24.793787002563477,-1.2227829366327634,3.0645574000570193,1.592,False,True,0.0,True,False,-1.0,-1.0,0.02677986443372933,0.0,1.26791342347869
2020-07-09 00:00:00-04:00,32.2994270324707,24.688322067260742,-1.224145137155985,2.0773376292926677,0.519,False,False,0.0,False,False,-1.0,-1.0,-0.015790080392251254,0.015790080392251254,1.2837035038709412
2020-07-10 00:00:00-04:00,33.95278549194336,25.52245330810547,-1.2263625545453278,2.653004454751283,1.102,False,False,0.0,False,False,-1.0,-1.0,0.008822133075816698,-0.008822133075816698,1.2748813707951245
2020-07-13 00:00:00-04:00,34.12008285522461,25.733383178710938,-1.2287831904348834,2.499334172204822,0.914,False,False,0.0,False,False,-1.0,-1.0,-0.0023375165623979667,0.0023375165623979667,1.2772188873575225
2020-07-14 00:00:00-04:00,34.95659255981445,25.963483810424805,-1.2320943414794325,2.967131071897196,1.328,False,False,0.0,False,False,-1.0,-1.0,0.006987669495185488,-0.006987669495185488,1.270231217862337
2020-07-15 00:00:00-04:00,35.47819137573242,26.788026809692383,-1.2349337339690798,2.3967534019751895,0.77,False,False,0.0,False,False,-1.0,-1.0,-0.008319439228798168,0.008319439228798168,1.2785506570911354
2020-07-16 00:00:00-04:00,35.66518020629883,26.768848419189453,-1.2377395458421128,2.5323179212149185,0.857,False,False,0.0,False,False,-1.0,-1.0,0.00197047058797798,-0.00197047058797798,1.2765801865031572
2020-07-17 00:00:00-04:00,35.59628677368164,27.181121826171875,-1.2394770749740347,1.9059093980652335,0.17,False,False,0.0,False,False,-1.0,-1.0,-0.009040823812788961,0.009040823812788961,1.2856210103159462
2020-07-20 00:00:00-04:00,34.87786865234375,26.577096939086914,-1.2406388254049037,1.9052903231627027,0.149,False,False,0.0,False,False,-1.0,-1.0,-9.124109421111689e-06,9.124109421111689e-06,1.2856301344253673
2020-07-21 00:00:00-04:00,35.871849060058594,27.181121826171875,-1.2418505052513424,2.11695918692876,0.339,False,True,0.0,False,False,-1.0,-1.0,0.0030400513798178592,-0.0030400513798178592,1.2825900830455494
2020-07-22 00:00:00-04:00,36.08835983276367,27.478342056274414,-1.2427890923577345,1.938576049151031,0.118,False,False,0.0,False,False,-1.0,-1.0,-0.00253969038179617,0.00253969038179617,1.2851297734273457
2020-07-23 00:00:00-04:00,36.4721794128418,27.487930297851562,-1.24413946744514,2.273360450903624,0.441,False,True,0.0,False,False,-1.0,-1.0,0.004737224737892848,-0.004737224737892848,1.280392548689453
2020-07-24 00:00:00-04:00,36.285186767578125,27.344114303588867,-1.24562255576097,2.224741223721665,0.385,False,False,0.0,False,False,-1.0,-1.0,-0.0006911477739898857,0.0006911477739898857,1.2810836964634427
2020-07-27 00:00:00-04:00,35.70454406738281,27.622156143188477,-1.2456312974640056,1.297521871989595,-0.648,False,False,0.0,False,True,0.0,0.0,-0.013224912823326185,0.013224912823326185,1.2943086092867688
2020-07-28 00:00:00-04:00,35.80295944213867,27.027721405029297,-1.2462323559538915,2.1201385194835893,0.394,False,True,0.0,False,False,0.0,0.0,0.011838632928569487,0.0,1.2943086092867688
2020-07-29 00:00:00-04:00,36.777252197265625,27.622156143188477,-1.2474753093224875,2.3192944183875284,0.601,False,False,0.0,False,False,0.0,0.0,0.0027957508508872964,0.0,1.2943086092867688
2020-07-30 00:00:00-04:00,35.95057678222656,27.305763244628906,-1.2482976612078673,1.864856386460552,-0.069,False,False,0.0,False,False,0.0,0.0,-0.00648860733987767,-0.0,1.2943086092867688
2020-07-31 00:00:00-04:00,35.83247756958008,27.382465362548828,-1.2485348758941786,1.644514576473533,-0.529,False,False,0.0,False,True,0.0,0.0,-0.003146821245572649,-0.0,1.2943086092867688
2020-08-03 00:00:00-04:00,35.03533172607422,27.344114303588867,-1.247282837677053,0.9294872437282038,-1.637,True,False,1.0,False,False,0.0,1.0,-0.010341555813137162,-0.0,1.2943086092867688
2020-08-04 00:00:00-04:00,34.81882095336914,27.52627944946289,-1.2446399744578525,0.5585132024699391,-2.189,False,False,1.0,False,False,0.0,1.0,-0.005370276785719542,-0.005370276785719542,1.2889383325010493
2020-08-05 00:00:00-04:00,35.90137481689453,27.37287712097168,-1.2434358441592233,1.8649582469124226,-0.168,False,False,1.0,False,False,0.0,1.0,0.01868010153788799,0.01868010153788799,1.3076184340389374
2020-08-06 00:00:00-04:00,35.93090057373047,24.371929168701172,-1.248928109725533,5.4921131466999356,4.05,False,True,0.0,True,False,-1.0,-1.0,0.05465077521150805,0.05465077521150805,1.3622692092504454
2020-08-07 00:00:00-04:00,37.16106033325195,24.27604866027832,-1.2596976583801565,6.580578681176618,3.838,False,False,0.0,False,False,-1.0,-1.0,0.0160679178916896,-0.0160679178916896,1.3462012913587558
2020-08-10 00:00:00-04:00,37.98774719238281,24.371929168701172,-1.2738764050290137,6.940921679336007,3.292,False,False,0.0,False,False,-1.0,-1.0,0.005219746918648602,-0.005219746918648602,1.3409815444401072
2020-08-11 00:00:00-04:00,37.99759292602539,25.675853729248047,-1.286691876660359,4.960680506282344,1.717,False,False,0.0,False,False,-1.0,-1.0,-0.0278771726981784,0.0278771726981784,1.3688587171382856
2020-08-12 00:00:00-04:00,37.535037994384766,25.273170471191406,-1.2983668479600825,4.721191311746146,1.452,False,False,0.0,False,False,-1.0,-1.0,-0.0034043069145404245,0.0034043069145404245,1.372263024052826
2020-08-13 00:00:00-04:00,37.25948715209961,25.93800163269043,-1.3072061256879792,3.353172529741876,0.525,False,False,0.0,False,False,-1.0,-1.0,-0.01922297996922556,0.01922297996922556,1.3914860040220516
2020-08-14 00:00:00-04:00,37.01345443725586,26.85334587097168,-1.3119392696295924,1.7834954681824442,-0.512,False,False,0.0,False,True,0.0,0.0,-0.02172761484470378,0.02172761484470378,1.4132136188667552
2020-08-17 00:00:00-04:00,36.21629333496094,26.756990432739258,-1.3132973840611561,1.0764077942950863,-0.94,False,False,0.0,False,False,0.0,0.0,-0.009909270437810378,-0.0,1.4132136188667552
2020-08-18 00:00:00-04:00,35.854496002197266,27.364013671875,-1.3110369023054667,-0.020735716822173345,-1.551,True,False,1.0,False,False,0.0,1.0,-0.01529552036474187,-0.0,1.4132136188667552
2020-08-19 00:00:00-04:00,35.6967658996582,27.518173217773438,-1.3064742337362854,-0.25501836885472073,-1.615,False,False,1.0,False,False,0.0,1.0,-0.0032698868502244196,-0.0032698868502244196,1.409943732016531
2020-08-20 00:00:00-04:00,35.10527038574219,27.749420166015625,-1.2995360396889715,-0.9561012004670388,-1.918,False,False,1.0,False,False,0.0,1.0,-0.009851284424641431,-0.009851284424641431,1.4000924475918894
2020-08-21 00:00:00-04:00,34.81938171386719,27.40255355834961,-1.2919908373024684,-0.5844664022106585,-1.599,False,False,1.0,False,False,0.0,1.0,0.005292191759854165,0.005292191759854165,1.4053846393517435
2020-08-24 00:00:00-04:00,36.091102600097656,27.498905181884766,-1.2862985637108957,0.7193003610171758,-0.855,False,False,1.0,False,False,0.0,1.0,0.01824396539941754,0.01824396539941754,1.423628604751161
2020-08-25 00:00:00-04:00,35.96294021606445,27.60489273071289,-1.281368984398165,0.5908868532905842,-0.878,False,False,1.0,False,False,0.0,1.0,-0.0018001474631755723,-0.0018001474631755723,1.4218284572879856
2020-08-26 00:00:00-04:00,35.39116668701172,28.163734436035156,-1.27499804770524,-0.5175397350219484,-1.399,False,False,1.0,False,False,0.0,1.0,-0.015545982622119325,-0.015545982622119325,1.4062824746658662
2020-08-27 00:00:00-04:00,36.258689880371094,28.221546173095703,-1.269465450299699,0.43241205958841533,-0.851,False,False,1.0,False,False,0.0,1.0,0.013178223212204602,0.013178223212204602,1.4194606978780708
2020-08-28 00:00:00-04:00,36.39670944213867,28.443151473999023,-1.2643803398020268,0.43374791640327004,-0.81,False,False,1.0,False,False,0.0,1.0,1.84613445167239e-05,1.84613445167239e-05,1.4194791592225875
2020-08-31 00:00:00-04:00,35.35172653198242,27.5085391998291,-1.2599774664883212,0.6915870041870775,-0.64,False,False,1.0,False,False,0.0,1.0,0.003682791250895362,0.003682791250895362,1.423161950473483
2020-09-01 00:00:00-04:00,35.657325744628906,28.366073608398438,-1.2548746408723395,0.061459312331571425,-0.92,False,False,1.0,False,False,0.0,1.0,-0.0088435012187364,-0.0088435012187364,1.4143184492547465
2020-09-02 00:00:00-04:00,36.08123779296875,29.030899047851562,-1.2490140126693905,-0.17876191818831444,-0.989,False,False,1.0,False,False,0.0,1.0,-0.0033206679731762317,-0.0033206679731762317,1.4109977812815702
2020-09-03 00:00:00-04:00,36.100955963134766,28.337167739868164,-1.2444661224742193,0.8363107039994944,-0.457,False,False,1.0,False,False,0.0,1.0,0.01422355595416815,0.01422355595416815,1.4252213372357385
2020-09-04 00:00:00-04:00,36.347412109375,28.250452041625977,-1.2413261988821407,1.279385859841213,-0.224,False,False,1.0,False,False,0.0,1.0,0.006204192903150425,0.006204192903150425,1.4314255301388887
2020-09-08 00:00:00-04:00,35.12499237060547,27.267662048339844,-1.2390171581845195,1.33989122913556,-0.182,False,False,1.0,False,False,0.0,1.0,0.0008780334811727479,0.0008780334811727479,1.4323035636200616
2020-09-09 00:00:00-04:00,35.30244445800781,27.69161033630371,-1.2366641937961957,1.0572214865443854,-0.311,False,False,1.0,False,True,0.0,1.0,-0.004064402920167408,-0.004064402920167408,1.4282391606998943
2020-09-10 00:00:00-04:00,34.66165542602539,28.077016830444336,-1.2326377944135662,0.05286332643390779,-0.778,False,False,1.0,False,False,0.0,1.0,-0.014499085771591938,-0.014499085771591938,1.4137400749283022
2020-09-11 00:00:00-04:00,34.77009201049805,27.961393356323242,-1.2283638205427077,0.4233280396273429,-0.564,False,False,1.0,False,False,0.0,1.0,0.005359976346338701,0.005359976346338701,1.419100051274641
2020-09-14 00:00:00-04:00,35.58831787109375,27.913217544555664,-1.2255340469734004,1.379719409665526,-0.089,False,False,1.0,False,False,0.0,1.0,0.01370248744918479,0.01370248744918479,1.4328025387238257
2020-09-15 00:00:00-04:00,34.888389587402344,28.37571144104004,-1.2215501481906799,0.22603507158391523,-0.633,False,False,1.0,False,True,0.0,1.0,-0.016587663481636074,-0.016587663481636074,1.4162148752421897
2020-09-16 00:00:00-04:00,36.544578552246094,28.163734436035156,-1.220185523162989,2.1795975151890445,0.338,False,True,0.0,False,False,0.0,0.0,0.027550057494643194,0.027550057494643194,1.443764932736833
2020-09-17 00:00:00-04:00,36.4657096862793,28.50096893310547,-1.2193957444546792,1.7117494564154683,0.108,False,False,0.0,False,False,0.0,0.0,-0.006569084907644745,-0.0,1.443764932736833
2020-09-18 00:00:00-04:00,36.16996765136719,27.9324893951416,-1.219546140988982,2.1050080013065795,0.296,False,True,0.0,False,False,0.0,0.0,0.005599187754596233,0.0,1.443764932736833
2020-09-21 00:00:00-04:00,34.32646942138672,27.19057846069336,-1.2186807982616392,1.1898335577132002,-0.162,False,False,0.0,False,False,0.0,0.0,-0.013565554679500434,-0.0,1.443764932736833
2020-09-22 00:00:00-04:00,34.2278938293457,27.065319061279297,-1.2174390297575168,1.277518051304213,-0.129,False,False,0.0,False,False,0.0,0.0,0.0013052508512569768,0.0,1.443764932736833
2020-09-23 00:00:00-04:00,33.064605712890625,26.45830535888672,-1.2154009748836068,0.9071555859315481,-0.299,False,False,0.0,False,True,0.0,0.0,-0.005678484994126465,-0.0,1.443764932736833
2020-09-24 00:00:00-04:00,33.064605712890625,26.62209701538086,-1.2127388863931765,0.7789534250065344,-0.313,False,False,0.0,False,False,0.0,0.0,-0.001961769774856801,-0.0,1.443764932736833
2020-09-25 00:00:00-04:00,33.2026252746582,27.34473991394043,-1.2087161296451927,0.15059707972570635,-0.622,False,False,0.0,False,False,0.0,0.0,-0.009483957916544362,-0.0,1.443764932736833
2020-09-28 00:00:00-04:00,34.23774337768555,27.913217544555664,-1.204737584996391,0.6096410835786656,-0.294,False,False,0.0,False,False,0.0,0.0,0.006763991508673634,0.0,1.443764932736833
2020-09-29 00:00:00-04:00,33.71525192260742,27.547082901000977,-1.2008343140711568,0.6357695225226223,-0.209,False,False,0.0,False,False,0.0,0.0,0.0003911751309276491,0.0,1.443764932736833
2020-09-30 00:00:00-04:00,34.25746154785156,27.759056091308594,-1.1975874812204874,1.0135634824030717,0.292,False,True,0.0,False,False,0.0,0.0,0.005596834819990962,0.0,1.443764932736833
2020-10-01 00:00:00-04:00,34.365901947021484,27.63379669189453,-1.1952134958455134,1.337615199418039,0.849,False,False,0.0,False,False,0.0,0.0,0.004808303553935537,0.0,1.443764932736833
2020-10-02 00:00:00-04:00,34.99683380126953,28.298627853393555,-1.1931142182136647,1.2333385534484407,0.75,False,False,0.0,False,False,0.0,0.0,-0.0015165233705491902,-0.0,1.443764932736833
2020-10-05 00:00:00-04:00,35.63761901855469,29.011634826660156,-1.1909159803304243,1.0871994879744236,0.551,False,False,0.0,False,False,0.0,0.0,-0.002082107841946785,-0.0,1.443764932736833
2020-10-06 00:00:00-04:00,34.99683380126953,28.99236488342285,-1.1878056114017865,0.559540104931763,-0.194,False,False,0.0,False,False,0.0,0.0,-0.007599424116920655,-0.0,1.443764932736833
2020-10-07 00:00:00-04:00,35.58831787109375,29.41631507873535,-1.1845336568021148,0.7437026012361727,0.02,False,False,0.0,False,False,0.0,0.0,0.0026147213823377383,0.0,1.443764932736833
2020-10-08 00:00:00-04:00,36.4657096862793,31.150650024414062,-1.1794908548277525,-0.27619713945699687,-1.548,True,False,1.0,False,True,0.0,1.0,-0.013931606973241277,-0.0,1.443764932736833
2020-10-09 00:00:00-04:00,36.455848693847656,32.21052169799805,-1.171886103556687,-1.291214072347394,-2.826,False,False,1.0,False,False,0.0,1.0,-0.013678936754886906,-0.013678936754886906,1.4300859959819459
2020-10-12 00:00:00-04:00,36.83045959472656,32.364688873291016,-1.163788256514856,-0.8351852417665526,-1.988,False,False,1.0,False,False,0.0,1.0,0.00612151244769961,0.00612151244769961,1.4362075084296455
2020-10-13 00:00:00-04:00,35.37144088745117,32.47067642211914,-1.1534487786835634,-2.081821174671333,-2.988,False,False,1.0,False,False,0.0,1.0,-0.0171183112654506,-0.0171183112654506,1.419089197164195
2020-10-14 00:00:00-04:00,34.84895706176758,32.586299896240234,-1.1416091593175737,-2.351861368049576,-2.857,False,False,1.0,False,False,0.0,1.0,-0.0037479671731910275,-0.0037479671731910275,1.415341229991004
2020-10-15 00:00:00-04:00,35.134849548339844,32.75010299682617,-1.1298700092235656,-1.8685096267568682,-2.143,False,False,1.0,False,False,0.0,1.0,0.006700356854517719,0.006700356854517719,1.4220415868455216
2020-10-16 00:00:00-04:00,35.23342514038086,32.836822509765625,-1.118822216360648,-1.5051413982363329,-1.681,False,False,1.0,False,False,0.0,1.0,0.0050487449359633155,0.0050487449359633155,1.427090331781485
2020-10-19 00:00:00-04:00,34.44476318359375,32.297245025634766,-1.1084163730963108,-1.3540320087232018,-1.448,False,False,1.0,False,False,0.0,1.0,0.0021512205959792665,0.0021512205959792665,1.4292415523774642
2020-10-20 00:00:00-04:00,34.74052047729492,31.863662719726562,-1.100033956218291,-0.3105904838911613,-0.558,False,False,1.0,False,False,0.0,1.0,0.014950811484494377,0.014950811484494377,1.4441923638619585
2020-10-21 00:00:00-04:00,35.09541320800781,31.699859619140625,-1.0938179287274727,0.42153841844775997,0.041,False,False,1.0,False,False,0.0,1.0,0.01049356992670533,0.01049356992670533,1.454685933788664
2020-10-22 00:00:00-04:00,35.42073059082031,31.92147445678711,-1.089030762692714,0.6572629168694561,0.244,False,True,0.0,False,False,0.0,0.0,0.0033586548574997066,0.0033586548574997066,1.4580445886461635
2020-10-23 00:00:00-04:00,35.716487884521484,31.96000862121582,-1.085526218626156,1.0230605786737286,0.561,False,False,0.0,False,False,0.0,0.0,0.005195257810143005,0.0,1.4580445886461635
2020-10-26 00:00:00-04:00,34.63207244873047,31.516786575317383,-1.081870432072528,0.534992938954197,0.17,False,False,0.0,False,False,0.0,0.0,-0.00710131910276135,-0.0,1.4580445886461635
2020-10-27 00:00:00-04:00,33.66596603393555,31.16028594970703,-1.0774433608611906,0.09252281488746661,-0.185,False,False,0.0,False,False,0.0,0.0,-0.0065805177199277165,-0.0,1.4580445886461635
2020-10-28 00:00:00-04:00,32.788570404052734,30.697799682617188,-1.0722997200423765,-0.1286716015346272,-0.37,False,False,0.0,False,True,0.0,0.0,-0.003366436062658607,-0.0,1.4580445886461635
2020-10-29 00:00:00-04:00,33.7349739074707,31.3144474029541,-1.0674930288383828,0.30701960289099617,0.007,False,False,0.0,False,False,0.0,0.0,0.006487078750498127,0.0,1.4580445886461635
2020-10-30 00:00:00-04:00,34.188446044921875,31.776947021484375,-1.0630109218253219,0.40920429881935405,0.121,False,False,0.0,False,False,0.0,0.0,0.0015034305160201741,0.0,1.4580445886461635
2020-11-02 00:00:00-05:00,36.8008918762207,32.258705139160156,-1.0620793366180514,2.5395877218641587,1.815,False,True,0.0,True,False,-1.0,-1.0,0.02997913858626217,0.0,1.4580445886461635
2020-11-03 00:00:00-05:00,37.35295486450195,31.728769302368164,-1.0645020106902419,3.577616145404221,2.464,False,False,0.0,False,False,-1.0,-1.0,0.014593748440204453,-0.014593748440204453,1.4434508402059592
2020-11-04 00:00:00-05:00,35.8939323425293,31.58423614501953,-1.0663602988831031,2.2137568469317586,1.382,False,False,0.0,False,False,-1.0,-1.0,-0.019602972152307833,0.019602972152307833,1.463053812358267
2020-11-05 00:00:00-05:00,37.35295486450195,32.70191955566406,-1.068277338321762,2.418235283564769,1.515,False,False,0.0,True,False,-1.0,-1.0,0.0028286763712027504,-0.0028286763712027504,1.4602251359870642
2020-11-06 00:00:00-05:00,37.155792236328125,32.47067642211914,-1.0701960791921317,2.405801640659824,1.438,False,False,0.0,False,False,-1.0,-1.0,-0.00017291575747107075,0.00017291575747107075,1.4603980517445354
2020-11-09 00:00:00-05:00,41.946903228759766,33.37638473510742,-1.0777845146491003,5.974352606290374,3.25,False,False,0.0,True,False,-1.0,-1.0,0.045797946331142786,-0.045797946331142786,1.4146001054133925
2020-11-10 00:00:00-05:00,41.75959777832031,34.90837860107422,-1.0847634826668164,3.8922634327672725,1.839,False,False,0.0,False,False,-1.0,-1.0,-0.02614805214753288,0.02614805214753288,1.4407481575609253
2020-11-11 00:00:00-05:00,40.763912200927734,35.293792724609375,-1.088937661373356,2.33117209039564,0.911,False,False,0.0,False,False,-1.0,-1.0,-0.019711582457201178,0.019711582457201178,1.4604597400181265
2020-11-12 00:00:00-05:00,40.468162536621094,33.90138244628906,-1.0934492532970752,3.398721214987745,1.414,False,False,0.0,False,False,-1.0,-1.0,0.013768146956716368,-0.013768146956716368,1.4466915930614102
2020-11-13 00:00:00-05:00,41.700439453125,34.81998062133789,-1.0982175210020757,3.460526653818988,1.361,False,False,0.0,False,False,-1.0,-1.0,0.0007731444394450174,-0.0007731444394450174,1.4459184486219652
2020-11-16 00:00:00-05:00,43.0115966796875,36.193058013916016,-1.1025428858358626,3.1071980497997416,1.114,False,False,0.0,False,False,-1.0,-1.0,-0.004261283998341434,0.004261283998341434,1.4501797326203065
2020-11-17 00:00:00-05:00,43.05103302001953,35.79660415649414,-1.1071236523440133,3.41976588476885,1.211,False,False,0.0,False,False,-1.0,-1.0,0.003780347600177223,-0.003780347600177223,1.4463993850201295
2020-11-18 00:00:00-05:00,42.45953369140625,35.47751235961914,-1.111201490082124,3.036869092990486,0.977,False,False,0.0,False,False,-1.0,-1.0,-0.004676190915430742,0.004676190915430742,1.4510755759355602
2020-11-19 00:00:00-05:00,42.21307373046875,35.738590240478516,-1.114043821804235,2.3987180730705333,0.636,False,False,0.0,False,False,-1.0,-1.0,-0.007779727155686586,0.007779727155686586,1.4588553030912468
2020-11-20 00:00:00-05:00,41.808895111083984,35.931983947753906,-1.1152807889594818,1.7346437049535695,0.297,False,False,0.0,False,False,-1.0,-1.0,-0.00811002503399591,0.00811002503399591,1.4669653281252426
2020-11-23 00:00:00-05:00,42.91300964355469,36.541168212890625,-1.116383985615851,2.1190346349886084,0.464,False,False,0.0,False,False,-1.0,-1.0,0.004592101025171742,-0.004592101025171742,1.462373227100071
2020-11-24 00:00:00-05:00,44.31787109375,37.61448669433594,-1.117670086650449,2.277284490779394,0.518,False,False,0.0,False,False,-1.0,-1.0,0.0018324766329956682,-0.0018324766329956682,1.4605407504670753
2020-11-25 00:00:00-05:00,43.804508209228516,37.305057525634766,-1.1187108773389431,2.0709345755459054,0.384,False,False,0.0,False,False,-1.0,-1.0,-0.0024123748251971056,0.0024123748251971056,1.4629531252922723
2020-11-27 00:00:00-05:00,42.85673904418945,37.14068603515625,-1.1184734702547063,1.3158670468077318,-0.029,False,False,0.0,False,False,-1.0,-1.0,-0.008946550967731243,0.008946550967731243,1.4718996762600036
2020-11-30 00:00:00-05:00,41.3758544921875,37.053646087646484,-1.1157008464571732,0.035070187875795966,-0.704,False,False,0.0,False,True,0.0,0.0,-0.015484150197192764,0.015484150197192764,1.4873838264571964
2020-12-01 00:00:00-05:00,42.017581939697266,37.04397964477539,-1.112972083234184,0.7886667431668926,-0.377,False,False,0.0,False,False,0.0,0.0,0.00905259177521768,0.0,1.4873838264571964
2020-12-02 00:00:00-05:00,42.027442932128906,37.00530242919922,-1.1104913515051937,0.9333746246690353,-0.377,False,False,0.0,False,False,0.0,0.0,0.0017409197612521493,0.0,1.4873838264571964
2020-12-03 00:00:00-05:00,42.07680892944336,36.94728088378906,-1.1084163031448035,1.123840440981219,-0.339,False,False,0.0,False,False,0.0,0.0,0.0022939458858661165,0.0,1.4873838264571964
2020-12-04 00:00:00-05:00,42.79750061035156,37.37274169921875,-1.1069833536033,1.4264976708004937,-0.218,False,False,0.0,False,False,0.0,0.0,0.0035958490059150496,0.0,1.4873838264571964
2020-12-07 00:00:00-05:00,42.215023040771484,36.68620300292969,-1.1061526372097035,1.634482839870266,-0.148,False,False,0.0,False,False,0.0,0.0,0.0025120327820306325,0.0,1.4873838264571964
2020-12-08 00:00:00-05:00,42.8172492980957,37.15033721923828,-1.105742430141022,1.7385451407367114,-0.121,False,False,0.0,False,False,0.0,0.0,0.001240373302649194,0.0,1.4873838264571964
2020-12-09 00:00:00-05:00,42.60992431640625,37.72084426879883,-1.1043231533538813,0.9539226263156451,-0.722,False,False,0.0,False,True,0.0,0.0,-0.009311266743340272,-0.0,1.4873838264571964
2020-12-10 00:00:00-05:00,43.10355758666992,37.45977020263672,-1.1036924143573494,1.7594933704503077,-0.145,False,False,0.0,False,False,0.0,0.0,0.009539294617614663,0.0,1.4873838264571964
2020-12-11 00:00:00-05:00,43.10355758666992,37.121334075927734,-1.1039545063770209,2.1232935508226376,0.107,False,False,0.0,False,False,0.0,0.0,0.004326637078956293,0.0,1.4873838264571964
2020-12-14 00:00:00-05:00,42.323612213134766,37.479103088378906,-1.102884759803516,0.988480605856779,-0.778,False,False,0.0,False,True,0.0,0.0,-0.013564785856717155,-0.0,1.4873838264571964
2020-12-15 00:00:00-05:00,43.76500701904297,37.923912048339844,-1.1026905752816585,1.9466666255280884,-0.083,False,False,0.0,False,False,0.0,0.0,0.011195939965427344,0.0,1.4873838264571964
2020-12-16 00:00:00-05:00,43.79463577270508,37.788536071777344,-1.1031192743357905,2.1093732829942127,-0.006,False,False,0.0,False,False,0.0,0.0,0.001903449357960497,0.0,1.4873838264571964
2020-12-17 00:00:00-05:00,43.843994140625,38.368709564208984,-1.1029341545398736,1.525833896638197,-0.544,False,False,0.0,False,True,0.0,0.0,-0.006772571908441432,-0.0,1.4873838264571964
2020-12-18 00:00:00-05:00,43.24176788330078,38.10762405395508,-1.1020634614347566,1.2447478113446522,-0.831,False,False,0.0,False,False,0.0,0.0,-0.0032976311845387928,-0.0,1.4873838264571964
2020-12-21 00:00:00-05:00,43.2121467590332,38.24300003051758,-1.100710433490313,1.1176776174721468,-0.897,False,False,0.0,False,False,0.0,0.0,-0.0014895702113019841,-0.0,1.4873838264571964
2020-12-22 00:00:00-05:00,42.5013313293457,37.691837310791016,-1.099091208898523,1.0745642938219504,-0.882,False,False,0.0,False,False,0.0,0.0,-0.0005136935602039414,-0.0,1.4873838264571964
2020-12-23 00:00:00-05:00,43.537940979003906,37.88522720336914,-1.0986224394294508,1.9163802504995076,-0.122,False,False,0.0,False,False,0.0,0.0,0.009885167712334516,0.0,1.4873838264571964
2020-12-24 00:00:00-05:00,43.4392204284668,38.19465637207031,-1.0980191319502373,1.5007569936685528,-0.468,False,False,0.0,False,True,0.0,0.0,-0.004868054953289528,-0.0,1.4873838264571964
2020-12-28 00:00:00-05:00,43.853858947753906,37.08265686035156,-1.099713791435767,3.0735497753451284,0.907,False,True,0.0,False,False,0.0,0.0,0.01858342577956862,0.0,1.4873838264571964
2020-12-29 00:00:00-05:00,43.498470306396484,36.68620300292969,-1.1023552926526148,3.0572402587886955,1.196,False,False,0.0,False,False,0.0,0.0,-0.00019430039049043183,-0.0,1.4873838264571964
2020-12-30 00:00:00-05:00,43.853858947753906,37.16968536376953,-1.1049910179385922,2.7816904811850165,0.988,False,False,0.0,False,False,0.0,0.0,-0.0032445857411812426,-0.0,1.4873838264571964
2020-12-31 00:00:00-05:00,44.446224212646484,37.440433502197266,-1.1079009833941955,2.965931116857149,1.159,False,False,0.0,False,False,0.0,0.0,0.0021441650545523144,0.0,1.4873838264571964
2021-01-04 00:00:00-05:00,43.83412551879883,37.08265686035156,-1.1104593705465988,2.655341723457319,0.859,False,False,0.0,False,False,0.0,0.0,-0.003653438000246975,-0.0,1.4873838264571964
2021-01-05 00:00:00-05:00,44.150047302246094,37.5371208190918,-1.1124753252276527,2.390926610917255,0.614,False,False,0.0,False,False,0.0,0.0,-0.0030778451091487626,-0.0,1.4873838264571964
2021-01-06 00:00:00-05:00,46.27263641357422,39.712764739990234,-1.1137427194493925,2.042833815203551,0.232,False,False,0.0,False,False,0.0,0.0,-0.0038462255770561208,-0.0,1.4873838264571964
2021-01-07 00:00:00-05:00,46.1541748046875,40.418643951416016,-1.1133521890286415,1.1539890838092148,-0.863,False,False,0.0,False,True,0.0,0.0,-0.009750984223569254,-0.0,1.4873838264571964
2021-01-08 00:00:00-05:00,45.9863395690918,41.82072830200195,-1.109884899575056,-0.42985526253134765,-2.645,True,False,1.0,False,False,0.0,1.0,-0.017140702434329635,-0.0,1.4873838264571964
2021-01-11 00:00:00-05:00,45.95671844482422,42.17849349975586,-1.1048297551436073,-0.6433362008372754,-2.534,False,False,1.0,False,False,0.0,1.0,-0.0023064863994040033,-0.0023064863994040033,1.4850773400577923
2021-01-12 00:00:00-05:00,46.32200622558594,43.10677719116211,-1.09855635761749,-1.033217914165803,-2.569,False,False,1.0,False,False,0.0,1.0,-0.004161968834988008,-0.004161968834988008,1.4809153712228045
2021-01-13 00:00:00-05:00,46.53919982910156,42.67164611816406,-1.0931997606278654,-0.1094334928723697,-1.524,False,False,1.0,False,False,0.0,1.0,0.009913144131120639,0.009913144131120639,1.490828515353925
2021-01-14 00:00:00-05:00,46.7958869934082,42.749000549316406,-1.0887758211301348,0.2518088178336484,-1.104,False,False,1.0,False,False,0.0,1.0,0.003870178331993425,0.003870178331993425,1.4946986936859186
2021-01-15 00:00:00-05:00,46.588565826416016,42.30420684814453,-1.0853719354444227,0.6727669622041859,-0.659,False,False,1.0,False,False,0.0,1.0,0.004550684130185558,0.004550684130185558,1.499249377816104
2021-01-19 00:00:00-05:00,46.95384979248047,42.091468811035156,-1.0833876351823806,1.3524729359401633,-0.004,False,False,1.0,False,False,0.0,1.0,0.007343788118130751,0.007343788118130751,1.5065931659342349
2021-01-20 00:00:00-05:00,46.74652862548828,42.2171745300293,-1.0815862995388865,1.0850110485665638,-0.299,False,False,1.0,False,True,0.0,1.0,-0.0028943571297650058,-0.0028943571297650058,1.5036988088044696
2021-01-21 00:00:00-05:00,45.93697738647461,40.27360916137695,-1.0817408947403586,2.371367377823198,0.919,False,True,0.0,False,False,0.0,0.0,0.014372280921642765,0.014372280921642765,1.5180710897261125
2021-01-22 00:00:00-05:00,45.89748001098633,40.6700553894043,-1.0819782278182066,1.8933655554903623,0.423,False,False,0.0,False,False,0.0,0.0,-0.005316944879226222,-0.0,1.5180710897261125
2021-01-25 00:00:00-05:00,46.13442611694336,39.93516540527344,-1.0836515226442203,2.858623318470009,1.288,False,False,0.0,False,False,0.0,0.0,0.010795831469045827,0.0,1.5180710897261125
2021-01-26 00:00:00-05:00,45.630924224853516,38.17530822753906,-1.0877049206791678,4.1074536173153575,2.217,False,False,0.0,True,False,-1.0,-1.0,0.01432894234704972,0.0,1.5180710897261125
2021-01-27 00:00:00-05:00,44.77201461791992,37.41142654418945,-1.0924215154872854,3.9029673359752266,1.867,False,False,0.0,False,False,-1.0,-1.0,-0.0023877130526385286,0.0023877130526385286,1.5204588027787511
2021-01-28 00:00:00-05:00,45.45322036743164,38.95854187011719,-1.0957738454263564,2.7634691302096144,0.883,False,False,0.0,False,False,-1.0,-1.0,-0.012927839679340358,0.012927839679340358,1.5333866424580913
2021-01-29 00:00:00-05:00,44.71277618408203,38.54275131225586,-1.0980306497062982,2.391653919217454,0.543,False,False,0.0,False,False,-1.0,-1.0,-0.004272073498009103,0.004272073498009103,1.5376587159561004
2021-02-01 00:00:00-05:00,45.29526138305664,39.36466598510742,-1.0993084269689033,2.0213523408119087,0.232,False,False,0.0,False,False,-1.0,-1.0,-0.004180930865981804,0.004180930865981804,1.541839646822082
2021-02-02 00:00:00-05:00,45.58156204223633,40.11888122558594,-1.099389669017941,1.475278490269318,-0.201,False,False,0.0,False,True,0.0,0.0,-0.006088604837419402,0.006088604837419402,1.5479282516595014
2021-02-03 00:00:00-05:00,46.3022575378418,40.47666931152344,-1.0994605923559593,1.7997547199979564,0.046,False,False,0.0,False,False,0.0,0.0,0.0035733394202864814,0.0,1.5479282516595014
2021-02-04 00:00:00-05:00,47.200660705566406,41.2502326965332,-1.09958973442983,1.8423282896167734,0.084,False,False,0.0,False,False,0.0,0.0,0.0004599614600703821,0.0,1.5479282516595014
2021-02-05 00:00:00-05:00,47.1907844543457,42.44925308227539,-1.0978992839670407,0.5857798903798539,-0.908,False,False,0.0,False,True,0.0,0.0,-0.013396639789357774,-0.0,1.5479282516595014
2021-02-08 00:00:00-05:00,47.80288314819336,42.16883087158203,-1.0968921502573867,1.5482235796236736,-0.121,False,False,0.0,False,False,0.0,0.0,0.01023249876027531,0.0,1.5479282516595014
2021-02-09 00:00:00-05:00,47.486961364746094,41.99477767944336,-1.0960313609974737,1.4593680299594567,-0.2,False,False,0.0,False,False,0.0,0.0,-0.0009501788245660215,-0.0,1.5479282516595014
2021-02-10 00:00:00-05:00,47.37837219238281,41.6176643371582,-1.0956951595750761,1.7780988253382972,0.046,False,False,0.0,False,False,0.0,0.0,0.003427999982803833,0.0,1.5479282516595014
2021-02-11 00:00:00-05:00,47.605438232421875,42.101139068603516,-1.0951600603790808,1.4979522280219726,-0.196,False,False,0.0,False,False,0.0,0.0,-0.0029894126087493186,-0.0,1.5479282516595014
2021-02-12 00:00:00-05:00,48.00033950805664,42.903717041015625,-1.0939199426414845,1.067107823442349,-0.528,False,False,0.0,False,True,0.0,0.0,-0.0045383777220938,-0.0,1.5479282516595014
2021-02-16 00:00:00-05:00,48.14842987060547,43.78363800048828,-1.0913811317378341,0.3637934780329246,-1.061,False,False,0.0,False,False,0.0,0.0,-0.007331302675971878,-0.0,1.5479282516595014
2021-02-17 00:00:00-05:00,47.901607513427734,43.493553161621094,-1.0886180908077743,0.5537387081773417,-0.855,False,False,0.0,False,False,0.0,0.0,0.001994186608532245,0.0,1.5479282516595014
2021-02-18 00:00:00-05:00,46.75639724731445,42.73933792114258,-1.0855026950274496,0.3627307502253103,-0.953,False,False,0.0,False,False,0.0,0.0,-0.00205054028171298,-0.0,1.5479282516595014
2021-02-19 00:00:00-05:00,47.44748306274414,43.967369079589844,-1.0815717129505318,-0.10637962659609457,-1.259,False,False,0.0,False,False,0.0,0.0,-0.004937934016699046,-0.0,1.5479282516595014
2021-02-22 00:00:00-05:00,48.849388122558594,45.13737487792969,-1.0777752121750719,0.2014443364721643,-0.951,False,False,0.0,False,False,0.0,0.0,0.003157255250396902,0.0,1.5479282516595014
2021-02-23 00:00:00-05:00,49.87051010131836,44.8956413269043,-1.0760077098300647,1.5624538958040617,0.199,False,False,0.0,False,False,0.0,0.0,0.013862593542855382,0.0,1.5479282516595014
2021-02-24 00:00:00-05:00,49.80131912231445,44.87629699707031,-1.0750203309628645,1.5583874721361184,0.219,False,True,0.0,False,False,0.0,0.0,-4.1475391324874806e-05,-0.0,1.5479282516595014
2021-02-25 00:00:00-05:00,48.17027282714844,43.861000061035156,-1.0736507539149278,1.0788770441553481,-0.165,False,False,0.0,False,False,0.0,0.0,-0.005033613571720722,-0.0,1.5479282516595014
2021-02-26 00:00:00-05:00,47.26083755493164,43.783424377441406,-1.0711180445365287,0.36362165265362023,-0.748,False,False,0.0,False,True,0.0,0.0,-0.007596327294794569,-0.0,1.5479282516595014
2021-03-01 00:00:00-05:00,48.95119094848633,44.86951446533203,-1.0690270374231512,0.9844668289971992,-0.267,False,False,0.0,False,False,0.0,0.0,0.006405886630022281,0.0,1.5479282516595014
2021-03-02 00:00:00-05:00,48.812801361083984,44.39435577392578,-1.0677196998920464,1.4120731372472122,0.056,False,False,0.0,False,False,0.0,0.0,0.004444346965491955,0.0,1.5479282516595014
2021-03-03 00:00:00-05:00,49.020389556884766,43.96766662597656,-1.0676564354699825,2.078027331062117,0.626,False,True,0.0,False,False,0.0,0.0,0.0069397154775516804,0.0,1.5479282516595014
2021-03-04 00:00:00-05:00,48.397621154785156,42.522762298583984,-1.0692668110496328,2.9294427147567035,1.386,False,False,0.0,False,False,0.0,0.0,0.009070560176015697,0.0,1.5479282516595014
2021-03-05 00:00:00-05:00,49.47509765625,43.4827995300293,-1.0714507303758303,2.885420341014303,1.266,False,False,0.0,False,False,0.0,0.0,-0.00045825718902133976,-0.0,1.5479282516595014
2021-03-08 00:00:00-05:00,49.623382568359375,43.54098892211914,-1.073825491043399,2.867958758549591,1.174,False,False,0.0,False,False,0.0,0.0,-0.00018117657938402528,-0.0,1.5479282516595014
2021-03-09 00:00:00-05:00,48.60521697998047,43.35673904418945,-1.0750343747927493,1.9952321285578734,0.298,False,False,0.0,False,False,0.0,0.0,-0.009165832904886857,-0.0,1.5479282516595014
2021-03-10 00:00:00-05:00,49.91994094848633,45.57742691040039,-1.074327685302707,0.9548493937825668,-0.72,False,False,0.0,False,True,0.0,0.0,-0.010521134578600084,-0.0,1.5479282516595014
2021-03-11 00:00:00-05:00,49.633262634277344,45.4416618347168,-1.0727990477172151,0.8834910913054443,-0.745,False,False,0.0,False,False,0.0,0.0,-0.000725311056666149,-0.0,1.5479282516595014
2021-03-12 00:00:00-05:00,50.9776496887207,45.4804573059082,-1.0728082867244675,2.185838206924032,0.52,False,True,0.0,False,False,0.0,0.0,0.01305356469143126,0.0,1.5479282516595014
2021-03-15 00:00:00-04:00,51.4323616027832,45.412567138671875,-1.0740566734580272,2.6566908086319643,0.991,False,False,0.0,False,False,0.0,0.0,0.0046987510925554955,0.0,1.5479282516595014
2021-03-16 00:00:00-04:00,50.78982925415039,44.772544860839844,-1.0757208670722493,2.6270684754165714,1.091,False,False,0.0,False,False,0.0,0.0,-0.0002993588465501377,-0.0,1.5479282516595014
2021-03-17 00:00:00-04:00,51.52132034301758,45.82955551147461,-1.0768934613699253,2.16777167522055,0.721,False,False,0.0,False,False,0.0,0.0,-0.0045531340431954484,-0.0,1.5479282516595014
2021-03-18 00:00:00-04:00,52.252830505371094,45.538639068603516,-1.0792011511720168,3.107478799727204,1.777,False,False,0.0,True,False,-1.0,-1.0,0.009267494781623146,0.0,1.5479282516595014
2021-03-19 00:00:00-04:00,51.79811096191406,45.64530944824219,-1.0810089315841673,2.4551237634410796,1.022,False,False,0.0,False,False,-1.0,-1.0,-0.006449950100913833,0.006449950100913833,1.5543782017604153
2021-03-22 00:00:00-04:00,51.10615539550781,45.868350982666016,-1.0813019441722147,1.5086183019775348,-0.047,False,False,0.0,False,False,-1.0,-1.0,-0.009398915154641176,0.009398915154641176,1.5637771169150567
2021-03-23 00:00:00-04:00,50.433956146240234,44.46222686767578,-1.0821695469743389,2.318288239377253,0.848,False,True,0.0,False,False,-1.0,-1.0,0.008215860234671517,-0.008215860234671517,1.5555612566803851
2021-03-24 00:00:00-04:00,50.315345764160156,44.79193878173828,-1.082559567806016,1.8254038754080355,0.285,False,False,0.0,False,False,-1.0,-1.0,-0.004988441162183993,0.004988441162183993,1.560549697842569
2021-03-25 00:00:00-04:00,51.402706146240234,45.36408615112305,-1.0833769326084128,2.2563016412527688,0.756,False,False,0.0,False,False,-1.0,-1.0,0.004285445819002597,-0.004285445819002597,1.5562642520235666
2021-03-26 00:00:00-04:00,52.05513381958008,46.45988082885742,-1.0835891178827337,1.7117125353015368,0.105,False,False,0.0,False,False,-1.0,-1.0,-0.005318328031082838,0.005318328031082838,1.5615825800546492
2021-03-29 00:00:00-04:00,51.541099548339844,46.32412338256836,-1.083097469059523,1.3675587562789886,-0.286,False,False,0.0,False,True,0.0,0.0,-0.00338352254769613,0.00338352254769613,1.5649661026023454
2021-03-30 00:00:00-04:00,52.06501388549805,45.51923751831055,-1.0842251482099077,2.7119118408058043,1.195,False,True,0.0,False,False,0.0,0.0,0.013255551754207128,0.0,1.5649661026023454
2021-03-31 00:00:00-04:00,50.69097900390625,45.20893096923828,-1.084480052296566,1.6627951821148699,0.016,False,False,0.0,False,False,0.0,0.0,-0.010520712659057513,-0.0,1.5649661026023454
2021-04-01 00:00:00-04:00,51.64984130859375,45.32530212402344,-1.0855116375913545,2.448698375622172,0.861,False,True,0.0,False,False,0.0,0.0,0.007792717140219988,0.0,1.5649661026023454
2021-04-05 00:00:00-04:00,52.134212493896484,45.616214752197266,-1.0869685940524694,2.5508196787051105,0.92,False,False,0.0,False,False,0.0,0.0,0.0010039688092599514,0.0,1.5649661026023454
2021-04-06 00:00:00-04:00,52.450538635253906,46.29502487182617,-1.0879311780204126,2.0847376899637595,0.36,False,False,0.0,False,False,0.0,0.0,-0.0045331509626077736,-0.0,1.5649661026023454
2021-04-07 00:00:00-04:00,52.73719024658203,45.33498764038086,-1.090406018130403,3.3036468916433037,1.645,False,False,0.0,True,False,-1.0,-1.0,0.0119301208742755,0.0,1.5649661026023454
2021-04-08 00:00:00-04:00,52.40110778808594,45.509544372558594,-1.092562093957796,2.6791046933380898,0.89,False,False,0.0,False,False,-1.0,-1.0,-0.006115581408617228,0.006115581408617228,1.5710816840109627
2021-04-09 00:00:00-04:00,52.99421310424805,45.703495025634766,-1.094978504626163,2.9498684648892066,1.187,False,False,0.0,False,False,-1.0,-1.0,0.0026277907754188906,-0.0026277907754188906,1.5684538932355439
2021-04-12 00:00:00-04:00,53.55767059326172,45.67439270019531,-1.0981159208584952,3.401892793634211,1.707,False,False,0.0,True,False,-1.0,-1.0,0.004358396483285729,-0.004358396483285729,1.564095496752258
2021-04-13 00:00:00-04:00,52.87559509277344,45.451351165771484,-1.1007396516215702,2.8454906448324877,0.921,False,False,0.0,False,False,-1.0,-1.0,-0.005406912846276159,0.005406912846276159,1.5695024095985342
2021-04-14 00:00:00-04:00,53.399513244628906,45.79076385498047,-1.1032285209215733,2.881836565029765,0.914,False,False,0.0,False,False,-1.0,-1.0,0.0003497584973552424,-0.0003497584973552424,1.569152651101179
2021-04-15 00:00:00-04:00,53.409385681152344,46.081687927246094,-1.1051147441296676,2.483832918370588,0.352,False,False,0.0,False,False,-1.0,-1.0,-0.003814672750998459,0.003814672750998459,1.5729673238521775
2021-04-16 00:00:00-04:00,53.745487213134766,46.06229019165039,-1.1071471918853053,2.7477519756429913,0.678,False,False,0.0,False,False,-1.0,-1.0,0.002519676701724624,-0.002519676701724624,1.570447647150453
2021-04-19 00:00:00-04:00,53.63674545288086,46.081687927246094,-1.10893590554638,2.535107122174523,0.312,False,False,0.0,False,False,-1.0,-1.0,-0.0020302476111130376,0.0020302476111130376,1.5724778947615659
2021-04-20 00:00:00-04:00,53.31053924560547,45.538639068603516,-1.110893187444837,2.7219753387845316,0.563,False,False,0.0,False,False,-1.0,-1.0,0.0017985546644792632,-0.0017985546644792632,1.5706793400970867
2021-04-21 00:00:00-04:00,54.1804313659668,46.81869125366211,-1.1120719234120575,2.1146793318715,-0.428,False,False,0.0,False,True,0.0,0.0,-0.005715932445557163,0.005715932445557163,1.5763952725426438
2021-04-22 00:00:00-04:00,53.656517028808594,46.62473678588867,-1.1125112844186766,1.7859712214568688,-0.909,False,False,0.0,False,False,0.0,0.0,-0.0031149176484233064,-0.0,1.5763952725426438
2021-04-23 00:00:00-04:00,54.575836181640625,47.15808868408203,-1.1130976078877486,2.0842804748306136,-0.388,False,False,0.0,False,False,0.0,0.0,0.002786182124288053,0.0,1.5763952725426438
2021-04-26 00:00:00-04:00,54.59560012817383,47.39082336425781,-1.1133856264561468,1.8313385684870482,-0.758,False,False,0.0,False,False,0.0,0.0,-0.002356019301505546,-0.0,1.5763952725426438
2021-04-27 00:00:00-04:00,54.92182159423828,47.67205047607422,-1.113572139576884,1.835554347579098,-0.739,False,False,0.0,False,False,0.0,0.0,3.9032068220926895e-05,0.0,1.5763952725426438
2021-04-28 00:00:00-04:00,54.75376510620117,47.70114517211914,-1.113453118980783,1.6407762353499962,-1.16,False,False,0.0,False,False,0.0,0.0,-0.0018057288742603596,-0.0,1.5763952725426438
2021-04-29 00:00:00-04:00,55.505043029785156,48.059940338134766,-1.113694595688366,1.9809472060991666,-0.687,False,False,0.0,False,False,0.0,0.0,0.0031200005276235425,0.0,1.5763952725426438
2021-04-30 00:00:00-04:00,55.10963821411133,47.284156799316406,-1.114645851013806,2.404549019067055,0.117,False,False,0.0,False,False,0.0,0.0,0.003928979121380369,0.0,1.5763952725426438
2021-05-03 00:00:00-04:00,56.38481903076172,48.22479248046875,-1.1160663545018108,2.562750690478623,0.429,False,True,0.0,False,False,0.0,0.0,0.0014354971380230927,0.0,1.5763952725426438
2021-05-04 00:00:00-04:00,56.81976318359375,48.28297805786133,-1.1180277425664737,2.8380542211764634,0.941,False,False,0.0,False,False,0.0,0.0,0.0024846558927940346,0.0,1.5763952725426438
2021-05-05 00:00:00-04:00,56.62205505371094,46.23684310913086,-1.1227334310046044,4.710405550974848,3.472,False,False,0.0,True,False,-1.0,-1.0,0.017251335310540312,0.0,1.5763952725426438
2021-05-06 00:00:00-04:00,57.511722564697266,46.944740295410156,-1.1281930883355729,4.548991029707068,2.797,False,False,0.0,False,False,-1.0,-1.0,-0.001461102682816845,0.001461102682816845,1.5778563752254606
2021-05-07 00:00:00-04:00,57.76873779296875,47.38113021850586,-1.1332674801281326,4.073243744619695,1.965,False,False,0.0,False,False,-1.0,-1.0,-0.004268160980687093,0.004268160980687093,1.5821245362061478
2021-05-10 00:00:00-04:00,57.75885772705078,45.567726135253906,-1.1405351880316699,5.787262631203333,3.302,False,False,0.0,False,False,-1.0,-1.0,0.015620266229558121,-0.015620266229558121,1.5665042699765896
2021-05-11 00:00:00-04:00,57.047115325927734,45.664695739746094,-1.1470581036939003,4.667056024935654,1.935,False,False,0.0,False,False,-1.0,-1.0,-0.010237005662322024,0.010237005662322024,1.5767412756389114
2021-05-12 00:00:00-04:00,56.009178161621094,43.81251525878906,-1.1543620544253883,5.433673037941681,2.376,False,False,0.0,False,False,-1.0,-1.0,0.007192562658876462,-0.007192562658876462,1.5695487129800352
2021-05-13 00:00:00-04:00,57.4820671081543,44.65861129760742,-1.1621817840435162,5.580642557394974,2.233,False,False,0.0,False,False,-1.0,-1.0,0.001343617004946072,-0.001343617004946072,1.568205095975089
2021-05-14 00:00:00-04:00,58.25310134887695,45.04762649536133,-1.1701489006580972,5.540670728073323,2.001,False,False,0.0,False,False,-1.0,-1.0,-0.0003602184264981715,0.0003602184264981715,1.568565314401587
2021-05-17 00:00:00-04:00,57.778621673583984,44.950374603271484,-1.177242431310845,4.8611333872954035,1.376,False,False,0.0,False,False,-1.0,-1.0,-0.00613876441569855,0.00613876441569855,1.5747040788172857
2021-05-18 00:00:00-04:00,57.4721794128418,44.5224609375,-1.1838939128530273,4.7623089236988605,1.222,False,False,0.0,False,False,-1.0,-1.0,-0.0008969198130226729,0.0008969198130226729,1.5756009986303083
2021-05-19 00:00:00-04:00,57.541378021240234,43.588829040527344,-1.1915514024359433,5.603047647459306,1.736,False,False,0.0,True,False,-1.0,-1.0,0.007679402293682761,-0.007679402293682761,1.5679215963366255
2021-05-20 00:00:00-04:00,57.09653854370117,42.91778564453125,-1.1996014205484373,5.6123019177281535,1.614,False,False,0.0,False,False,-1.0,-1.0,8.522936269690833e-05,-8.522936269690833e-05,1.5678363669739286
2021-05-21 00:00:00-04:00,57.07677459716797,43.47212600708008,-1.2064675619437277,4.629064720895549,0.849,False,False,0.0,False,False,-1.0,-1.0,-0.00897732777798227,0.00897732777798227,1.576813694751911
2021-05-24 00:00:00-04:00,57.90712356567383,43.909767150878906,-1.2129463519518229,4.646931684961274,0.812,False,False,0.0,False,False,-1.0,-1.0,0.00016072137744786683,-0.00016072137744786683,1.576652973374463
2021-05-25 00:00:00-04:00,56.762184143066406,43.374874114990234,-1.2182787744311145,3.919495665152226,0.269,False,False,0.0,False,False,-1.0,-1.0,-0.0066368948972237735,0.0066368948972237735,1.5832898682716867
2021-05-26 00:00:00-04:00,56.9304084777832,43.549922943115234,-1.2228653882604634,3.674715049237328,0.07,False,False,0.0,False,False,-1.0,-1.0,-0.002221519880274828,0.002221519880274828,1.5855113881519616
2021-05-27 00:00:00-04:00,57.573638916015625,43.938941955566406,-1.227158828437994,3.653578383017738,0.039,False,False,0.0,False,False,-1.0,-1.0,-0.00018957722565530135,0.00018957722565530135,1.585700965377617
2021-05-28 00:00:00-04:00,57.77155685424805,44.25014877319336,-1.2308643457884394,3.305626433490289,-0.214,False,False,0.0,False,True,0.0,0.0,-0.0031001402292167523,0.0031001402292167523,1.5888011056068336
2021-06-01 00:00:00-04:00,57.890296936035156,44.70724105834961,-1.2335680936940847,2.740870809364914,-0.626,False,False,0.0,False,False,0.0,0.0,-0.004996081101614996,-0.0,1.5888011056068336
2021-06-02 00:00:00-04:00,57.682491302490234,44.4057502746582,-1.235981302038928,2.7978142600027027,-0.581,False,False,0.0,False,False,0.0,0.0,0.0005058619797850621,0.0,1.5888011056068336
2021-06-03 00:00:00-04:00,57.58353042602539,44.71696853637695,-1.2375176647367199,2.2454919487828064,-0.976,False,False,0.0,False,False,0.0,0.0,-0.004891202952493799,-0.0,1.5888011056068336
2021-06-04 00:00:00-04:00,57.454891204833984,44.697509765625,-1.2385223301411346,2.0960272584059894,-1.058,False,False,0.0,False,False,0.0,0.0,-0.0013248800217350546,-0.0,1.5888011056068336
2021-06-07 00:00:00-04:00,56.712703704833984,44.668338775634766,-1.2383552101723896,1.3974336522812933,-1.496,False,False,0.0,False,False,0.0,0.0,-0.006235885401601611,-0.0,1.5888011056068336
2021-06-08 00:00:00-04:00,56.752288818359375,44.639163970947266,-1.2378922577637566,1.4938133456769265,-1.368,False,False,0.0,False,False,0.0,0.0,0.0008604502790928746,0.0,1.5888011056068336
2021-06-09 00:00:00-04:00,55.86166763305664,44.24042892456055,-1.2368318659092994,1.1436953776646774,-1.549,True,False,1.0,False,False,0.0,1.0,-0.0031662064405838524,-0.0,1.5888011056068336
2021-06-10 00:00:00-04:00,55.337188720703125,43.335968017578125,-1.2364076395483723,1.756266796545603,-1.139,False,False,1.0,False,False,0.0,1.0,0.0056241465744689715,0.0056241465744689715,1.5944252521813027
2021-06-11 00:00:00-04:00,55.663753509521484,43.31652069091797,-1.2366893028009047,2.0946757365091813,-0.914,False,False,1.0,False,False,0.0,1.0,0.003098051528924249,0.003098051528924249,1.597523303710227
2021-06-14 00:00:00-04:00,55.23823165893555,42.75244903564453,-1.2375597977941988,2.329519475176511,-0.775,False,False,1.0,False,False,0.0,1.0,0.002171524504741643,0.002171524504741643,1.5996948282149686
2021-06-15 00:00:00-04:00,55.92103958129883,43.09284591674805,-1.238933864521708,2.5318534564236614,-0.661,False,False,1.0,False,False,0.0,1.0,0.0018510068929051932,0.0018510068929051932,1.6015458351078737
2021-06-16 00:00:00-04:00,55.54500198364258,42.499595642089844,-1.2408824048040614,2.8080015400859253,-0.507,False,False,1.0,False,False,0.0,1.0,0.0025502676111658104,0.0025502676111658104,1.6040961027190397
2021-06-17 00:00:00-04:00,53.89241409301758,42.314815521240234,-1.2410423934780122,1.3779341589570606,-1.466,False,False,1.0,False,False,0.0,1.0,-0.013439612106006454,-0.013439612106006454,1.5906564906130334
2021-06-18 00:00:00-04:00,52.457523345947266,41.53678894042969,-1.2399413401493455,0.9543416016503627,-1.666,True,False,1.0,False,False,0.0,1.0,-0.004074544867111029,-0.004074544867111029,1.5865819457459223
2021-06-21 00:00:00-04:00,53.99136734008789,42.217559814453125,-1.239368506510283,1.6682532843405795,-1.159,False,False,1.0,False,False,0.0,1.0,0.006715093497302088,0.006715093497302088,1.5932970392432244
2021-06-22 00:00:00-04:00,53.852821350097656,42.29536437988281,-1.238701990094628,1.461469320959381,-1.239,False,False,1.0,False,False,0.0,1.0,-0.0019463087414976472,-0.0019463087414976472,1.5913507305017267
2021-06-23 00:00:00-04:00,53.6648063659668,42.373172760009766,-1.2376599671468864,1.2212267599037645,-1.305,False,False,1.0,False,False,0.0,1.0,-0.0022641241675181493,-0.0022641241675181493,1.5890866063342086
2021-06-24 00:00:00-04:00,54.5455322265625,43.131736755371094,-1.2364645046254847,1.2146707056957666,-1.229,False,False,1.0,False,False,0.0,1.0,-6.077376134159203e-05,-6.077376134159203e-05,1.589025832572867
2021-06-25 00:00:00-04:00,55.040321350097656,42.946956634521484,-1.2362481128214358,1.9472272592464321,-0.736,False,False,1.0,False,False,0.0,1.0,0.006774562243904254,0.006774562243904254,1.5958003948167712
2021-06-28 00:00:00-04:00,53.94188690185547,43.122013092041016,-1.2346382797670696,0.701798837804894,-1.424,False,False,1.0,False,False,0.0,1.0,-0.011619756230818675,-0.011619756230818675,1.5841806385859525
2021-06-29 00:00:00-04:00,53.842926025390625,43.063663482666016,-1.2325887293181965,0.7631397735048964,-1.301,False,False,1.0,False,False,0.0,1.0,0.0005736941608900688,0.0005736941608900688,1.5847543327468425
2021-06-30 00:00:00-04:00,54.08042526245117,43.131736755371094,-1.2307050463512315,0.9979791797230746,-1.099,False,False,1.0,False,False,0.0,1.0,0.002191425101533009,0.002191425101533009,1.5869457578483757
2021-07-01 00:00:00-04:00,54.624698638916016,43.394317626953125,-1.2292840478332367,1.280756213493902,-0.877,False,False,1.0,False,False,0.0,1.0,0.002619066341701212,0.002619066341701212,1.5895648241900768
2021-07-02 00:00:00-04:00,54.41688919067383,43.277626037597656,-1.228024796193514,1.2708912961138523,-0.841,False,False,1.0,False,False,0.0,1.0,-9.171302153904187e-05,-9.171302153904187e-05,1.5894731111685376
2021-07-06 00:00:00-04:00,53.348140716552734,42.878883361816406,-1.2261230893824275,0.773351779693634,-1.125,False,False,1.0,False,False,0.0,1.0,-0.004697184245641682,-0.004697184245641682,1.5847759269228958
2021-07-07 00:00:00-04:00,53.53615951538086,42.188385009765625,-1.22548153896028,1.8350725273644741,-0.335,False,False,1.0,False,False,0.0,1.0,0.01008883055142046,0.01008883055142046,1.5948647574743164
2021-07-08 00:00:00-04:00,52.32887649536133,41.7215690612793,-1.224476044141864,1.2418146558144727,-0.741,False,False,1.0,False,False,0.0,1.0,-0.0057366193364581835,-0.0057366193364581835,1.5891281381378581
2021-07-09 00:00:00-04:00,54.13980484008789,42.25646209716797,-1.2249406523474604,2.3781465928872265,0.284,False,True,0.0,False,False,0.0,0.0,0.010730087233413763,0.010730087233413763,1.599858225371272
2021-07-12 00:00:00-04:00,54.47625732421875,42.59684371948242,-1.2257991853628496,2.26108099384858,0.264,False,False,0.0,False,False,0.0,0.0,-0.0010972352233792606,-0.0,1.599858225371272
2021-07-13 00:00:00-04:00,53.694496154785156,41.86745071411133,-1.2269007599267525,2.3272890574461087,0.452,False,False,0.0,False,False,0.0,0.0,0.000630182659790355,0.0,1.599858225371272
2021-07-14 00:00:00-04:00,53.833030700683594,41.497886657714844,-1.2288227607757898,2.8394830515896246,1.148,False,False,0.0,False,False,0.0,0.0,0.004886108105469826,0.0,1.599858225371272
2021-07-15 00:00:00-04:00,54.02105712890625,41.254756927490234,-1.2315896959461723,3.212123588245305,1.675,False,False,0.0,True,False,-1.0,-1.0,0.003554713057547379,0.0,1.599858225371272
2021-07-16 00:00:00-04:00,53.45700454711914,40.66151428222656,-1.2347374000824638,3.250712118866744,1.794,False,False,0.0,False,False,-1.0,-1.0,0.0003722487297563668,-0.0003722487297563668,1.5994859766415157
2021-07-19 00:00:00-04:00,51.22054672241211,39.80569076538086,-1.2362713841072661,2.009910304548896,0.24,False,False,0.0,False,False,-1.0,-1.0,-0.01235474655899236,0.01235474655899236,1.6118407232005079
2021-07-20 00:00:00-04:00,52.77418899536133,40.583709716796875,-1.2379384517123706,2.534054223805512,0.981,False,False,0.0,False,False,-1.0,-1.0,0.005088068339336554,-0.005088068339336554,1.6067526548611715
2021-07-21 00:00:00-04:00,53.546058654785156,41.05052185058594,-1.2398274621548273,2.650494328641905,1.158,False,False,0.0,False,False,-1.0,-1.0,0.0011148821850236411,-0.0011148821850236411,1.6056377726761477
2021-07-22 00:00:00-04:00,52.96221160888672,41.10887908935547,-1.2408073048961439,1.9540141387221155,0.193,False,False,0.0,False,False,-1.0,-1.0,-0.006698830908612065,0.006698830908612065,1.61233660358476
2021-07-23 00:00:00-04:00,53.01168441772461,40.972721099853516,-1.2416954870721273,2.136041534971568,0.448,False,True,0.0,False,False,-1.0,-1.0,0.001752161702292784,-0.001752161702292784,1.6105844418824673
2021-07-26 00:00:00-04:00,53.40752029418945,41.186676025390625,-1.242677924566615,2.225747211159465,0.541,False,False,0.0,False,False,-1.0,-1.0,0.0008576946386314903,-0.0008576946386314903,1.6097267472438357
2021-07-27 00:00:00-04:00,53.1898078918457,41.36172866821289,-1.2430508912575262,1.7750742068716931,-0.107,False,False,0.0,False,False,-1.0,-1.0,-0.004308350263710164,0.004308350263710164,1.614035097507546
2021-07-28 00:00:00-04:00,52.69501876831055,41.643768310546875,-1.2420327931495527,0.9720928962891833,-1.227,False,False,0.0,False,True,0.0,0.0,-0.0076900700674427435,0.0076900700674427435,1.6217251675749886
2021-07-29 00:00:00-04:00,53.29867172241211,42.032779693603516,-1.240724048556752,1.1475911288703244,-0.942,False,False,0.0,False,False,0.0,0.0,0.0016642830232099972,0.0,1.6217251675749886
2021-07-30 00:00:00-04:00,53.07106018066406,41.6048698425293,-1.239795114389282,1.4895458150942602,-0.444,False,False,0.0,False,False,0.0,0.0,0.003267522922456777,0.0,1.6217251675749886
2021-08-02 00:00:00-04:00,53.09085464477539,41.3131103515625,-1.2395749057013163,1.880159776509231,0.116,False,False,0.0,False,False,0.0,0.0,0.003745044663656983,0.0,1.6217251675749886
2021-08-03 00:00:00-04:00,53.021583557128906,41.88690185546875,-1.2385690455524434,1.1417635048521078,-0.861,False,False,0.0,False,True,0.0,0.0,-0.007038955116430081,-0.0,1.6217251675749886
2021-08-04 00:00:00-04:00,52.457523345947266,41.10887908935547,-1.2378736761035611,1.5699240671099943,-0.217,False,False,0.0,False,False,0.0,0.0,0.0041430166357478765,0.0,1.6217251675749886
2021-08-05 00:00:00-04:00,53.45700454711914,40.30167007446289,-1.240040941283341,3.4812836526915163,2.268,False,True,0.0,True,False,-1.0,-1.0,0.01847925380890881,0.0,1.6217251675749886
2021-08-06 00:00:00-04:00,54.35750961303711,43.53047561645508,-1.238935841054161,0.42604319367668353,-1.735,True,False,1.0,False,True,0.0,1.0,-0.028213771807213104,0.028213771807213104,1.6499389393822015
2021-08-09 00:00:00-04:00,54.52574157714844,43.938941955566406,-1.2362346717374737,0.20689809221688904,-1.855,False,False,1.0,False,False,0.0,1.0,-0.002013376240396379,-0.002013376240396379,1.6479255631418053
2021-08-10 00:00:00-04:00,55.01063537597656,44.376583099365234,-1.2330434025599022,0.2923823571530022,-1.638,False,False,1.0,False,False,0.0,1.0,0.00077904976699066,0.00077904976699066,1.6487046129087959
2021-08-11 00:00:00-04:00,55.594486236572266,44.483558654785156,-1.2304861586306859,0.858083025222875,-0.953,False,False,1.0,False,False,0.0,1.0,0.005127309957352375,0.005127309957352375,1.6538319228661482
2021-08-12 00:00:00-04:00,55.56480026245117,44.93229675292969,-1.2275351745377125,0.4088255254633353,-1.408,False,False,1.0,False,False,0.0,1.0,-0.004057571849201886,-0.004057571849201886,1.6497743510169465
2021-08-13 00:00:00-04:00,55.06011199951172,44.864009857177734,-1.2240651185317646,0.1436424558752023,-1.585,True,False,1.0,False,False,0.0,1.0,-0.0024112685252368118,-0.0024112685252368118,1.6473630824917096
2021-08-16 00:00:00-04:00,54.87208938598633,44.06407928466797,-1.221688398077124,1.0395149519569316,-0.627,False,False,1.0,False,False,0.0,1.0,0.00824134369768202,0.00824134369768202,1.6556044261893916
2021-08-17 00:00:00-04:00,54.86516189575195,43.96653366088867,-1.2199951769927868,1.2262028803767606,-0.442,False,False,1.0,False,False,0.0,1.0,0.001720560720202878,0.001720560720202878,1.6573249869095945
2021-08-18 00:00:00-04:00,54.19147872924805,42.864200592041016,-1.2195449237508469,1.9166604865863803,0.296,False,True,0.0,False,False,0.0,0.0,0.0064852223271350505,0.0064852223271350505,1.6638102092367295
2021-08-19 00:00:00-04:00,54.141937255859375,41.50822830200195,-1.2217087300001135,3.4309723724658028,1.818,False,False,0.0,True,False,-1.0,-1.0,0.014442250571837264,0.0,1.6638102092367295
2021-08-20 00:00:00-04:00,54.508506774902344,40.91316223144531,-1.226156816324927,4.342554027408113,2.435,False,False,0.0,False,False,-1.0,-1.0,0.008708730468746909,-0.008708730468746909,1.6551014787679827
2021-08-23 00:00:00-04:00,54.95432662963867,40.92292404174805,-1.2317764885982476,4.546430950321458,2.335,False,False,0.0,False,False,-1.0,-1.0,0.0019350097069470724,-0.0019350097069470724,1.6531664690610355
2021-08-24 00:00:00-04:00,55.063297271728516,41.50822830200195,-1.236700997038916,3.73002994532375,1.505,False,False,0.0,False,False,-1.0,-1.0,-0.00767318952525683,0.00767318952525683,1.6608396585862923
2021-08-25 00:00:00-04:00,55.736968994140625,42.7081184387207,-1.2400137722254725,2.7783139442903106,0.651,False,False,0.0,False,False,-1.0,-1.0,-0.00875578947546466,0.00875578947546466,1.6695954480617572
2021-08-26 00:00:00-04:00,55.083106994628906,42.91298294067383,-1.241328030121087,1.8140184142624562,-0.16,False,False,0.0,False,False,-1.0,-1.0,-0.008899639964936592,0.008899639964936592,1.6784950880266938
2021-08-27 00:00:00-04:00,56.00447082519531,43.09832000732422,-1.2427723875815448,2.4430687689395327,0.374,False,True,0.0,False,False,-1.0,-1.0,0.00574129825404395,-0.00574129825404395,1.6727537897726497
2021-08-30 00:00:00-04:00,55.310970306396484,42.68860626220703,-1.243931136251146,2.2092838136715045,0.177,False,False,0.0,False,False,-1.0,-1.0,-0.0021564359934579404,0.0021564359934579404,1.6749102257661077
2021-08-31 00:00:00-04:00,55.35060119628906,42.893470764160156,-1.2446313571296668,1.9640424670907208,-0.011,False,False,0.0,False,False,-1.0,-1.0,-0.0022553591315869967,0.0022553591315869967,1.6771655848976947
2021-09-01 00:00:00-04:00,55.14255142211914,43.29343032836914,-1.244177684763479,1.2778315106998406,-0.561,False,False,0.0,False,True,0.0,0.0,-0.006295093418963077,0.006295093418963077,1.6834606783166577
2021-09-02 00:00:00-04:00,54.95432662963867,43.82020568847656,-1.2422031183914028,0.5207304748603931,-1.153,False,False,0.0,False,False,0.0,0.0,-0.006921248859726053,-0.0,1.6834606783166577
2021-09-03 00:00:00-04:00,54.25092315673828,43.82020568847656,-1.2388583998145954,-0.036106742034228034,-1.529,True,False,1.0,False,False,0.0,1.0,-0.005130345664523741,-0.0,1.6834606783166577
2021-09-07 00:00:00-04:00,54.4094352722168,43.244651794433594,-1.2363911928826812,0.9421286543008662,-0.665,False,False,1.0,False,False,0.0,1.0,0.009068084363646985,0.009068084363646985,1.692528762680305
2021-09-08 00:00:00-04:00,54.716548919677734,43.05929946899414,-1.2350992561673455,1.5340401744360932,-0.141,False,False,1.0,False,False,0.0,1.0,0.005485789523513807,0.005485789523513807,1.6980145522038188
2021-09-09 00:00:00-04:00,54.07259750366211,42.51301956176758,-1.2343435705535215,1.5969251427782112,-0.078,False,False,1.0,False,False,0.0,1.0,0.0005902016843827043,0.0005902016843827043,1.6986047538882014
2021-09-10 00:00:00-04:00,52.99273681640625,42.35692596435547,-1.2326345106842527,0.7821281062438317,-0.733,False,False,1.0,False,True,0.0,1.0,-0.007744972676069564,-0.007744972676069564,1.690859781212132
2021-09-13 00:00:00-04:00,53.54751968383789,42.08378601074219,-1.2318732706626592,1.7056285689174473,0.061,False,False,1.0,False,False,0.0,1.0,0.008762744337161586,0.008762744337161586,1.6996225255492936
2021-09-14 00:00:00-04:00,52.685611724853516,41.2253303527832,-1.2317569058553715,1.9060263666437507,0.227,False,True,0.0,False,False,0.0,0.0,0.0019368618953619862,0.0019368618953619862,1.7015593874446555
2021-09-15 00:00:00-04:00,53.46826934814453,41.917945861816406,-1.2317844116922794,1.8343970653981927,0.146,False,False,0.0,False,False,0.0,0.0,-0.0006815208532773154,-0.0,1.7015593874446555
2021-09-16 00:00:00-04:00,53.1512451171875,41.537498474121094,-1.2320660083014576,1.9743051773492368,0.245,False,True,0.0,False,False,0.0,0.0,0.0013410384918952668,0.0,1.7015593874446555
2021-09-17 00:00:00-04:00,52.586544036865234,40.844886779785156,-1.2328121754008792,2.2324703118756872,0.445,False,False,0.0,False,False,0.0,0.0,0.0025079034897934616,0.0,1.7015593874446555
2021-09-20 00:00:00-04:00,51.77415466308594,40.47418212890625,-1.2332090867950793,1.8610254811197393,0.129,False,False,0.0,False,False,0.0,0.0,-0.0036528149510015803,-0.0,1.7015593874446555
2021-09-21 00:00:00-04:00,51.21936798095703,40.38638687133789,-1.2328560533397719,1.4287664541062242,-0.246,False,False,0.0,False,True,0.0,0.0,-0.004279369938628707,-0.0,1.7015593874446555
2021-09-22 00:00:00-04:00,51.88313674926758,40.91316223144531,-1.2322666116220329,1.4672129555819353,-0.211,False,False,0.0,False,False,0.0,0.0,0.000375824580124744,0.0,1.7015593874446555
2021-09-23 00:00:00-04:00,52.447837829589844,41.37165832519531,-1.231622070114101,1.4935903590595103,-0.143,False,False,0.0,False,False,0.0,0.0,0.0002550954693129805,0.0,1.7015593874446555
2021-09-24 00:00:00-04:00,52.4676628112793,41.274112701416016,-1.2311825536436614,1.6516953361736455,-0.036,False,False,0.0,False,False,0.0,0.0,0.0015307844687075924,0.0,1.7015593874446555
2021-09-27 00:00:00-04:00,53.418731689453125,42.39595413208008,-1.230260210567741,1.2606762317000033,-0.427,False,False,0.0,False,True,0.0,0.0,-0.003703646559432068,-0.0,1.7015593874446555
2021-09-28 00:00:00-04:00,52.883750915527344,41.98623275756836,-1.2291730098260223,1.2754068256511104,-0.452,False,False,0.0,False,False,0.0,0.0,0.0001409732855901237,0.0,1.7015593874446555
2021-09-29 00:00:00-04:00,53.83483123779297,41.81064224243164,-1.229666501914411,2.4216850487471433,0.595,False,True,0.0,False,False,0.0,0.0,0.010891213789764723,0.0,1.7015593874446555
2021-09-30 00:00:00-04:00,53.42864227294922,41.04974365234375,-1.2314269020851367,2.878883615754546,0.974,False,False,0.0,False,False,0.0,0.0,0.004397053262192057,0.0,1.7015593874446555
2021-10-01 00:00:00-04:00,54.75617980957031,42.434967041015625,-1.2330436442066224,2.432013407528494,0.498,False,False,0.0,False,False,0.0,0.0,-0.004173223416208866,-0.0,1.7015593874446555
2021-10-04 00:00:00-04:00,54.51841735839844,41.50822830200195,-1.2357372987077822,3.2251514423366316,1.219,False,False,0.0,False,False,0.0,0.0,0.007495751038671712,0.0,1.7015593874446555
2021-10-05 00:00:00-04:00,55.75679397583008,42.39595413208008,-1.2388669231776162,3.233848725040687,1.155,False,False,0.0,False,False,0.0,0.0,8.032234623185457e-05,0.0,1.7015593874446555
2021-10-06 00:00:00-04:00,56.05400085449219,40.97169494628906,-1.2447627862046848,5.053959697621011,2.551,False,False,0.0,True,False,-1.0,-1.0,0.01700179590030917,0.0,1.7015593874446555
2021-10-07 00:00:00-04:00,56.40074920654297,41.44969940185547,-1.2510170843022566,4.546467115628751,1.983,False,False,0.0,False,False,-1.0,-1.0,-0.004687935294183231,0.004687935294183231,1.7062473227388386
2021-10-08 00:00:00-04:00,56.88619613647461,41.732601165771484,-1.2572315772792184,4.418652148867174,1.867,False,False,0.0,False,False,-1.0,-1.0,-0.0011688211726141853,0.0011688211726141853,1.7074161439114528
2021-10-11 00:00:00-04:00,56.26204299926758,41.42043685913086,-1.2627652525285462,3.9577545890044945,1.536,False,False,0.0,False,False,-1.0,-1.0,-0.004245308410800913,0.004245308410800913,1.7116614523222538
2021-10-12 00:00:00-04:00,56.36111831665039,40.92292404174805,-1.2687264142061498,4.441123638332748,1.878,False,False,0.0,False,False,-1.0,-1.0,0.004464019956561732,-0.004464019956561732,1.707197432365692
2021-10-13 00:00:00-04:00,55.63790512084961,41.2058219909668,-1.273054075541793,3.1806654991996908,0.81,False,False,0.0,False,False,-1.0,-1.0,-0.011660636027045214,0.011660636027045214,1.7188580683927372
2021-10-14 00:00:00-04:00,56.559261322021484,42.30815505981445,-1.2758866660752906,2.5788504149583886,0.293,False,False,0.0,False,False,-1.0,-1.0,-0.005444335704145104,0.005444335704145104,1.7243024040968824
2021-10-15 00:00:00-04:00,57.084327697753906,42.444732666015625,-1.2784780746337943,2.8196676005601375,0.482,False,False,0.0,False,False,-1.0,-1.0,0.002162724514795057,-0.002162724514795057,1.7221396795820874
2021-10-18 00:00:00-04:00,56.53944778442383,42.22036361694336,-1.2804794009129463,2.4771418738734425,0.192,False,False,0.0,False,False,-1.0,-1.0,-0.003096928531814587,0.003096928531814587,1.7252366081139021
2021-10-19 00:00:00-04:00,56.935726165771484,42.561790466308594,-1.2820937641516246,2.367520017789168,0.091,False,False,0.0,False,False,-1.0,-1.0,-0.0009831209878393918,0.0009831209878393918,1.7262197291017414
2021-10-20 00:00:00-04:00,57.5400505065918,43.04954528808594,-1.2834433162469767,2.2883993391263715,0.001,False,False,0.0,False,False,-1.0,-1.0,-0.0007014760615230166,0.0007014760615230166,1.7269212051632645
2021-10-21 00:00:00-04:00,56.965450286865234,41.66431427001953,-1.286241981417601,3.375060145789689,0.859,False,True,0.0,False,False,-1.0,-1.0,0.009829067396684417,-0.009829067396684417,1.71709213776658
2021-10-22 00:00:00-04:00,57.02489471435547,41.703338623046875,-1.2894259568147362,3.2515274079643106,0.715,False,False,0.0,False,False,-1.0,-1.0,-0.0011149338949219929,0.0011149338949219929,1.718207071661502
2021-10-25 00:00:00-04:00,57.12397003173828,41.47896957397461,-1.2930972961737708,3.48762662755761,0.878,False,False,0.0,False,False,-1.0,-1.0,0.0021316228915323177,-0.0021316228915323177,1.7160754487699696
2021-10-26 00:00:00-04:00,56.7772102355957,41.66431427001953,-1.295950083840393,2.7823386642114087,0.191,False,False,0.0,False,False,-1.0,-1.0,-0.006367019124684894,0.006367019124684894,1.7224424678946546
2021-10-27 00:00:00-04:00,55.07320785522461,41.07900619506836,-1.2970638570332713,1.7911136367555969,-0.751,False,False,0.0,False,True,0.0,0.0,-0.009147914393535343,0.009147914393535343,1.7315903822881897
2021-10-28 00:00:00-04:00,55.88558578491211,41.98623275756836,-1.2969868587015765,1.4299936519602952,-1.14,False,False,0.0,False,False,0.0,0.0,-0.00327275810907251,-0.0,1.7315903822881897
2021-10-29 00:00:00-04:00,55.548744201660156,42.09354019165039,-1.2958329980729402,1.002545815610027,-1.499,False,False,0.0,False,False,0.0,0.0,-0.0038825383464797174,-0.0,1.7315903822881897
2021-11-01 00:00:00-04:00,56.56916427612305,41.956966400146484,-1.2959715788060817,2.1941282886114877,-0.378,False,False,0.0,False,False,0.0,0.0,0.010740376424994959,0.0,1.7315903822881897
2021-11-02 00:00:00-04:00,56.856468200683594,41.791133880615234,-1.2972547579521663,2.642720933839506,0.026,False,False,0.0,False,False,0.0,0.0,0.004038820338465699,0.0,1.7315903822881897
2021-11-03 00:00:00-04:00,56.856468200683594,43.71289825439453,-1.2955107469543594,0.22593873159301836,-2.097,True,False,1.0,False,True,0.0,1.0,-0.021295674851482718,-0.0,1.7315903822881897
2021-11-04 00:00:00-04:00,56.13325500488281,46.23948669433594,-1.2873671798657222,-3.3939425792430313,-3.83,False,False,1.0,False,False,0.0,1.0,-0.03129748526662821,-0.03129748526662821,1.7002928970215616
2021-11-05 00:00:00-04:00,56.688053131103516,46.43458557128906,-1.2778726478864697,-2.649433686390502,-2.823,False,False,1.0,False,False,0.0,1.0,0.006416767318491835,0.006416767318491835,1.7067096643400534
2021-11-08 00:00:00-05:00,57.48061752319336,45.40054702758789,-1.2713723316065588,-0.24038180748428317,-1.374,False,False,1.0,False,False,0.0,1.0,0.020911615172571858,0.020911615172571858,1.7276212795126253
2021-11-09 00:00:00-05:00,57.12397003173828,46.678462982177734,-1.2636979964480215,-1.863510116112863,-2.077,True,False,1.0,False,False,0.0,1.0,-0.01397905465927856,-0.01397905465927856,1.7136422248533467
2021-11-10 00:00:00-05:00,56.688053131103516,46.64911651611328,-1.2555914679639444,-1.884179554584243,-1.918,False,False,1.0,False,False,0.0,1.0,-0.00017932836384107565,-0.00017932836384107565,1.7134628964895058
2021-11-11 00:00:00-05:00,57.02489471435547,46.65889358520508,-1.2482998842360746,-1.2193967466393545,-1.496,False,False,1.0,False,False,0.0,1.0,0.005767220451557668,0.005767220451557668,1.7192301169410635
2021-11-12 00:00:00-05:00,56.50973129272461,47.64706039428711,-1.2394530940968012,-2.546565137591699,-1.949,True,False,1.0,False,False,0.0,1.0,-0.01148407033711466,-0.01148407033711466,1.707746046603949
2021-11-15 00:00:00-05:00,55.70725631713867,47.32420349121094,-1.230133840196616,-2.5078478577507397,-1.787,False,False,1.0,False,False,0.0,1.0,0.0003398567206098992,0.0003398567206098992,1.7080859033245588
2021-11-16 00:00:00-05:00,55.954933166503906,47.38290023803711,-1.2214965482227502,-1.9231159190413507,-1.439,False,False,1.0,False,False,0.0,1.0,0.005136753225130083,0.005136753225130083,1.7132226565496889
2021-11-17 00:00:00-05:00,56.638519287109375,47.304630279541016,-1.2146828911741159,-0.8216057867661277,-0.933,False,False,1.0,False,False,0.0,1.0,0.009654015947729135,0.009654015947729135,1.722876672497418
2021-11-18 00:00:00-05:00,56.1629753112793,47.61772155761719,-1.2078132767954823,-1.3503409967611972,-1.085,False,False,1.0,False,False,0.0,1.0,-0.004651235560759696,-0.004651235560759696,1.7182254369366583
2021-11-19 00:00:00-05:00,55.11283493041992,46.77630615234375,-1.20132857766058,-1.0808784077910332,-0.922,False,False,1.0,False,False,0.0,1.0,0.002420905087451227,0.002420905087451227,1.7206463420241094
2021-11-22 00:00:00-05:00,56.17288589477539,46.52192687988281,-1.1971614993718949,0.4786261575852251,-0.272,False,False,1.0,False,False,0.0,1.0,0.013940684340931611,0.013940684340931611,1.7345870263650411
2021-11-23 00:00:00-05:00,56.929630279541016,46.86436462402344,-1.194489226163213,0.9506516451606046,-0.035,False,False,1.0,False,False,0.0,1.0,0.004180597849143987,0.004180597849143987,1.738767624214185
2021-11-24 00:00:00-05:00,56.38413619995117,46.5414924621582,-1.192282036553265,0.8935507829407641,-0.015,False,False,1.0,False,False,0.0,1.0,-0.0005104000384943382,-0.0005104000384943382,1.7382572241756908
2021-11-26 00:00:00-05:00,54.61872482299805,45.81749725341797,-1.189193557354616,0.13285227512058384,-0.3,False,False,1.0,False,True,0.0,1.0,-0.006972194812601379,-0.006972194812601379,1.7312850293630895
2021-11-29 00:00:00-05:00,54.65839767456055,45.58268356323242,-1.1864057275083697,0.5788408199399768,-0.057,False,False,1.0,False,False,0.0,1.0,0.004101498384353981,0.004101498384353981,1.7353865277474434
2021-11-30 00:00:00-05:00,53.02192306518555,44.02706527709961,-1.1841555039579512,0.8870313941920429,0.14,False,False,1.0,False,False,0.0,1.0,0.002930771296423013,0.002930771296423013,1.7383172990438664
2021-12-01 00:00:00-05:00,52.992164611816406,43.69441604614258,-1.1826849939853425,1.3154344330912195,0.384,False,True,0.0,False,False,0.0,0.0,0.004092935535017126,0.004092935535017126,1.7424102345788834
2021-12-02 00:00:00-05:00,54.61872482299805,45.19133377075195,-1.1813730281051071,1.2309020021362258,0.367,False,False,0.0,False,False,0.0,0.0,-0.0007826602442078832,-0.0,1.7424102345788834
2021-12-03 00:00:00-05:00,54.42036437988281,45.04457473754883,-1.1801603829664533,1.260541807056157,0.413,False,False,0.0,False,False,0.0,0.0,0.00027551360301093645,0.0,1.7424102345788834
2021-12-06 00:00:00-05:00,55.759300231933594,46.08164978027344,-1.1792028285514575,1.4196884667175027,0.517,False,False,0.0,False,False,0.0,0.0,0.001445488032301953,0.0,1.7424102345788834
2021-12-07 00:00:00-05:00,56.38413619995117,46.71760177612305,-1.1782278894256173,1.3401548602432456,0.497,False,False,0.0,False,False,0.0,0.0,-0.0007137660424528827,-0.0,1.7424102345788834
2021-12-08 00:00:00-05:00,56.32463455200195,47.06982421875,-1.1766896308391248,0.9380604683785165,0.311,False,False,0.0,False,False,0.0,0.0,-0.003599409555904659,-0.0,1.7424102345788834
2021-12-09 00:00:00-05:00,56.17586135864258,46.99155044555664,-1.17498418213795,0.9615328909759882,0.376,False,False,0.0,False,False,0.0,0.0,0.00021072252982127235,0.0,1.7424102345788834
2021-12-10 00:00:00-05:00,56.632083892822266,46.923065185546875,-1.1740271017280972,1.5431336688360915,0.754,False,False,0.0,False,False,0.0,0.0,0.005205830598130862,0.0,1.7424102345788834
2021-12-13 00:00:00-05:00,56.3047981262207,45.621826171875,-1.1749411822697886,2.70183574653111,1.469,False,False,0.0,False,False,0.0,0.0,0.010542495565021627,0.0,1.7424102345788834
2021-12-14 00:00:00-05:00,56.24528503417969,45.30874252319336,-1.1768322795568984,2.924494286753472,1.592,False,False,0.0,True,False,-1.0,-1.0,0.002032185041163464,0.0,1.7424102345788834
2021-12-15 00:00:00-05:00,56.61225128173828,45.09349822998047,-1.1797497219015327,3.413209285351563,1.781,False,False,0.0,False,False,-1.0,-1.0,0.004450498523501552,-0.004450498523501552,1.737959736055382
2021-12-16 00:00:00-05:00,57.43545150756836,45.96424865722656,-1.1825802807483197,3.079037426119797,1.518,False,False,0.0,False,False,-1.0,-1.0,-0.0029892323334176217,0.0029892323334176217,1.7409489683887998
2021-12-17 00:00:00-05:00,56.3147087097168,45.08371353149414,-1.1851075961412478,2.8856573412871285,1.345,False,False,0.0,False,False,-1.0,-1.0,-0.00176210551465492,0.00176210551465492,1.7427110739034546
2021-12-20 00:00:00-05:00,55.124549865722656,43.7922477722168,-1.187830092419968,3.106800147172237,1.423,False,False,0.0,False,False,-1.0,-1.0,0.002064010262456313,-0.002064010262456313,1.7406470636409983
2021-12-21 00:00:00-05:00,56.294883728027344,44.82933807373047,-1.1903904146189876,2.930469391344559,1.319,False,False,0.0,False,False,-1.0,-1.0,-0.0016079872745822686,0.0016079872745822686,1.7422550509155805
2021-12-22 00:00:00-05:00,56.294883728027344,44.93695068359375,-1.1925798731706536,2.7039807811111913,1.139,False,False,0.0,False,False,-1.0,-1.0,-0.0020611274404700813,0.0020611274404700813,1.7443161783560506
2021-12-23 00:00:00-05:00,56.5527458190918,45.43592834472656,-1.1940754192501815,2.298820631841224,0.892,False,False,0.0,False,False,-1.0,-1.0,-0.0036564599007471027,0.0036564599007471027,1.7479726382567977
2021-12-27 00:00:00-05:00,57.247013092041016,45.99360656738281,-1.1952822259303264,2.2716726556160083,0.832,False,False,0.0,False,False,-1.0,-1.0,-0.0002419123763816743,0.0002419123763816743,1.7482145506331794
2021-12-28 00:00:00-05:00,57.71315383911133,46.35560607910156,-1.196360760216174,2.255125710035884,0.779,False,False,0.0,False,False,-1.0,-1.0,-0.00014621165293454157,0.00014621165293454157,1.748360762286114
2021-12-29 00:00:00-05:00,57.69332504272461,46.326255798339844,-1.1973491378695427,2.224622601858492,0.715,False,False,0.0,False,False,-1.0,-1.0,-0.0002695525067524532,0.0002695525067524532,1.7486303147928663
2021-12-30 00:00:00-05:00,57.3065185546875,46.10122299194336,-1.1980934895122863,2.0729434294860383,0.583,False,False,0.0,False,False,-1.0,-1.0,-0.001347778977365104,0.001347778977365104,1.7499780937702316
2021-12-31 00:00:00-05:00,57.286685943603516,46.25775909423828,-1.198440119263243,1.8495316178542254,0.407,False,False,0.0,False,False,-1.0,-1.0,-0.001981939322666545,0.001981939322666545,1.7519600330928982
2022-01-03 00:00:00-05:00,57.623897552490234,45.885986328125,-1.1996498179782038,2.576782406204728,0.825,False,False,0.0,False,False,-1.0,-1.0,0.006454639671117512,-0.006454639671117512,1.7455053934217806
2022-01-04 00:00:00-05:00,58.90332794189453,46.737178802490234,-1.2014149135651309,2.752584310622659,0.928,False,False,0.0,False,False,-1.0,-1.0,0.0015279937686180263,-0.0015279937686180263,1.7439773996531627
2022-01-05 00:00:00-05:00,58.29832458496094,46.2186393737793,-1.2032813310317083,2.684298680805263,0.859,False,False,0.0,False,False,-1.0,-1.0,-0.0005994576490098856,0.0005994576490098856,1.7445768573021725
2022-01-06 00:00:00-05:00,58.873573303222656,46.86436462402344,-1.2048068991963277,2.4110634777469073,0.594,False,False,0.0,False,False,-1.0,-1.0,-0.0023690348730974727,0.0023690348730974727,1.7469458921752699
2022-01-07 00:00:00-05:00,60.28193283081055,47.37311553955078,-1.207155266435434,3.095226919787528,1.189,False,False,0.0,False,False,-1.0,-1.0,0.005824222101902786,-0.005824222101902786,1.7411216700733672
2022-01-10 00:00:00-05:00,60.23234939575195,46.365386962890625,-1.2111450724462496,4.077139443583391,2.122,False,False,0.0,True,False,-1.0,-1.0,0.008436576291290765,-0.008436576291290765,1.7326850937820764
2022-01-11 00:00:00-05:00,60.629066467285156,47.36333084106445,-1.2143921655999905,3.111408557176077,1.075,False,False,0.0,False,False,-1.0,-1.0,-0.008173996287213985,0.008173996287213985,1.7408590900692902
2022-01-12 00:00:00-05:00,60.67865753173828,47.80360412597656,-1.2165571187829096,2.5228426288014205,0.419,False,False,0.0,False,False,-1.0,-1.0,-0.004952821486191211,0.004952821486191211,1.7458119115554815
2022-01-13 00:00:00-05:00,60.98611831665039,47.842742919921875,-1.2185584245220442,2.6869408793372074,0.55,False,False,0.0,False,False,-1.0,-1.0,0.0013756787833619825,-0.0013756787833619825,1.7444362327721197
2022-01-14 00:00:00-05:00,61.12497329711914,47.54922866821289,-1.2210193719352427,3.0664439726526,0.935,False,False,0.0,False,False,-1.0,-1.0,0.0031841914775766916,-0.0031841914775766916,1.741252041294543
2022-01-18 00:00:00-05:00,60.4108772277832,47.09917068481445,-1.2232670682679774,2.7960127863171635,0.575,False,False,0.0,False,False,-1.0,-1.0,-0.0022912898704189645,0.0022912898704189645,1.743543331164962
2022-01-19 00:00:00-05:00,59.1016845703125,46.19906234741211,-1.2250385008436413,2.506054491856851,0.162,False,False,0.0,False,False,-1.0,-1.0,-0.002506179986463495,0.002506179986463495,1.7460495111514254
2022-01-20 00:00:00-05:00,58.605777740478516,45.53376770019531,-1.2269595455562865,2.7376868155813554,0.424,False,True,0.0,False,False,-1.0,-1.0,0.002023451521513617,-0.002023451521513617,1.7440260596299118
2022-01-21 00:00:00-05:00,57.673492431640625,44.45753860473633,-1.2293219063159264,3.0208663239522693,0.761,False,False,0.0,False,False,-1.0,-1.0,0.002521047749653734,-0.002521047749653734,1.741505011880258
2022-01-24 00:00:00-05:00,58.47684860229492,45.07392501831055,-1.2317614090376094,2.956527210885163,0.627,False,False,0.0,False,False,-1.0,-1.0,-0.0005643921956190605,0.0005643921956190605,1.742069404075877
2022-01-25 00:00:00-05:00,57.84209442138672,45.05435562133789,-1.233296907123493,2.2766969811487385,-0.419,False,False,0.0,False,True,0.0,0.0,-0.00599457953418039,0.00599457953418039,1.7480639836100575
2022-01-26 00:00:00-05:00,58.16938781738281,45.01522445678711,-1.2349273886110534,2.57885423122228,-0.016,False,False,0.0,False,False,0.0,0.0,0.0026560958054963127,0.0,1.7480639836100575
2022-01-27 00:00:00-05:00,57.792503356933594,45.8272819519043,-1.2347064123049485,1.2092644724105241,-2.305,True,False,1.0,False,True,0.0,1.0,-0.01197447755941499,-0.0,1.7480639836100575
2022-01-28 00:00:00-05:00,58.40742492675781,46.433876037597656,-1.2336998840451805,1.1219574434053001,-2.51,False,False,1.0,False,False,0.0,1.0,-0.0007546447079543698,-0.0007546447079543698,1.747309338902103
2022-01-31 00:00:00-05:00,59.17112350463867,47.04046630859375,-1.2325101409567176,1.1932717439640612,-2.288,False,False,1.0,False,False,0.0,1.0,0.0006087488208689145,0.0006087488208689145,1.7479180877229719
2022-02-01 00:00:00-05:00,60.08357620239258,46.893714904785156,-1.232750582094916,2.275321856925636,-0.495,False,False,1.0,False,False,0.0,1.0,0.009178329897272268,0.009178329897272268,1.7570964176202444
2022-02-02 00:00:00-05:00,60.886932373046875,47.089385986328125,-1.234183772759666,2.7699763195042806,0.321,False,True,0.0,False,False,0.0,0.0,0.0041566243684867865,0.0041566243684867865,1.7612530419887311
2022-02-03 00:00:00-05:00,60.59931182861328,47.48073959350586,-1.2349295615220113,1.9639429016642893,-0.944,False,False,0.0,False,True,0.0,0.0,-0.0067600585059006835,-0.0,1.7612530419887311
2022-02-04 00:00:00-05:00,60.76791763305664,49.163551330566406,-1.232930161154876,0.15269236811538178,-3.191,True,False,1.0,False,False,0.0,1.0,-0.014921763354496092,-0.0,1.7612530419887311
2022-02-07 00:00:00-05:00,60.33152389526367,48.47868728637695,-1.2306783137326418,0.6698547736932241,-2.205,False,False,1.0,False,False,0.0,1.0,0.004309931193391015,0.004309931193391015,1.765562973182122
2022-02-08 00:00:00-05:00,61.24398422241211,49.28095626831055,-1.2283920059235782,0.7076514981499784,-1.964,False,False,1.0,False,False,0.0,1.0,0.00031036809070964167,0.00031036809070964167,1.7658733412728318
2022-02-09 00:00:00-05:00,61.075382232666016,50.4256591796875,-1.2242240798694748,-0.6569239783986518,-3.002,False,False,1.0,False,False,0.0,1.0,-0.011111482463688467,-0.011111482463688467,1.7547618588091431
2022-02-10 00:00:00-05:00,61.59111785888672,49.84841537475586,-1.221292783479762,0.7116078937957724,-1.46,False,False,1.0,False,False,0.0,1.0,0.011174368062857999,0.011174368062857999,1.7659362268720011
2022-02-11 00:00:00-05:00,61.134883880615234,49.946250915527344,-1.218222657565192,0.28922935488360935,-1.741,True,False,1.0,False,False,0.0,1.0,-0.0034626715411364833,-0.0034626715411364833,1.7624735553308648
2022-02-14 00:00:00-05:00,60.629066467285156,49.799503326416016,-1.2148944189883468,0.12792780763072642,-1.748,False,False,1.0,False,False,0.0,1.0,-0.0013316376958484087,-0.0013316376958484087,1.7611419176350163
2022-02-15 00:00:00-05:00,60.94644546508789,49.78971481323242,-1.212120184778411,0.5953271456082163,-1.242,False,False,1.0,False,False,0.0,1.0,0.003853328322468387,0.003853328322468387,1.764995245957485
2022-02-16 00:00:00-05:00,61.55144500732422,50.347389221191406,-1.2096154983792022,0.6504627024411036,-1.128,False,False,1.0,False,False,0.0,1.0,0.000450261036413043,0.000450261036413043,1.7654455069938977
2022-02-17 00:00:00-05:00,60.5001335144043,50.1614990234375,-1.2063160653122802,-0.010488617714614179,-1.591,True,False,1.0,False,False,0.0,1.0,-0.005461922096300105,-0.005461922096300105,1.7599835848975975
2022-02-18 00:00:00-05:00,61.095218658447266,49.603824615478516,-1.2045831374958869,1.3432879713384551,-0.43,False,False,1.0,False,False,0.0,1.0,0.01120238744880954,0.01120238744880954,1.7711859723464072
2022-02-22 00:00:00-05:00,60.57200241088867,49.57447052001953,-1.2028431961102135,0.9416878451168174,-0.727,False,False,1.0,False,False,0.0,1.0,-0.0033410348179862106,-0.0033410348179862106,1.7678449375284209
2022-02-23 00:00:00-05:00,59.718170166015625,49.329872131347656,-1.2005047559700515,0.49742406093826474,-1.038,False,False,1.0,False,False,0.0,1.0,-0.003735226434768911,-0.003735226434768911,1.764109711093652
2022-02-24 00:00:00-05:00,58.5764274597168,48.96787643432617,-1.197229894959766,-0.0493781001543212,-1.398,False,False,1.0,False,False,0.0,1.0,-0.004665458558295552,-0.004665458558295552,1.7594442525353564
2022-02-25 00:00:00-05:00,61.386112213134766,50.71917724609375,-1.1947607108144664,0.7888319546668825,-0.672,False,False,1.0,False,False,0.0,1.0,0.006871509619773334,0.006871509619773334,1.7663157621551298
2022-02-28 00:00:00-05:00,60.89963150024414,51.04291534423828,-1.1916119931066504,0.07628141292233437,-1.184,False,False,1.0,False,False,0.0,1.0,-0.00585387025893667,-0.00585387025893667,1.7604618918961932
2022-03-01 00:00:00-05:00,59.281333923339844,49.41440963745117,-1.1888629450178883,0.5343733554393211,-0.771,False,False,1.0,False,False,0.0,1.0,0.003881204456029691,0.003881204456029691,1.7643430963522229
2022-03-02 00:00:00-05:00,61.04855728149414,50.326759338378906,-1.1872686946220328,1.2971714172598183,-0.06,False,False,1.0,False,False,0.0,1.0,0.006314556463824545,0.006314556463824545,1.7706576528160474
2022-03-03 00:00:00-05:00,61.09819412231445,50.54259490966797,-1.1858823629311481,1.16062224216558,-0.15,False,False,1.0,False,False,0.0,1.0,-0.0011281721065115513,-0.0011281721065115513,1.7695294807095359
2022-03-04 00:00:00-05:00,60.442935943603516,50.50334930419922,-1.1838876744227231,0.6526431852966468,-0.574,False,False,1.0,False,True,0.0,1.0,-0.004224947315756997,-0.004224947315756997,1.765304533393779
2022-03-07 00:00:00-05:00,59.25155258178711,50.24828338623047,-1.180715893110908,-0.07739421387600487,-1.201,False,False,1.0,False,False,0.0,1.0,-0.006156470945942725,-0.006156470945942725,1.7591480624478362
2022-03-08 00:00:00-05:00,59.628822326660156,49.129913330078125,-1.1795036868463717,1.6799084193903013,0.54,False,True,0.0,False,False,0.0,0.0,0.014945879122642882,0.014945879122642882,1.774093941570479
2022-03-09 00:00:00-05:00,60.591854095458984,50.552398681640625,-1.178083765943588,1.0368938791101172,-0.059,False,False,0.0,False,False,0.0,0.0,-0.005351906698178594,-0.0,1.774093941570479
2022-03-10 00:00:00-05:00,60.46278762817383,52.57331848144531,-1.173550885506999,-1.2346768297677926,-2.194,True,False,1.0,False,True,0.0,1.0,-0.018595006723435642,-0.0,1.774093941570479
2022-03-11 00:00:00-05:00,60.442935943603516,52.63218688964844,-1.1682514093191756,-1.0446905657785095,-1.903,False,False,1.0,False,False,0.0,1.0,0.0015581512966655814,0.0015581512966655814,1.7756520928671446
2022-03-14 00:00:00-04:00,61.22726058959961,53.18156051635742,-1.1632570152075123,-0.6365627607360125,-1.446,False,False,1.0,False,False,0.0,1.0,0.0033156569263916077,0.0033156569263916077,1.7789677497935363
2022-03-15 00:00:00-04:00,62.2200813293457,53.94676208496094,-1.1588326521456735,-0.2951880522412438,-1.037,False,False,1.0,False,False,0.0,1.0,0.0027367919883905718,0.0027367919883905718,1.7817045417819268
2022-03-16 00:00:00-04:00,62.85548782348633,53.72112274169922,-1.156006513138705,0.7535200409582288,0.149,False,False,1.0,False,False,0.0,1.0,0.008392521183417857,0.008392521183417857,1.7900970629653448
2022-03-17 00:00:00-04:00,63.34196853637695,54.73158264160156,-1.1530219854494854,0.23525045216492657,-0.412,False,False,1.0,False,True,0.0,1.0,-0.0040986553727392775,-0.0040986553727392775,1.7859984075926054
2022-03-18 00:00:00-04:00,62.805843353271484,54.79044723510742,-1.1494606319594838,-0.17361875093784107,-0.833,False,False,1.0,False,False,0.0,1.0,-0.00325053233854075,-0.00325053233854075,1.7827478752540646
2022-03-21 00:00:00-04:00,63.530609130859375,55.86958312988281,-1.1453480450856754,-0.4595086867035363,-1.092,False,False,1.0,False,False,0.0,1.0,-0.0022419095515455126,-0.0022419095515455126,1.780505965702519
2022-03-22 00:00:00-04:00,64.06672668457031,55.40849304199219,-1.1426717071955714,0.7530093471431556,0.349,False,True,0.0,False,False,0.0,0.0,0.00951887115134644,0.00951887115134644,1.7900248368538656
2022-03-23 00:00:00-04:00,63.44124984741211,56.32084655761719,-1.1385796646967197,-0.6845207415950654,-1.4,False,False,0.0,False,True,0.0,0.0,-0.011268822332137959,-0.0,1.7900248368538656
2022-03-24 00:00:00-04:00,64.14615631103516,57.38036346435547,-1.1337626588807093,-0.9095571378540086,-1.643,True,False,1.0,False,False,0.0,1.0,-0.0017417425667066065,-0.0,1.7900248368538656
2022-03-25 00:00:00-04:00,65.0297622680664,58.655696868896484,-1.1284167917716057,-1.158311011861585,-1.83,False,False,1.0,False,False,0.0,1.0,-0.0018957321843385518,-0.0018957321843385518,1.788129104669527
2022-03-28 00:00:00-04:00,64.87090301513672,57.91011428833008,-1.124148075767855,-0.2286405295861016,-0.577,False,False,1.0,False,False,0.0,1.0,0.007152937509122982,0.007152937509122982,1.79528204217865
2022-03-29 00:00:00-04:00,65.14891052246094,56.92909240722656,-1.1221554991459126,1.265616416305832,1.329,False,True,0.0,False,False,0.0,0.0,0.011580496126472798,0.011580496126472798,1.806862538305123
2022-03-30 00:00:00-04:00,65.05955505371094,57.262638092041016,-1.120397873315981,0.9026171149255049,0.813,False,False,0.0,False,False,0.0,0.0,-0.0028092335039723347,-0.0,1.806862538305123
2022-03-31 00:00:00-04:00,64.35465240478516,56.389522552490234,-1.1191577846316971,1.2458792685010636,1.215,False,False,0.0,False,False,0.0,0.0,0.002693024701936621,0.0,1.806862538305123
2022-04-01 00:00:00-04:00,64.79148864746094,57.18415451049805,-1.1176110643519226,0.8818448609184202,0.724,False,False,0.0,False,False,0.0,0.0,-0.002828525287213897,-0.0,1.806862538305123
2022-04-04 00:00:00-04:00,63.40154266357422,57.55694580078125,-1.113942021715412,-0.713557905512431,-1.227,False,False,0.0,False,True,0.0,0.0,-0.012511329705565998,-0.0,1.806862538305123
2022-04-05 00:00:00-04:00,62.845558166503906,57.17434310913086,-1.1097836356180764,-0.6055921932226482,-1.035,False,False,0.0,False,False,0.0,0.0,0.000854857688293274,0.0,1.806862538305123
2022-04-06 00:00:00-04:00,62.905128479003906,56.94870376586914,-1.1061442909360157,-0.08835506781862534,-0.382,False,False,0.0,False,False,0.0,0.0,0.0041083624122712215,0.0,1.806862538305123
2022-04-07 00:00:00-04:00,63.10369110107422,57.38036346435547,-1.1025711084294552,-0.16223984590520502,-0.465,False,False,0.0,False,False,0.0,0.0,-0.0005846719875326053,-0.0,1.806862538305123
2022-04-08 00:00:00-04:00,63.967445373535156,58.508544921875,-1.0988184782351955,-0.32282492127511375,-0.615,False,False,0.0,False,False,0.0,0.0,-0.0012520500192374925,-0.0,1.806862538305123
2022-04-11 00:00:00-04:00,64.19580078125,58.616455078125,-1.0954157001481633,-0.013584398357650684,-0.199,False,False,0.0,False,False,0.0,0.0,0.0024083180177141,0.0,1.806862538305123
2022-04-12 00:00:00-04:00,64.04688262939453,59.47976303100586,-1.0910694815236193,-0.8496715819927658,-1.179,False,False,0.0,False,True,0.0,0.0,-0.00648413912425421,-0.0,1.806862538305123
2022-04-13 00:00:00-04:00,64.29508209228516,59.79369354248047,-1.0866732458684136,-0.6811249519832927,-0.935,False,False,0.0,False,False,0.0,0.0,0.0013038210660329351,0.0,1.806862538305123
2022-04-14 00:00:00-04:00,64.68228149414062,59.85255432128906,-1.0829627504266366,-0.13580535370225277,-0.24,False,False,0.0,False,False,0.0,0.0,0.0042109501715158395,0.0,1.806862538305123
2022-04-18 00:00:00-04:00,65.0297622680664,59.79369354248047,-1.0801865393607806,0.44141936481537414,0.457,False,True,0.0,False,False,0.0,0.0,0.004453272309101446,0.0,1.806862538305123
2022-04-19 00:00:00-04:00,65.2084732055664,59.98008346557617,-1.0778362928603245,0.5597623975769466,0.601,False,False,0.0,False,False,0.0,0.0,0.0009113321966786106,0.0,1.806862538305123
2022-04-20 00:00:00-04:00,66.87642669677734,60.15666580200195,-1.077482075448049,2.058697576401613,2.29,False,False,0.0,True,False,-1.0,-1.0,0.011381941510797333,0.0,1.806862538305123
2022-04-21 00:00:00-04:00,66.18144226074219,59.06772994995117,-1.0782397759024707,2.492266356439181,2.523,False,False,0.0,False,False,-1.0,-1.0,0.0033384670540843207,-0.0033384670540843207,1.8035240712510383
2022-04-22 00:00:00-04:00,64.24543762207031,56.585723876953125,-1.0800981931328342,3.127299505459767,2.745,False,False,0.0,False,False,-1.0,-1.0,0.005065531557143093,-0.005065531557143093,1.7984585396938955
2022-04-25 00:00:00-04:00,64.21566009521484,56.21293640136719,-1.082564411796866,3.3615356644941343,2.562,False,False,0.0,False,False,-1.0,-1.0,0.0018728437081923163,-0.0018728437081923163,1.7965856959857032
2022-04-26 00:00:00-04:00,62.984554290771484,55.55564498901367,-1.0844358018939488,2.738023867374906,1.932,False,False,0.0,False,False,-1.0,-1.0,-0.005059695762359398,0.005059695762359398,1.8016453917480626
2022-04-27 00:00:00-04:00,63.649742126464844,56.134456634521484,-1.0860737639021085,2.683581524810407,1.766,False,False,0.0,False,False,-1.0,-1.0,-0.00043688117946935617,0.00043688117946935617,1.8020822729275319
2022-04-28 00:00:00-04:00,64.11637115478516,56.72306823730469,-1.087342779472856,2.438952477405799,1.479,False,False,0.0,False,False,-1.0,-1.0,-0.0019446830223574217,0.0019446830223574217,1.8040269559498894
2022-04-29 00:00:00-04:00,62.38886260986328,56.59553527832031,-1.0865804912996013,0.8932580817820792,0.266,False,False,0.0,False,False,-1.0,-1.0,-0.012476902321439538,0.012476902321439538,1.8165038582713287
2022-05-02 00:00:00-04:00,61.12798309326172,56.252174377441406,-1.0842837806271375,0.13466279079255372,-0.344,False,False,0.0,False,True,0.0,0.0,-0.006211817839278356,0.006211817839278356,1.8227156761106071
2022-05-03 00:00:00-04:00,62.3392219543457,56.17369079589844,-1.083229291537631,1.4902346704506968,0.679,False,True,0.0,False,False,0.0,0.0,0.011004071639977533,0.0,1.8227156761106071
2022-05-04 00:00:00-04:00,64.38442993164062,58.018028259277344,-1.0826361867751602,1.572013052803122,0.719,False,False,0.0,False,False,0.0,0.0,0.0006429277486278733,0.0,1.8227156761106071
2022-05-05 00:00:00-04:00,63.30225372314453,56.938899993896484,-1.0823095424298042,1.6767389242940496,0.761,False,False,0.0,False,False,0.0,0.0,0.0008382913801305062,0.0,1.8227156761106071
2022-05-06 00:00:00-04:00,63.97739028930664,54.682533264160156,-1.0857123056068858,4.607891022650087,2.609,False,False,0.0,True,False,-1.0,-1.0,0.023763486123629864,0.0,1.8227156761106071
2022-05-09 00:00:00-04:00,62.627140045166016,52.072998046875,-1.0916619113893016,5.781031465543087,2.873,False,False,0.0,False,False,-1.0,-1.0,0.00981927298702072,-0.00981927298702072,1.8128964031235864
2022-05-10 00:00:00-04:00,62.27964782714844,51.81793212890625,-1.0979007764270832,5.388699909976367,2.329,False,False,0.0,False,False,-1.0,-1.0,-0.0032921842264551915,0.0032921842264551915,1.8161885873500416
2022-05-11 00:00:00-04:00,61.932167053222656,52.583126068115234,-1.1024688496453519,3.9609085461511384,1.443,False,False,0.0,False,False,-1.0,-1.0,-0.011907844643748354,0.011907844643748354,1.82809643199379
2022-05-12 00:00:00-04:00,61.495323181152344,53.1634521484375,-1.1050280134539996,2.7482192652076876,0.74,False,False,0.0,False,False,-1.0,-1.0,-0.010085369284538742,0.010085369284538742,1.8381818012783286
2022-05-13 00:00:00-04:00,62.69663619995117,54.56016540527344,-1.1064620365832485,2.3278844693134246,0.467,False,False,0.0,False,False,-1.0,-1.0,-0.003415540331545855,0.003415540331545855,1.8415973416098748
2022-05-16 00:00:00-04:00,62.64699172973633,55.61260986328125,-1.1060487737523428,1.1367327852866609,-0.23,False,False,0.0,False,True,0.0,0.0,-0.009593895463685718,0.009593895463685718,1.8511912370735604
2022-05-17 00:00:00-04:00,64.33479309082031,56.665061950683594,-1.1057644018488313,1.6765847571956982,0.071,False,False,0.0,False,False,0.0,0.0,0.004251037189874001,0.0,1.8511912370735604
2022-05-18 00:00:00-04:00,63.0044059753418,56.15359115600586,-1.1046306456729174,0.9754283198300229,-0.331,False,False,0.0,False,True,0.0,0.0,-0.005607753841452117,-0.0,1.8511912370735604
2022-05-19 00:00:00-04:00,62.48814010620117,58.032257080078125,-1.1002740705154304,-1.3632476124942912,-1.562,True,False,1.0,False,False,0.0,1.0,-0.018511039043660662,-0.0,1.8511912370735604
2022-05-20 00:00:00-04:00,62.3392219543457,58.258487701416016,-1.0948626626211562,-1.4458210107085137,-1.515,False,False,1.0,False,False,0.0,1.0,-0.000654698747041192,-0.000654698747041192,1.8505365383265193
2022-05-23 00:00:00-04:00,63.63981246948242,59.91093444824219,-1.0889503080492717,-1.6002180534506323,-1.553,False,False,1.0,False,False,0.0,1.0,-0.001197992169739102,-0.001197992169739102,1.8493385461567802
2022-05-24 00:00:00-04:00,63.533477783203125,61.07157897949219,-1.081739116635596,-2.5300381136137986,-1.921,False,False,1.0,False,False,0.0,1.0,-0.007174703932244971,-0.007174703932244971,1.8421638422245352
2022-05-25 00:00:00-04:00,63.80180358886719,60.992889404296875,-1.075138354133481,-1.7739911391139884,-1.479,False,False,1.0,False,False,0.0,1.0,0.005843723985726151,0.005843723985726151,1.8480075662102613
2022-05-26 00:00:00-04:00,64.37820434570312,62.13385772705078,-1.068446583112448,-2.008503638359244,-1.52,True,False,1.0,False,False,0.0,1.0,-0.0017933901003493755,-0.0017933901003493755,1.8462141761099118
2022-05-27 00:00:00-04:00,65.52107238769531,61.87812423706055,-1.0638867614671892,-0.3102448125354158,-0.721,False,False,1.0,False,False,0.0,1.0,0.012929028783956988,0.012929028783956988,1.859143204893869
2022-05-31 00:00:00-04:00,65.08379364013672,61.5928840637207,-1.0600838032999569,-0.20982515434562288,-0.67,False,False,1.0,False,False,0.0,1.0,0.0007702228193871451,0.0007702228193871451,1.859913427713256
2022-06-01 00:00:00-04:00,64.34838104248047,61.30763626098633,-1.056265297856336,-0.4087476335981677,-0.774,False,False,1.0,False,False,0.0,1.0,-0.0015407745160232258,-0.0015407745160232258,1.8583726531972329
2022-06-02 00:00:00-04:00,64.96455383300781,61.514198303222656,-1.0531794571228834,0.179063858670375,-0.513,False,False,1.0,False,False,0.0,1.0,0.004530337524520097,0.004530337524520097,1.862902990721753
2022-06-03 00:00:00-04:00,64.33846282958984,60.98305130004883,-1.0504347965896728,0.27974374180547557,-0.472,False,False,1.0,False,False,0.0,1.0,0.0007841284491733611,0.0007841284491733611,1.8636871191709263
2022-06-06 00:00:00-04:00,64.09000396728516,60.70764923095703,-1.0480222003651722,0.46703984126051523,-0.383,False,False,1.0,False,False,0.0,1.0,0.0014665393988666615,0.0014665393988666615,1.865153658569793
2022-06-07 00:00:00-04:00,64.44776916503906,61.3568229675293,-1.0454994421367245,0.299244981205419,-0.459,False,False,1.0,False,False,0.0,1.0,-0.001304818791315241,-0.001304818791315241,1.8638488397784778
2022-06-08 00:00:00-04:00,63.01670837402344,60.98305130004883,-1.0419446114513338,-0.5242533179226925,-0.809,False,False,1.0,False,False,0.0,1.0,-0.00650690154692998,-0.00650690154692998,1.8573419382315477
2022-06-09 00:00:00-04:00,61.1881217956543,60.07814407348633,-1.037365309089531,-1.1348607006632179,-1.036,False,False,1.0,False,False,0.0,1.0,-0.004943744825542902,-0.004943744825542902,1.8523981934060048
2022-06-10 00:00:00-04:00,59.96574020385742,57.028995513916016,-1.0350403976771163,0.9384260080073048,-0.036,False,False,1.0,False,False,0.0,1.0,0.017423594336070915,0.017423594336070915,1.8698217877420755
2022-06-13 00:00:00-04:00,57.948341369628906,55.31753158569336,-1.0331617299699736,0.7963847388853011,-0.069,False,False,1.0,False,False,0.0,1.0,-0.001234065172633558,-0.001234065172633558,1.868587722569442
2022-06-14 00:00:00-04:00,58.176910400390625,55.46507263183594,-1.0315976769702275,0.959270320403725,0.036,False,False,1.0,False,False,0.0,1.0,0.0014115534991933781,0.0014115534991933781,1.8699992760686355
2022-06-15 00:00:00-04:00,58.54461669921875,54.619171142578125,-1.0316361147368964,2.1975071915398416,0.655,False,True,0.0,False,False,0.0,0.0,0.0107774242063897,0.0107774242063897,1.880776700275025
2022-06-16 00:00:00-04:00,56.54708480834961,53.153621673583984,-1.0315380170431452,1.717103308519242,0.431,False,False,0.0,False,False,0.0,0.0,-0.004313310620799831,-0.0,1.880776700275025
2022-06-17 00:00:00-04:00,57.18311309814453,52.347068786621094,-1.0331109013773034,3.102785679538705,1.067,False,False,0.0,False,False,0.0,0.0,0.01245406725321291,0.0,1.880776700275025
2022-06-21 00:00:00-04:00,58.12722396850586,54.461795806884766,-1.03360471663233,1.8352549462429195,0.424,False,False,0.0,False,False,0.0,0.0,-0.01107795554368268,-0.0,1.880776700275025
2022-06-22 00:00:00-04:00,58.04771423339844,52.553627014160156,-1.0359841961819347,3.6029871946885166,1.227,False,False,0.0,False,False,0.0,0.0,0.015714231360395348,0.0,1.880776700275025
2022-06-23 00:00:00-04:00,57.660133361816406,50.09462356567383,-1.0412828143107393,5.497462753514476,1.95,False,False,0.0,True,False,-1.0,-1.0,0.017250293111633053,0.0,1.880776700275025
2022-06-24 00:00:00-04:00,59.39927673339844,52.68149185180664,-1.0459879125305183,4.295073042333705,1.339,False,False,0.0,False,False,-1.0,-1.0,-0.010500900992035576,0.010500900992035576,1.8912776012670607
2022-06-27 00:00:00-04:00,59.41916275024414,53.350341796875,-1.0494434145128504,3.430997889503999,0.997,False,False,0.0,False,False,-1.0,-1.0,-0.007487177553771418,0.007487177553771418,1.8987647788208322
2022-06-28 00:00:00-04:00,59.160770416259766,53.37984085083008,-1.0519945592127822,3.0054682695423125,0.894,False,False,0.0,False,False,-1.0,-1.0,-0.0036901154410135958,0.0036901154410135958,1.9024548942618458
2022-06-29 00:00:00-04:00,58.67380905151367,53.63557815551758,-1.0532378028407086,2.1827905609052323,0.587,False,False,0.0,False,False,-1.0,-1.0,-0.007143480576447542,0.007143480576447542,1.9095983748382932
2022-06-30 00:00:00-04:00,58.8924446105957,53.251976013183594,-1.0547744113923576,2.723622955810029,0.896,False,False,0.0,False,False,-1.0,-1.0,0.004700386259068294,-0.004700386259068294,1.904897988579225
2022-07-01 00:00:00-04:00,59.77692413330078,53.232295989990234,-1.0573772967974608,3.490302897082593,1.261,False,False,0.0,False,False,-1.0,-1.0,0.006605691208480971,-0.006605691208480971,1.8982922973707441
2022-07-05 00:00:00-04:00,58.117279052734375,51.24542999267578,-1.060650810376549,3.7637722029080933,1.348,False,False,0.0,False,False,-1.0,-1.0,0.002431469680156954,-0.002431469680156954,1.895860827690587
2022-07-06 00:00:00-04:00,58.166969299316406,51.18642044067383,-1.0640634001849716,3.701372721915483,1.248,False,False,0.0,False,False,-1.0,-1.0,-0.0005540092290972934,0.0005540092290972934,1.8964148369196843
2022-07-07 00:00:00-04:00,58.266357421875,51.983131408691406,-1.0664203583847784,2.8304877950552765,0.805,False,False,0.0,False,False,-1.0,-1.0,-0.007659348013361574,0.007659348013361574,1.9040741849330458
2022-07-08 00:00:00-04:00,57.57069396972656,51.865108489990234,-1.0676450900044503,2.1971655478403562,0.483,False,False,0.0,False,False,-1.0,-1.0,-0.005607389504343081,0.005607389504343081,1.909681574437389
2022-07-11 00:00:00-04:00,57.59056854248047,52.04214859008789,-1.0682640480252816,1.9958122216999783,0.348,False,False,0.0,False,False,-1.0,-1.0,-0.0017789702541706057,0.0017789702541706057,1.9114605446915596
2022-07-12 00:00:00-04:00,57.37193298339844,51.69789505004883,-1.068848875398939,2.114695998661375,0.364,False,False,0.0,False,False,-1.0,-1.0,0.0010555327451585667,-0.0010555327451585667,1.910405011946401
2022-07-13 00:00:00-04:00,56.924720764160156,51.1175651550293,-1.0695976036847379,2.2494955681423647,0.388,False,False,0.0,False,False,-1.0,-1.0,0.0012078820318523265,-0.0012078820318523265,1.9091971299145487
2022-07-14 00:00:00-04:00,55.265079498291016,50.645442962646484,-1.0689524403756177,1.1275096494659067,-0.265,False,False,0.0,False,True,0.0,0.0,-0.010255564425287236,0.010255564425287236,1.919452694339836
2022-07-15 00:00:00-04:00,56.09987258911133,51.14707946777344,-1.0682970750665624,1.4595971954919378,-0.142,False,False,0.0,False,False,0.0,0.0,0.0029987999120049775,0.0,1.919452694339836
2022-07-18 00:00:00-04:00,55.891178131103516,51.383140563964844,-1.0671183874740717,1.0592840291317884,-0.465,False,False,0.0,False,True,0.0,0.0,-0.0036154448958702905,-0.0,1.919452694339836
2022-07-19 00:00:00-04:00,57.37193298339844,52.85853576660156,-1.0657433229009297,1.0383014318228518,-0.516,False,False,0.0,False,False,0.0,0.0,-0.00018453448074199285,-0.0,1.919452694339836
2022-07-20 00:00:00-04:00,57.34211730957031,53.13394546508789,-1.0640063494836907,0.8072619615966445,-0.7,False,False,0.0,False,False,0.0,0.0,-0.0020288515301596552,-0.0,1.919452694339836
2022-07-21 00:00:00-04:00,57.04398727416992,52.996246337890625,-1.0620914193921636,0.7571287787029206,-0.776,False,False,0.0,False,False,0.0,0.0,-0.0004423613231972842,-0.0,1.919452694339836
2022-07-22 00:00:00-04:00,56.6961555480957,53.12411117553711,-1.059660303991453,0.402643750550304,-1.028,False,False,0.0,False,False,0.0,0.0,-0.0031373225223172755,-0.0,1.919452694339836
2022-07-25 00:00:00-04:00,57.46138000488281,54.56016540527344,-1.0563174406237754,-0.17147427602547793,-1.396,False,False,0.0,False,False,0.0,0.0,-0.004988243156909028,-0.0,1.919452694339836
2022-07-26 00:00:00-04:00,57.51106643676758,54.55032730102539,-1.0530082290702956,0.06912289030983487,-1.214,False,False,0.0,False,False,0.0,0.0,0.002093004492622005,0.0,1.919452694339836
2022-07-27 00:00:00-04:00,57.65019989013672,55.681461334228516,-1.0486612080521973,-0.7407886187270734,-1.689,True,False,1.0,False,False,0.0,1.0,-0.006979517533481967,-0.0,1.919452694339836
2022-07-28 00:00:00-04:00,57.381874084472656,56.02572250366211,-1.0435579872032004,-1.08421612305402,-1.867,False,False,1.0,False,False,0.0,1.0,-0.002964467320818207,-0.002964467320818207,1.9164882270190176
2022-07-29 00:00:00-04:00,57.88870620727539,56.606040954589844,-1.0384776672660465,-0.8954031564133658,-1.765,False,False,1.0,False,False,0.0,1.0,0.0016183115639804891,0.0016183115639804891,1.918106538582998
2022-08-01 00:00:00-04:00,55.30483627319336,55.96670913696289,-1.0314588850462678,-2.4225231329271537,-2.439,False,False,1.0,False,False,0.0,1.0,-0.013510486701031745,-0.013510486701031745,1.9045960518819665
2022-08-02 00:00:00-04:00,54.99675750732422,54.82573318481445,-1.025410049051959,-1.2221002470259918,-1.635,False,False,1.0,False,False,0.0,1.0,0.01079365413819578,0.01079365413819578,1.9153897060201621
2022-08-03 00:00:00-04:00,54.99675750732422,54.7863883972168,-1.0200882200928836,-0.8901919181100695,-1.378,False,False,1.0,False,False,0.0,1.0,0.002993301162967039,0.002993301162967039,1.9183830071831292
2022-08-04 00:00:00-04:00,54.04270935058594,54.31426239013672,-1.0147608785126647,-1.0732792681965861,-1.385,False,False,1.0,False,False,0.0,1.0,-0.0016772584639832703,-0.0016772584639832703,1.9167057487191461
2022-08-05 00:00:00-04:00,54.77812194824219,56.95030212402344,-1.0074613082451351,-2.597103934582165,-1.993,True,False,1.0,False,False,0.0,1.0,-0.013586974404730865,-0.013586974404730865,1.9031187743144151
2022-08-08 00:00:00-04:00,55.026573181152344,58.120792388916016,-0.9990122592811129,-3.0368109345071588,-2.007,False,False,1.0,False,False,0.0,1.0,-0.0038881171275974083,-0.0038881171275974083,1.8992306571868176
2022-08-09 00:00:00-04:00,55.71228790283203,58.740447998046875,-0.990939430740165,-2.495938197774805,-1.623,False,False,1.0,False,False,0.0,1.0,0.004747808078850719,0.004747808078850719,1.9039784652656684
2022-08-10 00:00:00-04:00,56.63652801513672,59.1043815612793,-0.9842398156986482,-1.5363575997193948,-1.121,False,False,1.0,False,False,0.0,1.0,0.008358030650238678,0.008358030650238678,1.912336495915907
2022-08-11 00:00:00-04:00,57.15330123901367,59.42978286743164,-0.9786529959375643,-1.0078338121172337,-0.845,False,False,1.0,False,False,0.0,1.0,0.004583327158382265,0.004583327158382265,1.9169198230742892
2022-08-12 00:00:00-04:00,58.345855712890625,60.89900588989258,-0.9735028824996025,-0.93950206228007,-0.766,False,False,1.0,False,False,0.0,1.0,0.0005808981120822899,0.0005808981120822899,1.9175007211863715
2022-08-15 00:00:00-04:00,58.117279052734375,60.751102447509766,-0.9687700066405182,-0.7365668687584588,-0.62,False,False,1.0,False,False,0.0,1.0,0.0017349170025194244,0.0017349170025194244,1.919235638188891
2022-08-16 00:00:00-04:00,58.498313903808594,61.23426818847656,-0.9644074723971692,-0.556471903930472,-0.485,False,False,1.0,False,False,0.0,1.0,0.0015320307611615914,0.0015320307611615914,1.9207676689500526
2022-08-17 00:00:00-04:00,58.170013427734375,61.00747299194336,-0.9603487353439194,-0.4184361066067481,-0.377,False,False,1.0,False,False,0.0,1.0,0.0011822337655177891,0.0011822337655177891,1.9219499027155704
2022-08-18 00:00:00-04:00,58.64754867553711,61.50050354003906,-0.9566799488033785,-0.18874990252945878,-0.216,False,False,1.0,False,False,0.0,1.0,0.0019550449653004875,0.0019550449653004875,1.923904947680871
2022-08-19 00:00:00-04:00,57.941192626953125,60.475006103515625,-0.9537072998113492,0.26573784989437854,0.088,False,False,1.0,False,False,0.0,1.0,0.003930988855226628,0.003930988855226628,1.9278359365360975
2022-08-22 00:00:00-04:00,56.66775894165039,60.189048767089844,-0.9499795099000191,-0.5106041074579721,-0.307,False,False,1.0,False,True,0.0,1.0,-0.0068192218037551496,-0.0068192218037551496,1.9210167147323423
2022-08-23 00:00:00-04:00,56.70755386352539,60.908870697021484,-0.9455777279408648,-0.8865177016081063,-0.496,False,False,1.0,False,False,0.0,1.0,-0.00328878607579172,-0.00328878607579172,1.9177279286565505
2022-08-24 00:00:00-04:00,56.89657974243164,61.03705596923828,-0.9413964291484486,-0.5634867927432765,-0.226,False,False,1.0,False,False,0.0,1.0,0.002824767246852062,0.002824767246852062,1.9205526959034027
2022-08-25 00:00:00-04:00,57.652679443359375,62.358375549316406,-0.9370195352984578,-0.7783366358277988,-0.334,False,False,1.0,False,False,0.0,1.0,-0.001850818429904247,-0.001850818429904247,1.9187018774734983
2022-08-26 00:00:00-04:00,56.50857925415039,61.451202392578125,-0.9325828629279471,-0.7997590034848301,-0.302,False,False,1.0,False,False,0.0,1.0,-0.00018821778102374854,-0.00018821778102374854,1.9185136596924748
2022-08-29 00:00:00-04:00,56.190216064453125,61.04691696166992,-0.9285174411668561,-0.4929110639221719,0.001,False,False,1.0,False,False,0.0,1.0,0.0027185155580839943,0.0027185155580839943,1.9212321752505588
2022-08-30 00:00:00-04:00,55.454017639160156,60.908870697021484,-0.9241447241639271,-0.8345938702750644,-0.231,False,False,1.0,False,True,0.0,1.0,-0.00305776594802081,-0.00305776594802081,1.918174409302538
2022-08-31 00:00:00-04:00,55.02622604370117,60.5736083984375,-0.9198667332050886,-0.6934212322138507,-0.053,False,False,1.0,False,False,0.0,1.0,0.001274744004715958,0.001274744004715958,1.9194491533072537
2022-09-01 00:00:00-04:00,55.225196838378906,59.96225357055664,-0.9167758722545698,0.25324951888214997,0.946,False,True,0.0,False,False,0.0,0.0,0.008590701313817515,0.008590701313817515,1.9280398546210713
2022-09-02 00:00:00-04:00,55.14561080932617,60.386260986328125,-0.9136704328475642,-0.027530404098229155,0.723,False,False,0.0,False,False,0.0,0.0,-0.002545169500489591,-0.0,1.9280398546210713
2022-09-06 00:00:00-04:00,55.04612350463867,59.47908401489258,-0.9116040448100399,0.8247499350664143,1.658,False,False,0.0,True,False,-1.0,-1.0,0.007799943825800296,0.0,1.9280398546210713
2022-09-07 00:00:00-04:00,55.941505432128906,60.95817565917969,-0.9094307468674148,0.5042662147260586,1.342,False,False,0.0,False,False,-1.0,-1.0,-0.002877422629863543,0.002877422629863543,1.930917277250935
2022-09-08 00:00:00-04:00,56.379241943359375,61.175106048583984,-0.9076564327616605,0.853263413485351,1.712,False,False,0.0,True,False,-1.0,-1.0,0.003118685591998534,-0.003118685591998534,1.9277985916589364
2022-09-09 00:00:00-04:00,56.568267822265625,61.64841079711914,-0.9058377439036882,0.7248104705554468,1.539,False,False,0.0,False,False,-1.0,-1.0,-0.001142700574438315,0.001142700574438315,1.9289412922333748
2022-09-12 00:00:00-04:00,57.155242919921875,61.24412536621094,-0.9052165786219976,1.716045295223715,2.33,False,False,0.0,False,False,-1.0,-1.0,0.008803585859778326,-0.008803585859778326,1.9201377063735965
2022-09-13 00:00:00-04:00,55.56344985961914,61.77660369873047,-0.9026001328592526,-0.19612084644837324,0.459,False,False,0.0,False,False,-1.0,-1.0,-0.017176736060119803,0.017176736060119803,1.937314442433716
2022-09-14 00:00:00-04:00,55.085914611816406,62.92042541503906,-0.897958573114874,-1.4140208136529253,-0.718,False,False,0.0,False,True,0.0,0.0,-0.010914466007989348,0.010914466007989348,1.9482289084417057
2022-09-15 00:00:00-04:00,55.135658264160156,61.25398635864258,-0.8948841469596365,0.3204369337290842,0.93,False,True,0.0,False,False,0.0,0.0,0.015774841945578506,0.0,1.9482289084417057
2022-09-16 00:00:00-04:00,53.68315124511719,60.494720458984375,-0.8915476350012221,-0.2507737101503764,0.358,False,False,0.0,False,False,0.0,0.0,-0.005307806753789306,-0.0,1.9482289084417057
2022-09-19 00:00:00-04:00,54.82725524902344,60.563743591308594,-0.8895911964054514,0.9502821288382393,1.448,False,False,0.0,False,False,0.0,0.0,0.011048841954052493,0.0,1.9482289084417057
2022-09-20 00:00:00-04:00,53.52396774291992,60.544029235839844,-0.8866691340442915,-0.1585542311744561,0.328,False,False,0.0,False,False,0.0,0.0,-0.010342996612794761,-0.0,1.9482289084417057
2022-09-21 00:00:00-04:00,52.60869598388672,58.40427780151367,-0.8848062168014154,0.9322278973105256,1.32,False,False,0.0,False,False,0.0,0.0,0.010459609841990248,0.0,1.9482289084417057
2022-09-22 00:00:00-04:00,51.55412673950195,58.9268913269043,-0.8816170458807838,-0.3968251150613966,0.019,False,False,0.0,False,False,0.0,0.0,-0.012840461844237722,-0.0,1.9482289084417057
2022-09-23 00:00:00-04:00,50.73833465576172,57.11254119873047,-0.8791812940460694,0.5260567784024133,0.879,False,True,0.0,False,False,0.0,0.0,0.009141914747283186,0.0,1.9482289084417057
2022-09-26 00:00:00-04:00,49.415157318115234,56.80686569213867,-0.8758909366438401,-0.34146148077293503,-0.114,False,False,0.0,False,False,0.0,0.0,-0.008747632573927541,-0.0,1.9482289084417057
2022-09-27 00:00:00-04:00,49.862850189208984,56.46174240112305,-0.8734345241121512,0.5472150845412074,0.936,False,True,0.0,False,False,0.0,0.0,0.00896037646351319,0.0,1.9482289084417057
2022-09-28 00:00:00-04:00,50.658748626708984,57.566131591796875,-0.8711537536612964,0.5097970067549937,0.843,False,False,0.0,False,False,0.0,0.0,-0.0003711827340040156,-0.0,1.9482289084417057
2022-09-29 00:00:00-04:00,50.509517669677734,56.41244125366211,-0.8700429791295126,1.4282692213729362,1.947,False,False,0.0,True,False,-1.0,-1.0,0.009222463591954428,0.0,1.9482289084417057
2022-09-30 00:00:00-04:00,49.58428955078125,56.35327911376953,-0.8683059993544975,0.65239921299667,0.855,False,False,0.0,False,False,-1.0,-1.0,-0.007875559215286997,0.007875559215286997,1.9561044676569925
2022-10-03 00:00:00-04:00,51.25566864013672,58.354976654052734,-0.8664363731725072,0.6947943114329362,0.86,False,False,0.0,False,False,-1.0,-1.0,0.0004163871331718719,-0.0004163871331718719,1.9556880805238208
2022-10-04 00:00:00-04:00,52.9171028137207,60.89900588989258,-0.8640360457102785,0.29816657693096005,0.287,False,False,0.0,False,False,-1.0,-1.0,-0.0037582207752950322,0.0037582207752950322,1.959446301299116
2022-10-05 00:00:00-04:00,52.52910232543945,60.662357330322266,-0.8614598783020492,0.2709153621446134,0.223,False,False,0.0,False,False,-1.0,-1.0,-0.00026006221719561564,0.00026006221719561564,1.9597063635163114
2022-10-06 00:00:00-04:00,51.88243865966797,60.041133880615234,-0.8588930857331036,0.3135239100319538,0.262,False,False,0.0,False,False,-1.0,-1.0,0.0004118703765890832,-0.0004118703765890832,1.9592944931397225
2022-10-07 00:00:00-04:00,51.0865364074707,59.98197555541992,-0.8556554004436411,-0.23736490580282066,-0.481,False,False,0.0,False,True,0.0,0.0,-0.005379225283041501,0.005379225283041501,1.9646737184227638
2022-10-10 00:00:00-04:00,51.1661262512207,60.19890594482422,-0.8523465915881756,-0.14420604818738525,-0.371,False,False,0.0,False,False,0.0,0.0,0.0009090756934131364,0.0,1.9646737184227638
2022-10-11 00:00:00-04:00,51.65361404418945,59.91294479370117,-0.8500844608413878,0.7225506718161583,0.793,False,True,0.0,False,False,0.0,0.0,0.00844918307325692,0.0,1.9646737184227638
2022-10-12 00:00:00-04:00,51.21586990356445,59.942535400390625,-0.8477223328489274,0.4012439570659012,0.298,False,False,0.0,False,False,0.0,0.0,-0.0031491243090931097,-0.0,1.9646737184227638
2022-10-13 00:00:00-04:00,53.38469314575195,62.072418212890625,-0.8459129327429511,0.8768318128386738,0.935,False,False,0.0,False,False,0.0,0.0,0.004491230361890948,0.0,1.9646737184227638
2022-10-14 00:00:00-04:00,52.72807693481445,57.91124725341797,-0.8476386326944252,3.6402664952984622,3.757,False,False,0.0,True,False,-1.0,-1.0,0.027141487971321245,0.0,1.9646737184227638
2022-10-17 00:00:00-04:00,53.32499694824219,59.518524169921875,-0.849295011307104,2.7762112903662413,2.433,False,False,0.0,False,False,-1.0,-1.0,-0.008318318475111816,0.008318318475111816,1.9729920368978757
2022-10-18 00:00:00-04:00,54.32981872558594,60.76095962524414,-0.8507624493799606,2.636675888136338,2.087,False,False,0.0,False,False,-1.0,-1.0,-0.0013160866304130063,0.0013160866304130063,1.9743081235282887
2022-10-19 00:00:00-04:00,54.26017761230469,60.93844985961914,-0.8518260134246288,2.351220804108685,1.675,False,False,0.0,False,False,-1.0,-1.0,-0.0026886824083641888,0.0026886824083641888,1.976996805936653
2022-10-20 00:00:00-04:00,53.36478805541992,61.0666389465332,-0.851568262713201,1.3623764179863471,0.658,False,False,0.0,False,False,-1.0,-1.0,-0.009384745812784527,0.009384745812784527,1.9863815517494374
2022-10-21 00:00:00-04:00,55.21524429321289,62.003395080566406,-0.8521833159339948,2.3769854742902723,1.543,False,False,0.0,True,False,-1.0,-1.0,0.009389876561900882,-0.009389876561900882,1.9769916751875365
2022-10-24 00:00:00-04:00,55.56344985961914,62.47670364379883,-0.8529151953832419,2.2761199643675596,1.364,False,False,0.0,False,False,-1.0,-1.0,-0.0009266402147036461,0.0009266402147036461,1.9779183154022402
2022-10-25 00:00:00-04:00,55.47391128540039,64.05438995361328,-0.852001553184282,0.8994715566502123,0.073,False,False,0.0,False,False,-1.0,-1.0,-0.012509486921256375,0.012509486921256375,1.9904278023234965
2022-10-26 00:00:00-04:00,55.68284225463867,64.95171356201172,-0.8501147073327107,0.4664352891110255,-0.319,False,False,0.0,False,True,0.0,0.0,-0.0039047718590004836,0.0039047718590004836,1.994332574182497
2022-10-27 00:00:00-04:00,56.07083511352539,65.0503158569336,-0.8484702328242418,0.8775784731024743,0.059,False,False,0.0,False,False,0.0,0.0,0.0036952010078926383,0.0,1.994332574182497
2022-10-28 00:00:00-04:00,57.692474365234375,65.099609375,-0.8487789337829225,2.4372973302371292,1.455,False,True,0.0,False,False,0.0,0.0,0.013809219030219307,0.0,1.994332574182497
2022-10-31 00:00:00-04:00,56.727447509765625,64.42909240722656,-0.8491077814228951,2.02020379677478,1.015,False,False,0.0,False,False,0.0,0.0,-0.0037429415282228843,-0.0,1.994332574182497
2022-11-01 00:00:00-04:00,56.20017623901367,66.17442321777344,-0.8471837188571998,0.13828228415014365,-0.781,False,False,0.0,False,True,0.0,0.0,-0.016763645186433383,-0.0,1.994332574182497
2022-11-02 00:00:00-04:00,55.225196838378906,65.97721099853516,-0.843960428348663,-0.45695841719494723,-1.306,False,False,0.0,False,False,0.0,0.0,-0.0053670084994982626,-0.0,1.994332574182497
2022-11-03 00:00:00-04:00,54.93668746948242,66.04623413085938,-0.840283764734959,-0.5608907925626383,-1.38,False,False,0.0,False,False,0.0,0.0,-0.0009411243392549653,-0.0,1.994332574182497
2022-11-04 00:00:00-04:00,55.18540573120117,64.45868682861328,-0.8385188084865929,1.1355844550619238,0.202,False,True,0.0,False,False,0.0,0.0,0.015530477613330375,0.0,1.994332574182497
2022-11-07 00:00:00-05:00,55.31473159790039,65.11933898925781,-0.8368763000032436,0.8179001259133472,-0.124,False,False,0.0,False,False,0.0,0.0,-0.002892995239002223,-0.0,1.994332574182497
2022-11-08 00:00:00-05:00,55.36448287963867,66.25331115722656,-0.8343973448475881,0.08289596268774346,-0.791,False,False,0.0,False,True,0.0,0.0,-0.006642840225385561,-0.0,1.994332574182497
2022-11-09 00:00:00-05:00,54.180580139160156,66.11526489257812,-0.8307335760699223,-0.7435902978614521,-1.537,True,False,1.0,False,False,0.0,1.0,-0.007575162916229814,-0.0,1.994332574182497
2022-11-10 00:00:00-05:00,56.29965591430664,66.42161560058594,-0.8290997251858577,1.2295126734601567,0.274,False,True,0.0,False,False,0.0,0.0,0.0177166789047793,0.0177166789047793,2.0120492530872767
2022-11-11 00:00:00-05:00,55.68284225463867,64.01023864746094,-0.8295808270481058,2.581175537931408,1.434,False,False,0.0,False,False,0.0,0.0,0.012425141017341743,0.0,2.0120492530872767
2022-11-14 00:00:00-05:00,55.20530319213867,65.94725799560547,-0.8282557782238871,0.5841056992570017,-0.402,False,False,0.0,False,True,0.0,0.0,-0.01818386114660935,-0.0,2.0120492530872767
2022-11-15 00:00:00-05:00,55.29484176635742,65.9373779296875,-0.8267056436656446,0.7840393033702497,-0.226,False,False,0.0,False,False,0.0,0.0,0.0018207953290238746,0.0,2.0120492530872767
2022-11-16 00:00:00-05:00,55.344581604003906,64.58344268798828,-0.8264882161336682,1.967127265037476,0.842,False,True,0.0,False,False,0.0,0.0,0.010881767908465307,0.0,2.0120492530872767
2022-11-17 00:00:00-05:00,55.74252700805664,64.6624984741211,-0.826963510977465,2.2690002413224875,1.058,False,False,0.0,False,False,0.0,0.0,0.002763998202201018,0.0,2.0120492530872767
2022-11-18 00:00:00-05:00,56.32950210571289,64.43521118164062,-0.8284130583045111,2.9505317482329545,1.552,False,False,0.0,True,False,-1.0,-1.0,0.006212204869948588,0.0,2.0120492530872767
2022-11-21 00:00:00-05:00,56.51853561401367,64.38578796386719,-0.8302421780748335,3.06273877782818,1.533,False,False,0.0,False,False,-1.0,-1.0,0.0010203019840655768,-0.0010203019840655768,2.011028951103211
2022-11-22 00:00:00-05:00,56.87010192871094,65.31475830078125,-0.8315755715951025,2.5559444611428006,1.043,False,False,0.0,False,False,-1.0,-1.0,-0.004558148063738778,0.004558148063738778,2.01558709916695
2022-11-23 00:00:00-05:00,57.07925796508789,65.02816772460938,-0.8331825291230318,2.8989247160611455,1.248,False,False,0.0,False,False,-1.0,-1.0,0.0030827028139829593,-0.0030827028139829593,2.0125043963529667
2022-11-25 00:00:00-05:00,57.178855895996094,65.55194854736328,-0.834373225194889,2.484065168723177,0.855,False,False,0.0,False,False,-1.0,-1.0,-0.003708286623881986,0.003708286623881986,2.0162126829768487
2022-11-28 00:00:00-05:00,56.54143524169922,64.16836547851562,-0.835942334367107,2.9003820110671867,1.139,False,False,0.0,False,False,-1.0,-1.0,0.0037784302035305207,-0.0037784302035305207,2.0124342527733186
2022-11-29 00:00:00-05:00,57.54737091064453,64.80086517333984,-0.8380106296248412,3.243557086499564,1.338,False,False,0.0,False,False,-1.0,-1.0,0.0030681398346032733,-0.0030681398346032733,2.0093661129387153
2022-11-30 00:00:00-05:00,57.91587829589844,66.3722152709961,-0.8390191220783338,2.2283205088331144,0.459,False,False,0.0,False,False,-1.0,-1.0,-0.008936671395441154,0.008936671395441154,2.018302784334156
2022-12-01 00:00:00-05:00,57.80632400512695,65.47288513183594,-0.8404035890229583,2.7826763566441457,0.872,False,False,0.0,False,False,-1.0,-1.0,0.004913196730323701,-0.004913196730323701,2.0133895876038324
2022-12-02 00:00:00-05:00,57.437808990478516,66.52044677734375,-0.8404227752412259,1.5325104995770218,-0.124,False,False,0.0,False,False,-1.0,-1.0,-0.011029923961388664,0.011029923961388664,2.0244195115652213
2022-12-05 00:00:00-05:00,56.10321044921875,63.60505676269531,-0.8413293548735162,2.5904090763669245,0.804,False,True,0.0,False,False,-1.0,-1.0,0.009650949338560963,-0.009650949338560963,2.01476856222666
2022-12-06 00:00:00-05:00,56.8900260925293,62.913265228271484,-0.8438694836235808,3.799441451274454,1.758,False,False,0.0,True,False,-1.0,-1.0,0.010993141125885161,-0.010993141125885161,2.003775421100775
2022-12-07 00:00:00-05:00,56.013572692871094,63.012088775634766,-0.8455828139666397,2.731633352054139,0.847,False,False,0.0,False,False,-1.0,-1.0,-0.009769917166325965,0.009769917166325965,2.0135453382671007
2022-12-08 00:00:00-05:00,56.15300369262695,62.99233627319336,-0.8471556382170619,2.788690854326056,0.851,False,False,0.0,False,False,-1.0,-1.0,0.0005209906896851672,-0.0005209906896851672,2.0130243475774154
2022-12-09 00:00:00-05:00,56.25259780883789,62.25112533569336,-0.8493833130159336,3.3775307322365435,1.284,False,False,0.0,False,False,-1.0,-1.0,0.0053958808568720295,-0.0053958808568720295,2.0076284667205435
2022-12-12 00:00:00-05:00,56.461753845214844,61.5593376159668,-0.8524917401820863,3.9829269965227425,1.66,False,False,0.0,True,False,-1.0,-1.0,0.0055571235294513055,-0.0055571235294513055,2.0020713431910924
2022-12-13 00:00:00-05:00,56.521514892578125,61.90523147583008,-0.8553519537104562,3.5707542048288374,1.259,False,False,0.0,False,False,-1.0,-1.0,-0.0037650883706301075,0.0037650883706301075,2.0058364315617223
2022-12-14 00:00:00-05:00,56.023529052734375,60.976261138916016,-0.8582904477098279,3.6881865801427693,1.268,False,False,0.0,False,False,-1.0,-1.0,0.0010837356799760069,-0.0010837356799760069,2.0047526958817463
2022-12-15 00:00:00-05:00,55.68489456176758,59.523502349853516,-0.8620604179227689,4.372039249825939,1.651,False,False,0.0,True,False,-1.0,-1.0,0.0063912808492732716,-0.0063912808492732716,1.9983614150324729
2022-12-16 00:00:00-05:00,55.575340270996094,59.07878112792969,-0.866103466316242,4.40700315035761,1.571,False,False,0.0,False,False,-1.0,-1.0,0.0003275500843332558,-0.0003275500843332558,1.9980338649481397
2022-12-19 00:00:00-05:00,54.72876739501953,57.61614227294922,-0.8704335887940331,4.577741903908745,1.574,False,False,0.0,False,False,-1.0,-1.0,0.0016279470892596847,-0.0016279470892596847,1.99640591785888
2022-12-20 00:00:00-05:00,55.555419921875,58.19921875,-0.8749341554697806,4.634935615842728,1.516,False,False,0.0,False,False,-1.0,-1.0,0.0005371516903163631,-0.0005371516903163631,1.9958687661685637
2022-12-21 00:00:00-05:00,57.188819885253906,58.69335174560547,-0.8805423220179348,5.506839652163059,1.975,False,False,0.0,False,False,-1.0,-1.0,0.008008612367802507,-0.008008612367802507,1.9878601538007612
2022-12-22 00:00:00-05:00,56.95974349975586,58.209102630615234,-0.8862989083853278,5.3690793801520655,1.801,False,False,0.0,False,False,-1.0,-1.0,-0.0012690903243225062,0.0012690903243225062,1.9891292441250839
2022-12-23 00:00:00-05:00,57.617088317871094,58.683467864990234,-0.8920013795125123,5.271354027721614,1.613,False,False,0.0,False,False,-1.0,-1.0,-0.0008887126586301684,0.0008887126586301684,1.990017956783714
2022-12-27 00:00:00-05:00,58.36406707763672,59.05900955200195,-0.8977905185501102,5.341448266888975,1.555,False,False,0.0,False,False,-1.0,-1.0,0.0006292874108634396,-0.0006292874108634396,1.9893886693728504
2022-12-28 00:00:00-05:00,57.646968841552734,57.9422721862793,-0.9035516094094534,5.293135554799463,1.46,False,False,0.0,False,False,-1.0,-1.0,-0.00043920327083760277,0.00043920327083760277,1.989827872643688
2022-12-29 00:00:00-05:00,58.43378448486328,58.28816604614258,-0.9094812375482902,5.4217910947973,1.547,False,False,0.0,True,False,-1.0,-1.0,0.0011544227376852388,-0.0011544227376852388,1.9886734499060028
2022-12-30 00:00:00-05:00,58.09515380859375,58.090511322021484,-0.9148967872487086,4.948331630441565,1.138,False,False,0.0,False,False,-1.0,-1.0,-0.0042561223868600225,0.0042561223868600225,1.9929295722928628
2023-01-03 00:00:00-05:00,58.35410690307617,58.238746643066406,-0.919975518700431,4.775885751658166,0.953,False,False,0.0,False,False,-1.0,-1.0,-0.0015406262138981369,0.0015406262138981369,1.994470198506761
2023-01-04 00:00:00-05:00,59.0313720703125,58.98983383178711,-0.9246240865790292,4.487950846147633,0.702,False,False,0.0,False,False,-1.0,-1.0,-0.002535200788470493,0.002535200788470493,1.9970053992952315
2023-01-05 00:00:00-05:00,58.97160720825195,58.34745788574219,-0.9294619030790663,4.7398679619443485,0.872,False,False,0.0,False,False,-1.0,-1.0,0.002225350430765189,-0.002225350430765189,1.9947800488644662
2023-01-06 00:00:00-05:00,60.226539611816406,60.29435348510742,-0.9334011636706201,3.9477199060494286,0.149,False,False,0.0,False,False,-1.0,-1.0,-0.006799241344216568,0.006799241344216568,2.001579290208683
2023-01-09 00:00:00-05:00,58.73257827758789,60.39318084716797,-0.9350306960619801,2.263100352663379,-1.348,False,False,0.0,False,True,0.0,0.0,-0.014623172614425176,0.014623172614425176,2.016202462823108
2023-01-10 00:00:00-05:00,58.80229568481445,61.02566909790039,-0.9353583021624619,1.7214294490741295,-1.726,True,False,1.0,False,False,0.0,1.0,-0.004674284810769999,-0.0,2.016202462823108
2023-01-11 00:00:00-05:00,59.589115142822266,61.35179901123047,-0.9358741026929509,2.1715552945886785,-1.292,False,False,1.0,False,False,0.0,1.0,0.0038470099722854026,0.0038470099722854026,2.0200494727953933
2023-01-12 00:00:00-05:00,59.638912200927734,61.84593963623047,-0.9359338707869703,1.7552025247332423,-1.579,True,False,1.0,False,False,0.0,1.0,-0.0035427457557129795,-0.0035427457557129795,2.0165067270396806
2023-01-13 00:00:00-05:00,59.97754669189453,61.98429489135742,-0.9361092421209312,1.953475377745633,-1.363,False,False,1.0,False,False,0.0,1.0,0.0016802553758393061,0.0016802553758393061,2.0181869824155196
2023-01-17 00:00:00-05:00,59.11104202270508,61.96453094482422,-0.9353434634761753,1.1529230360965528,-1.883,True,False,1.0,False,False,0.0,1.0,-0.006838285460894276,-0.006838285460894276,2.0113486969546255
2023-01-18 00:00:00-05:00,58.23459243774414,60.788482666015625,-0.9346449837914446,1.4189420416594558,-1.588,False,False,1.0,False,False,0.0,1.0,0.0023121985578693975,0.0023121985578693975,2.013660895512495
2023-01-19 00:00:00-05:00,57.83620071411133,61.49015808105469,-0.9328224834050634,0.4767987479719693,-2.068,False,False,1.0,False,False,0.0,1.0,-0.008178639390451395,-0.008178639390451395,2.0054822561220433
2023-01-20 00:00:00-05:00,58.72261428833008,61.62852096557617,-0.9316964271043096,1.3035414969797259,-1.452,False,False,1.0,False,False,0.0,1.0,0.007118397965414086,0.007118397965414086,2.0126006540874575
2023-01-23 00:00:00-05:00,59.340126037597656,61.173912048339844,-0.9319988858662435,2.326108164465353,-0.755,False,False,1.0,False,False,0.0,1.0,0.008788399219113055,0.008788399219113055,2.021389053306571
2023-01-24 00:00:00-05:00,59.98749923706055,61.77675247192383,-0.9327382989672212,2.3659562206792373,-0.758,False,False,1.0,False,False,0.0,1.0,0.0003388179637413734,0.0003388179637413734,2.021727871270312
2023-01-25 00:00:00-05:00,60.34605407714844,62.389488220214844,-0.9332963584864217,2.1181719133904195,-0.91,False,False,1.0,False,False,0.0,1.0,-0.0020897029747363265,-0.0020897029747363265,2.0196381682955753
2023-01-26 00:00:00-05:00,60.903804779052734,62.389488220214844,-0.934395112236826,2.6073719311269485,-0.555,False,False,1.0,False,False,0.0,1.0,0.0041040188130112305,0.0041040188130112305,2.0237421871085868
2023-01-27 00:00:00-05:00,60.744449615478516,63.081275939941406,-0.9346473230397325,1.7857039242815915,-1.07,False,False,1.0,False,False,0.0,1.0,-0.006864211141066636,-0.006864211141066636,2.01687797596752
2023-01-30 00:00:00-05:00,60.176734924316406,61.7965202331543,-0.9353782336836843,2.3736149808304816,-0.672,False,False,1.0,False,False,0.0,1.0,0.004983147819665066,0.004983147819665066,2.0218611237871853
2023-01-31 00:00:00-05:00,61.23246765136719,63.693992614746094,-0.9353728115256655,1.6548387020171589,-1.089,False,False,1.0,False,False,0.0,1.0,-0.005949637480954183,-0.005949637480954183,2.015911486306231
2023-02-01 00:00:00-05:00,60.29625701904297,63.72365188598633,-0.9341070779856465,0.7715427572497475,-1.541,True,False,1.0,False,False,0.0,1.0,-0.0073717975687005895,-0.0073717975687005895,2.0085396887375304
2023-02-02 00:00:00-05:00,59.937705993652344,61.27273941040039,-0.9347745310252332,2.661509746663995,-0.35,False,False,1.0,False,False,0.0,1.0,0.016124085567376954,0.016124085567376954,2.0246637743049076
2023-02-03 00:00:00-05:00,59.85802459716797,60.778602600097656,-0.9363041175913371,2.950768721248984,-0.157,False,False,1.0,False,False,0.0,1.0,0.002477268700190891,0.002477268700190891,2.0271410430050985
2023-02-06 00:00:00-05:00,61.19263458251953,59.98798370361328,-0.9402663261811144,4.787953530510514,0.97,False,True,0.0,False,False,0.0,0.0,0.015622676413560084,0.015622676413560084,2.0427637194186583
2023-02-07 00:00:00-05:00,62.49735641479492,59.997867584228516,-0.9460281124454072,5.737686993337739,1.49,False,False,0.0,False,False,0.0,0.0,0.007963752711150733,0.0,2.0427637194186583
2023-02-08 00:00:00-05:00,61.81013870239258,61.15414810180664,-0.9498650334696621,3.721951768861338,0.298,False,False,0.0,False,False,0.0,0.0,-0.016812038148032726,-0.0,2.0427637194186583
2023-02-09 00:00:00-05:00,61.50138473510742,61.86570358276367,-0.951851480374028,2.614423195473016,-0.34,False,False,0.0,False,True,0.0,0.0,-0.009199632752333006,-0.0,2.0427637194186583
2023-02-10 00:00:00-05:00,61.91969299316406,63.71376419067383,-0.9517334805966934,1.2811704380570959,-1.094,False,False,0.0,False,False,0.0,0.0,-0.01087852618815915,-0.0,2.0427637194186583
2023-02-13 00:00:00-05:00,62.318084716796875,61.73722839355469,-0.9536459745487447,3.4426253794869837,0.29,False,True,0.0,False,False,0.0,0.0,0.017834736646243368,0.0,2.0427637194186583
2023-02-14 00:00:00-05:00,61.53126525878906,61.450626373291016,-0.9553589015899183,2.8238623447892905,-0.062,False,False,0.0,False,False,0.0,0.0,-0.005146123490061454,-0.0,2.0427637194186583
2023-02-15 00:00:00-05:00,61.8997688293457,61.381446838378906,-0.9573906063568854,3.133748221687192,0.194,False,False,0.0,False,False,0.0,0.0,0.0025681336718862057,0.0,2.0427637194186583
2023-02-16 00:00:00-05:00,61.411746978759766,62.013938903808594,-0.9581401471644774,1.993702431215688,-0.548,False,False,0.0,False,True,0.0,0.0,-0.009435138272363267,-0.0,2.0427637194186583
2023-02-17 00:00:00-05:00,61.26234817504883,61.0849723815918,-0.9593452585286392,2.660769553415861,-0.01,False,False,0.0,False,False,0.0,0.0,0.005565203310347742,0.0,2.0427637194186583
2023-02-21 00:00:00-05:00,60.597354888916016,59.35549545288086,-0.9616959905833787,3.515412892790522,0.704,False,True,0.0,False,False,0.0,0.0,0.007262478294797636,0.0,2.0427637194186583
2023-02-22 00:00:00-05:00,60.45777893066406,61.213443756103516,-0.9620238265629147,1.5689875313236001,-0.803,False,False,0.0,False,True,0.0,0.0,-0.016309017980867587,-0.0,2.0427637194186583
2023-02-23 00:00:00-05:00,60.51759719848633,61.27273941040039,-0.9618237387137468,1.5840218975418878,-0.744,False,False,0.0,False,False,0.0,0.0,0.00012586202298147666,0.0,2.0427637194186583
2023-02-24 00:00:00-05:00,60.896453857421875,60.95649337768555,-0.9622702401210005,2.239834337942227,-0.127,False,False,0.0,False,False,0.0,0.0,0.005485533929628336,0.0,2.0427637194186583
2023-02-27 00:00:00-05:00,60.71699523925781,61.381446838378906,-0.9621892205969833,1.6564287467228453,-0.615,False,False,0.0,False,True,0.0,0.0,-0.004870741921811281,-0.0,2.0427637194186583
2023-02-28 00:00:00-05:00,60.90642547607422,61.70836639404297,-0.9618411171365963,1.5527814069535353,-0.687,False,False,0.0,False,False,0.0,0.0,-0.0008618599686603239,-0.0,2.0427637194186583
2023-03-01 00:00:00-05:00,61.06594467163086,61.56967544555664,-0.96177836526588,1.8495628716526014,-0.415,False,False,0.0,False,False,0.0,0.0,0.002467373831259549,0.0,2.0427637194186583
2023-03-02 00:00:00-05:00,61.25537109375,62.956600189208984,-0.960510282086435,0.7849092868099703,-1.332,False,False,0.0,False,False,0.0,0.0,-0.008746324091380243,-0.0,2.0427637194186583
2023-03-03 00:00:00-05:00,61.57440948486328,63.105201721191406,-0.959229405838391,1.0420443325330382,-1.064,False,False,0.0,False,False,0.0,0.0,0.002105821290318031,0.0,2.0427637194186583
2023-03-06 00:00:00-05:00,61.14570617675781,62.659400939941406,-0.9580362997088593,1.1157255582825272,-0.963,False,False,0.0,False,False,0.0,0.0,0.0006080528833642848,0.0,2.0427637194186583
2023-03-07 00:00:00-05:00,59.55051040649414,62.38201904296875,-0.9554658341400555,-0.05337745373682168,-1.876,True,False,1.0,False,False,0.0,1.0,-0.00981166477298078,-0.0,2.0427637194186583
2023-03-08 00:00:00-05:00,58.673152923583984,61.619205474853516,-0.9525669088676528,-0.023263162477981325,-1.739,False,False,1.0,False,False,0.0,1.0,0.0002565766536670628,0.0002565766536670628,2.043020296072325
2023-03-09 00:00:00-05:00,57.99519729614258,59.36049270629883,-0.9514278897756155,1.5179689845478634,-0.532,False,False,1.0,False,False,0.0,1.0,0.013463785176590784,0.013463785176590784,2.0564840812489162
2023-03-10 00:00:00-05:00,57.17766189575195,58.340110778808594,-0.950971670945414,1.6978692652877854,-0.395,False,False,1.0,False,False,0.0,1.0,0.0015968786219828707,0.0015968786219828707,2.058080959870899
2023-03-13 00:00:00-04:00,55.373104095458984,58.0726318359375,-0.9489755719875886,0.2635950821255477,-1.484,False,False,1.0,False,False,0.0,1.0,-0.01298189952974687,-0.01298189952974687,2.045099060341152
2023-03-14 00:00:00-04:00,56.110877990722656,58.36983108520508,-0.9472267753684985,0.821411113079904,-0.985,False,False,1.0,False,False,0.0,1.0,0.0050073097315227475,0.0050073097315227475,2.050106370072675
2023-03-15 00:00:00-04:00,54.14680099487305,56.31916046142578,-0.9456258184288385,0.8899487903122107,-0.891,False,False,1.0,False,False,0.0,1.0,0.0006381317133137144,0.0006381317133137144,2.0507445017859887
2023-03-16 00:00:00-04:00,55.70210647583008,56.42813491821289,-0.9458016701365671,2.332282227492783,0.243,False,True,0.0,False,False,0.0,0.0,0.013223690344568096,0.013223690344568096,2.063968192130557
2023-03-17 00:00:00-04:00,53.428958892822266,56.08140563964844,-0.9442154183225044,0.4760310066675544,-1.156,False,False,0.0,False,True,0.0,0.0,-0.01744894057652734,-0.0,2.063968192130557
2023-03-20 00:00:00-04:00,55.09394073486328,57.08197021484375,-0.9430878430287859,1.260628569112889,-0.528,False,False,0.0,False,False,0.0,0.0,0.007202950056596115,0.0,2.063968192130557
2023-03-21 00:00:00-04:00,55.85165786743164,57.963661193847656,-0.9420669638225657,1.2460075545037057,-0.528,False,False,0.0,False,False,0.0,0.0,-0.0001323680148470516,-0.0,2.063968192130557
2023-03-22 00:00:00-04:00,54.276405334472656,56.90365219116211,-0.9404805963917373,0.759624584860525,-0.898,False,False,0.0,False,False,0.0,0.0,-0.004512186598360442,-0.0,2.063968192130557
2023-03-23 00:00:00-04:00,53.61839294433594,56.279537200927734,-0.9387635662422964,0.7852138951270291,-0.831,False,False,0.0,False,False,0.0,0.0,0.0002403845221567592,0.0,2.063968192130557
2023-03-24 00:00:00-04:00,54.39604568481445,56.30925750732422,-0.9379792369563106,1.5791312945180778,-0.202,False,False,0.0,False,False,0.0,0.0,0.007405050647187142,0.0,2.063968192130557
2023-03-27 00:00:00-04:00,55.45286178588867,57.16122817993164,-0.9377875214917529,1.8477752856060334,0.076,False,False,0.0,False,False,0.0,0.0,0.0024633141858035495,0.0,2.063968192130557
2023-03-28 00:00:00-04:00,55.71208572387695,57.557491302490234,-0.9376362087272349,1.7440977951592131,0.108,False,False,0.0,False,False,0.0,0.0,-0.0009452718893608036,-0.0,2.063968192130557
2023-03-29 00:00:00-04:00,56.7290153503418,59.380306243896484,-0.9367081811629574,1.1069966917221166,-0.503,False,False,0.0,False,True,0.0,0.0,-0.005670629639120895,-0.0,2.063968192130557
2023-03-30 00:00:00-04:00,57.12781524658203,59.39021682739258,-0.9360872057229327,1.5333931293490153,0.003,False,False,0.0,False,False,0.0,0.0,0.003782718011980981,0.0,2.063968192130557
2023-03-31 00:00:00-04:00,57.84565353393555,59.74685287475586,-0.9360322780758226,1.9206707297168109,0.419,False,True,0.0,False,False,0.0,0.0,0.0034040206931489018,0.0,2.063968192130557
2023-04-03 00:00:00-04:00,57.41694259643555,60.43041229248047,-0.9349030923004512,0.9203632752043589,-0.671,False,False,0.0,False,True,0.0,0.0,-0.0087812881005948,-0.0,2.063968192130557
2023-04-04 00:00:00-04:00,56.04108810424805,59.83601379394531,-0.9326307010331155,0.23618461257365908,-1.422,False,False,0.0,False,False,0.0,0.0,-0.006117149598910104,-0.0,2.063968192130557
2023-04-05 00:00:00-04:00,56.05105972290039,60.15302658081055,-0.9298895048076274,0.1153916229904226,-1.518,True,False,1.0,False,False,0.0,1.0,-0.0010786366557147711,-0.0,2.063968192130557
2023-04-06 00:00:00-04:00,56.210575103759766,59.24161911010742,-0.9283704202377661,1.2124082749436624,-0.096,False,False,1.0,False,False,0.0,1.0,0.009864482170100837,0.009864482170100837,2.073832674300658
2023-04-10 00:00:00-04:00,56.28036880493164,59.72704315185547,-0.926838432020773,0.9230497808288689,-0.422,False,False,1.0,False,True,0.0,1.0,-0.002591942736738928,-0.002591942736738928,2.071240731563919
2023-04-11 00:00:00-04:00,56.709075927734375,60.36106491088867,-0.9252275699025914,0.8613545235002746,-0.475,False,False,1.0,False,False,0.0,1.0,-0.0005481255578606582,-0.0005481255578606582,2.070692606006058
2023-04-12 00:00:00-04:00,56.419944763183594,61.213035583496094,-0.9224794931783047,-0.04782527778541379,-1.775,True,False,1.0,False,False,0.0,1.0,-0.008053841845084847,-0.008053841845084847,2.0626387641609734
2023-04-13 00:00:00-04:00,56.539588928222656,62.13434982299805,-0.9188022554863093,-0.5495918323233155,-2.262,False,False,1.0,False,False,0.0,1.0,-0.004415840776171826,-0.004415840776171826,2.0582229233848013
2023-04-14 00:00:00-04:00,56.07100296020508,61.549861907958984,-0.915232684944664,-0.261442411789524,-1.744,False,False,1.0,False,False,0.0,1.0,0.002563528297478813,0.002563528297478813,2.0607864516822803
2023-04-17 00:00:00-04:00,57.028114318847656,62.18387985229492,-0.9123756886683853,0.29305411453795216,-0.906,False,False,1.0,False,False,0.0,1.0,0.00487413021526227,0.00487413021526227,2.0656605818975424
2023-04-18 00:00:00-04:00,57.337181091308594,62.38201904296875,-0.9100557232215498,0.5660676351391771,-0.483,False,False,1.0,False,False,0.0,1.0,0.0023925826048309742,0.0023925826048309742,2.0680531645023734
2023-04-19 00:00:00-04:00,57.31724166870117,61.668739318847656,-0.9087535104168901,1.275558329714265,0.566,False,True,0.0,False,False,0.0,0.0,0.006258798718556741,0.006258798718556741,2.0743119632209304
2023-04-20 00:00:00-04:00,56.9483528137207,61.31209945678711,-0.9077522809668981,1.2921546809528905,0.566,False,False,0.0,False,False,0.0,0.0,0.00014738615001903807,0.0,2.0743119632209304
2023-04-21 00:00:00-04:00,56.2703971862793,60.90592956542969,-0.906548490714003,1.056218663205641,0.222,False,False,0.0,False,False,0.0,0.0,-0.002116310855076034,-0.0,2.0743119632209304
2023-04-24 00:00:00-04:00,56.4598274230957,60.935646057128906,-0.9055597600514297,1.2789584010232034,0.537,False,False,0.0,False,False,0.0,0.0,0.001995148229185044,0.0,2.0743119632209304
2023-04-25 00:00:00-04:00,55.94138717651367,59.96479797363281,-0.9051009629263044,1.667190788897308,1.041,False,False,0.0,False,False,0.0,0.0,0.0035224818062883807,0.0,2.0743119632209304
2023-04-26 00:00:00-04:00,55.532623291015625,59.08311462402344,-0.9052473346383065,2.0477912554888604,1.507,False,False,0.0,True,False,-1.0,-1.0,0.0034911883188938077,0.0,2.0743119632209304
2023-04-27 00:00:00-04:00,56.68913269042969,60.103492736816406,-0.9058017087239703,2.2472862691426485,1.7,False,False,0.0,False,False,-1.0,-1.0,0.0017951341313500132,-0.0017951341313500132,2.0725168290895803
2023-04-28 00:00:00-04:00,57.397003173828125,60.549293518066406,-0.9067664969877114,2.4929323953703104,1.92,False,False,0.0,False,False,-1.0,-1.0,0.0021873889321132505,-0.0021873889321132505,2.070329440157467
2023-05-01 00:00:00-04:00,59.949310302734375,60.886112213134766,-0.9103093647713797,4.524112170596723,3.553,False,False,0.0,False,False,-1.0,-1.0,0.01760510014543635,-0.01760510014543635,2.0527243400120305
2023-05-02 00:00:00-04:00,58.842647552490234,60.07377243041992,-0.9138506340008433,3.9441925301286034,2.541,False,False,0.0,False,False,-1.0,-1.0,-0.005098593448981915,0.005098593448981915,2.0578229334610123
2023-05-03 00:00:00-04:00,58.24444580078125,59.43975067138672,-0.9171322320176025,3.730334596962564,2.101,False,False,0.0,False,False,-1.0,-1.0,-0.0018966004784658186,0.0018966004784658186,2.0597195339394783
2023-05-04 00:00:00-04:00,57.90547180175781,56.34888458251953,-0.9229609847013469,5.897649800653042,3.255,False,False,0.0,False,False,-1.0,-1.0,0.01971840828988088,-0.01971840828988088,2.0400011256495976
2023-05-05 00:00:00-04:00,58.44384765625,57.70608901977539,-0.9282841225658396,4.8762014438215715,2.232,False,False,0.0,False,False,-1.0,-1.0,-0.009119138773642375,0.009119138773642375,2.04912026442324
2023-05-08 00:00:00-04:00,58.633277893066406,57.05225372314453,-0.9340451395311479,5.343897603665425,2.265,False,False,0.0,False,False,-1.0,-1.0,0.004178744209964789,-0.004178744209964789,2.044941520213275
2023-05-09 00:00:00-04:00,58.44384765625,56.56682586669922,-0.9398634856031911,5.278753527665323,2.012,False,False,0.0,False,False,-1.0,-1.0,-0.0005836815129534184,0.0005836815129534184,2.045525201726228
2023-05-10 00:00:00-04:00,58.31424331665039,57.03243637084961,-0.9446887638629361,4.436341501380916,1.419,False,False,0.0,False,False,-1.0,-1.0,-0.007508654240400399,0.007508654240400399,2.053033855966629
2023-05-11 00:00:00-04:00,58.224510192871094,56.29935073852539,-0.9496400394459197,4.760392536758175,1.492,False,False,0.0,False,False,-1.0,-1.0,0.0029013789641628854,-0.0029013789641628854,2.0501324770024656
2023-05-12 00:00:00-04:00,58.33417892456055,56.487571716308594,-0.9542390743018715,4.431530780429654,1.235,False,False,0.0,False,False,-1.0,-1.0,-0.0029300699682756597,0.0029300699682756597,2.0530625469707413
2023-05-15 00:00:00-04:00,58.20457077026367,57.35935974121094,-0.9573491099618527,3.2916387740336503,0.593,False,False,0.0,False,False,-1.0,-1.0,-0.010077061272728597,0.010077061272728597,2.0631396082434703
2023-05-16 00:00:00-04:00,57.65622329711914,56.43804168701172,-0.9602466357846274,3.4617836368935784,0.653,False,False,0.0,False,False,-1.0,-1.0,0.0015211788500959925,-0.0015211788500959925,2.0616184293933744
2023-05-17 00:00:00-04:00,58.06499099731445,55.437477111816406,-0.9644868984160633,4.596270641727152,1.185,False,False,0.0,False,False,-1.0,-1.0,0.010171695992828252,-0.010171695992828252,2.051446733400546
2023-05-18 00:00:00-04:00,58.69309616088867,55.665321350097656,-0.9692993138517949,4.736738370899346,1.186,False,False,0.0,False,False,-1.0,-1.0,0.0012469454954788003,-0.0012469454954788003,2.050199787905067
2023-05-19 00:00:00-04:00,58.6233024597168,56.43804168701172,-0.9730164064392838,3.7081619509501635,0.625,False,False,0.0,False,False,-1.0,-1.0,-0.009059278893182459,0.009059278893182459,2.0592590667982495
2023-05-22 00:00:00-04:00,58.503665924072266,56.32906723022461,-0.9761836407871415,3.5161519931279415,0.491,False,False,0.0,False,False,-1.0,-1.0,-0.0016918491645563306,0.0016918491645563306,2.060950915962806
2023-05-23 00:00:00-04:00,57.798030853271484,55.50681686401367,-0.9791129589886687,3.4505871495049263,0.416,False,False,0.0,False,False,-1.0,-1.0,-0.0005846410109903133,0.0005846410109903133,2.061535556973796
2023-05-24 00:00:00-04:00,57.0594596862793,54.73410415649414,-0.9818167974941919,3.3205968296366777,0.307,False,False,0.0,False,False,-1.0,-1.0,-0.0011732155946484835,0.0011732155946484835,2.0627087725684445
2023-05-25 00:00:00-04:00,56.86983108520508,54.33783721923828,-0.9845273598394362,3.3727436683633627,0.303,False,False,0.0,False,False,-1.0,-1.0,0.0004724861347444247,-0.0004724861347444247,2.0622362864337003
2023-05-26 00:00:00-04:00,56.99958038330078,54.65484619140625,-0.9868620893861716,3.0627846757697696,0.101,False,False,0.0,False,False,-1.0,-1.0,-0.002794024859256325,0.002794024859256325,2.0650303112929564
2023-05-30 00:00:00-04:00,57.28902053833008,54.45671844482422,-0.9895174491244101,3.4031474151214027,0.254,False,True,0.0,False,False,-1.0,-1.0,0.003061507217518324,-0.003061507217518324,2.061968804075438
2023-05-31 00:00:00-04:00,55.8917236328125,53.13553237915039,-0.9919928335863758,3.1816563038984853,0.078,False,False,0.0,False,False,-1.0,-1.0,-0.0020394793608972377,0.0020394793608972377,2.064008283436335
2023-06-01 00:00:00-04:00,56.28097152709961,53.50307846069336,-0.9943015296711147,3.0827787715185337,-0.048,False,False,0.0,False,False,-1.0,-1.0,-0.0009031630176189948,0.0009031630176189948,2.064911446453954
2023-06-02 00:00:00-04:00,57.90782165527344,55.54942321777344,-0.9959421511420474,2.583809601064168,-0.457,False,False,0.0,False,True,0.0,0.0,-0.004406615649575754,0.004406615649575754,2.0693180621035303
2023-06-05 00:00:00-04:00,58.35695266723633,55.827571868896484,-0.99749137042308,2.6694314963377863,-0.476,False,False,0.0,False,False,0.0,0.0,0.0007507763628700066,0.0,2.0693180621035303
2023-06-06 00:00:00-04:00,58.516639709472656,57.2381591796875,-0.9974411639214931,1.4249435965614623,-1.469,False,False,0.0,False,False,0.0,0.0,-0.010764690027960499,-0.0,2.0693180621035303
2023-06-07 00:00:00-04:00,59.60453414916992,57.705047607421875,-0.9976829988608777,2.033189202787547,-1.043,False,False,0.0,False,False,0.0,0.0,0.005190877260072309,0.0,2.0693180621035303
2023-06-08 00:00:00-04:00,59.20530700683594,57.446773529052734,-0.9978222012425084,1.8836409897966746,-1.198,False,False,0.0,False,False,0.0,0.0,-0.0012833785097998843,-0.0,2.0693180621035303
2023-06-09 00:00:00-04:00,59.22526931762695,56.06597900390625,-0.999566615990842,3.183588412478784,-0.217,False,False,0.0,False,False,0.0,0.0,0.011277711609179524,0.0,2.0693180621035303
2023-06-12 00:00:00-04:00,58.76615524291992,56.62227249145508,-1.0004457842672032,2.1186414332148615,-1.181,False,False,0.0,False,False,0.0,0.0,-0.009227217087937306,-0.0,2.0693180621035303
2023-06-13 00:00:00-04:00,59.135440826416016,57.31763458251953,-1.0006437421354186,1.780908467413191,-1.487,False,False,0.0,False,False,0.0,0.0,-0.002899244944147218,-0.0,2.0693180621035303
2023-06-14 00:00:00-04:00,58.007625579833984,56.652069091796875,-1.0000983617512589,1.349984091308798,-1.798,True,False,1.0,False,False,0.0,1.0,-0.003758107290217987,-0.0,2.0693180621035303
2023-06-15 00:00:00-04:00,58.726234436035156,57.29776382446289,-0.9994705855065866,1.4588048781811125,-1.64,False,False,1.0,False,False,0.0,1.0,0.0009381614747340637,0.0009381614747340637,2.070256223578264
2023-06-16 00:00:00-04:00,58.456756591796875,56.85074234008789,-0.9990708615721579,1.6588364610685105,-1.419,False,False,1.0,False,False,0.0,1.0,0.0017355615283965657,0.0017355615283965657,2.0719917851066607
2023-06-20 00:00:00-04:00,57.977684020996094,56.165321350097656,-0.9990015783218242,1.868439345296082,-1.174,False,False,1.0,False,False,0.0,1.0,0.001837220850995189,0.001837220850995189,2.0738290059576556
2023-06-21 00:00:00-04:00,58.11741256713867,58.18186569213867,-0.9968304634101253,0.11995642717840838,-2.293,True,False,1.0,False,False,0.0,1.0,-0.015058217242860097,-0.015058217242860097,2.0587707887147957
2023-06-22 00:00:00-04:00,58.10743713378906,57.506370544433594,-0.9950115160807976,0.8879361940680681,-1.597,False,False,1.0,False,False,0.0,1.0,0.00665915335756287,0.00665915335756287,2.0654299420723587
2023-06-23 00:00:00-04:00,57.788055419921875,56.85074234008789,-0.9938018898049492,1.289680245528288,-1.262,False,False,1.0,False,False,0.0,1.0,0.0035152384178161783,0.0035152384178161783,2.0689451804901746
2023-06-26 00:00:00-04:00,58.207237243652344,57.62557601928711,-0.9924290455010321,1.0179418383840755,-1.381,False,False,1.0,False,False,0.0,1.0,-0.002354822982168298,-0.002354822982168298,2.066590357508006
2023-06-27 00:00:00-04:00,58.836021423339844,56.95008850097656,-0.9926238430825788,2.3060057116075114,-0.377,False,False,1.0,False,False,0.0,1.0,0.011165017930843483,0.011165017930843483,2.0777553754388496
2023-06-28 00:00:00-04:00,58.10743713378906,56.56266784667969,-0.9928311096610467,1.950260850180861,-0.613,False,False,1.0,False,False,0.0,1.0,-0.0031133423619712423,-0.0031133423619712423,2.074642033076879
2023-06-29 00:00:00-04:00,58.99571228027344,57.31763458251953,-0.9931902241866977,2.0683979394096497,-0.471,False,False,1.0,False,False,0.0,1.0,0.0010190994202979842,0.0010190994202979842,2.0756611324971765
2023-06-30 00:00:00-04:00,59.26519012451172,56.92028045654297,-0.9943424810170112,2.666937235168689,0.1,False,False,1.0,False,False,0.0,1.0,0.005165902895596387,0.005165902895596387,2.080827035392773
2023-07-03 00:00:00-04:00,59.60453414916992,57.61564254760742,-0.995222831452369,2.2641312369924833,-0.217,False,False,1.0,False,True,0.0,1.0,-0.0034444073279110855,-0.0034444073279110855,2.0773826280648615
2023-07-05 00:00:00-04:00,59.55462646484375,56.17525100708008,-0.9975851818786248,3.5150284718683693,0.958,False,True,0.0,False,False,0.0,0.0,0.010821450991544513,0.010821450991544513,2.088204079056406
2023-07-06 00:00:00-04:00,59.84406661987305,56.244789123535156,-1.0004557551650906,3.573643643185413,1.007,False,False,0.0,False,False,0.0,0.0,0.0005048049689638384,0.0,2.088204079056406
2023-07-07 00:00:00-04:00,60.33312225341797,56.92028045654297,-1.0030594480610793,3.2386971551961423,0.771,False,False,0.0,False,False,0.0,0.0,-0.0028523672302059153,-0.0,2.088204079056406
2023-07-10 00:00:00-04:00,59.42488098144531,53.7315559387207,-1.0080974792610604,5.25823488284631,2.659,False,False,0.0,True,False,-1.0,-1.0,0.017778946894754427,0.0,2.088204079056406
2023-07-11 00:00:00-04:00,60.422950744628906,54.15870666503906,-1.0141690678318604,5.4968656911670735,2.581,False,False,0.0,False,False,-1.0,-1.0,0.0020687715911077743,-0.0020687715911077743,2.086135307465298
2023-07-12 00:00:00-04:00,60.33312225341797,53.67195129394531,-1.0206298722950045,5.553925458454863,2.369,False,False,0.0,False,False,-1.0,-1.0,0.0004956877574832595,-0.0004956877574832595,2.0856396197078153
2023-07-13 00:00:00-04:00,60.373046875,54.24810791015625,-1.0261626309800638,4.705665736223651,1.605,False,False,0.0,False,False,-1.0,-1.0,-0.007310036137840741,0.007310036137840741,2.092949655845656
2023-07-14 00:00:00-04:00,59.3250732421875,53.89049530029297,-1.030290140880677,3.802227247119191,0.889,False,False,0.0,False,False,-1.0,-1.0,-0.007866389701306759,0.007866389701306759,2.1008160455469627
2023-07-17 00:00:00-04:00,59.99378204345703,54.228240966796875,-1.034150027881204,3.913645135695397,0.953,False,False,0.0,False,False,-1.0,-1.0,0.0009598873681781211,-0.0009598873681781211,2.0998561581787842
2023-07-18 00:00:00-04:00,60.223331451416016,54.734859466552734,-1.0373444198555595,3.444430412209293,0.586,False,False,0.0,False,False,-1.0,-1.0,-0.004010305730907397,0.004010305730907397,2.1038664639096916
2023-07-19 00:00:00-04:00,60.52275466918945,55.81763458251953,-1.0391718960641672,2.518637506255807,-0.095,False,False,0.0,False,False,-1.0,-1.0,-0.007810827128423193,0.007810827128423193,2.1116772910381147
2023-07-20 00:00:00-04:00,61.70047378540039,56.244789123535156,-1.0413623664027507,3.129267085892124,0.371,False,True,0.0,False,False,-1.0,-1.0,0.005077085288693019,-0.005077085288693019,2.1066002057494218
2023-07-21 00:00:00-04:00,61.3810920715332,55.9765739440918,-1.0434593626248663,2.971811901907479,0.254,False,False,0.0,False,False,-1.0,-1.0,-0.0013144226955707275,0.0013144226955707275,2.1079146284449926
2023-07-24 00:00:00-04:00,61.36112976074219,56.324256896972656,-1.044938055407758,2.5057702865325737,-0.099,False,False,0.0,False,False,-1.0,-1.0,-0.003876686287719407,0.003876686287719407,2.111791314732712
2023-07-25 00:00:00-04:00,60.882057189941406,55.85737228393555,-1.0461551571869547,2.446579108190562,-0.139,False,False,0.0,False,False,-1.0,-1.0,-0.0004960811351594733,0.0004960811351594733,2.112287395867871
2023-07-26 00:00:00-04:00,61.510841369628906,55.420291900634766,-1.048502043012684,3.4025520874540547,0.548,False,True,0.0,False,False,-1.0,-1.0,0.007991806779186598,-0.007991806779186598,2.104295589088685
2023-07-27 00:00:00-04:00,61.920047760009766,55.221614837646484,-1.0517409530779547,3.841213940159726,0.838,False,False,0.0,False,False,-1.0,-1.0,0.003655549509548884,-0.003655549509548884,2.100640039579136
2023-07-28 00:00:00-04:00,62.06975555419922,55.767967224121094,-1.0545165235148979,3.261512633526273,0.367,False,False,0.0,False,False,-1.0,-1.0,-0.0047957553396614176,0.0047957553396614176,2.1054357949187974
2023-07-31 00:00:00-04:00,62.52886962890625,56.05604934692383,-1.0571623066945897,3.2685271971265095,0.37,False,False,0.0,False,False,-1.0,-1.0,5.7595935481882334e-05,-5.7595935481882334e-05,2.105378198983315
2023-08-01 00:00:00-04:00,62.8382682800293,55.56929397583008,-1.0605690580563005,3.903194511229536,0.81,False,False,0.0,False,False,-1.0,-1.0,0.005211873990027601,-0.005211873990027601,2.100166324993288
2023-08-02 00:00:00-04:00,62.748443603515625,55.529563903808594,-1.0639086881923943,3.6700581147188984,0.594,False,False,0.0,False,False,-1.0,-1.0,-0.001913670397954643,0.001913670397954643,2.102079995391242
2023-08-03 00:00:00-04:00,63.19757080078125,55.320953369140625,-1.0678041252405748,4.125628580971416,0.888,False,False,0.0,False,False,-1.0,-1.0,0.0037259530605621687,-0.0037259530605621687,2.09835404233068
2023-08-04 00:00:00-04:00,62.798343658447266,55.648765563964844,-1.0707156301574285,3.2143405701436407,0.149,False,False,0.0,False,False,-1.0,-1.0,-0.007446237427637566,0.007446237427637566,2.1058002797583177
2023-08-07 00:00:00-04:00,63.37722396850586,54.2083740234375,-1.075669294602914,5.066940521143913,1.501,False,True,0.0,True,False,-1.0,-1.0,0.015224241093779662,-0.015224241093779662,2.090576038664538
2023-08-08 00:00:00-04:00,63.48701095581055,53.82095718383789,-1.081508871398971,5.279168294305698,1.55,False,False,0.0,False,False,-1.0,-1.0,0.0017439338382308448,-0.0017439338382308448,2.088832104826307
2023-08-09 00:00:00-04:00,63.0478630065918,53.016326904296875,-1.0877478628575323,5.3794667198865795,1.591,False,False,0.0,False,False,-1.0,-1.0,0.0008308609475480198,-0.0008308609475480198,2.088001243878759
2023-08-10 00:00:00-04:00,62.81830596923828,51.864013671875,-1.0949411968918494,6.030260763740223,1.988,False,False,0.0,False,False,-1.0,-1.0,0.005441132828330162,-0.005441132828330162,2.0825601110504293
2023-08-11 00:00:00-04:00,63.2973747253418,52.062686920166016,-1.1022990482369563,5.908724484584162,1.783,False,False,0.0,False,False,-1.0,-1.0,-0.0010070451751990356,0.0010070451751990356,2.0835671562256284
2023-08-14 00:00:00-04:00,62.81830596923828,51.6554069519043,-1.1092324716467157,5.520451242060538,1.427,False,False,0.0,False,False,-1.0,-1.0,-0.0032324812937116238,0.0032324812937116238,2.0867996375193396
2023-08-15 00:00:00-04:00,62.29179763793945,50.31435012817383,-1.1167899539585893,6.101236874839863,1.768,False,False,0.0,True,False,-1.0,-1.0,0.0049018743432965904,-0.0049018743432965904,2.081897763176043
2023-08-16 00:00:00-04:00,62.3817138671875,49.6785888671875,-1.1250674498934814,6.489950576074165,1.933,False,False,0.0,False,False,-1.0,-1.0,0.003286566951219634,-0.003286566951219634,2.0786111962248235
2023-08-17 00:00:00-04:00,61.552490234375,50.09580612182617,-1.1315314689769493,4.867509143760579,0.605,False,False,0.0,False,False,-1.0,-1.0,-0.013721888789841567,0.013721888789841567,2.092333085014665
2023-08-18 00:00:00-04:00,61.532508850097656,50.42361831665039,-1.136621510285631,4.219939644960284,0.039,False,False,0.0,False,False,-1.0,-1.0,-0.005448854167097493,0.005448854167097493,2.0977819391817625
2023-08-21 00:00:00-04:00,61.64240646362305,49.877262115478516,-1.1418964821958535,4.687736312397618,0.386,False,True,0.0,False,False,-1.0,-1.0,0.003944419886137101,-0.003944419886137101,2.0938375192956253
2023-08-22 00:00:00-04:00,61.32270431518555,49.05276870727539,-1.147681128702557,5.025767359234258,0.641,False,False,0.0,False,False,-1.0,-1.0,0.002873933666039765,-0.002873933666039765,2.0909635856295856
2023-08-23 00:00:00-04:00,61.90216064453125,48.754756927490234,-1.1544197128983105,5.618708149871061,1.091,False,False,0.0,False,False,-1.0,-1.0,0.005017030202639597,-0.005017030202639597,2.085946555426946
2023-08-24 00:00:00-04:00,62.032039642333984,49.320980072021484,-1.1604280086176435,4.798592954287614,0.351,False,False,0.0,False,False,-1.0,-1.0,-0.006876383275808943,0.006876383275808943,2.092822938702755
2023-08-25 00:00:00-04:00,62.002071380615234,49.60905456542969,-1.165421659069359,4.186604704109811,-0.155,False,False,0.0,False,False,-1.0,-1.0,-0.0051076683772792,0.0051076683772792,2.097930607080034
2023-08-28 00:00:00-04:00,62.17190933227539,50.59249496459961,-1.1686139644611018,3.0488132197163154,-1.087,False,False,0.0,False,True,0.0,0.0,-0.009380365499970804,0.009380365499970804,2.107310972580005
2023-08-29 00:00:00-04:00,62.21187210083008,50.96997833251953,-1.1705692048850294,2.5479850911255184,-1.428,False,False,0.0,False,False,0.0,0.0,-0.0041093334084309025,-0.0,2.107310972580005
2023-08-30 00:00:00-04:00,62.002071380615234,50.92030715942383,-1.1718403033718152,2.33160319113,-1.503,True,False,1.0,False,False,0.0,1.0,-0.0017783955258931035,-0.0,2.107310972580005
2023-08-31 00:00:00-04:00,62.032039642333984,50.33237838745117,-1.1737102571220115,2.956410863636293,-0.949,False,False,1.0,False,False,0.0,1.0,0.0051591090857611484,0.0051591090857611484,2.1124700816657667
2023-09-01 00:00:00-04:00,62.241844177246094,50.93027114868164,-1.175041923374318,2.396640408723691,-1.335,False,False,1.0,False,False,0.0,1.0,-0.004585010976440795,-0.004585010976440795,2.107885070689326
2023-09-05 00:00:00-04:00,61.6723747253418,50.780799865722656,-1.1756407210139597,1.9723985575380283,-1.58,True,False,1.0,False,False,0.0,1.0,-0.0034953747543306547,-0.0034953747543306547,2.1043896959349953
2023-09-06 00:00:00-04:00,61.66238784790039,50.322418212890625,-1.1766317754149598,2.451431562892786,-1.207,False,False,1.0,False,False,0.0,1.0,0.0039630988022307904,0.0039630988022307904,2.108352794737226
2023-09-07 00:00:00-04:00,61.9920768737793,49.38572311401367,-1.1794496215395085,3.7441044375009156,-0.227,False,False,1.0,False,False,0.0,1.0,0.010750768001390047,0.010750768001390047,2.1191035627386157
2023-09-08 00:00:00-04:00,62.37172317504883,49.40565490722656,-1.1830998237936539,3.91990155989901,-0.113,False,False,1.0,False,False,0.0,1.0,0.0014549906038872932,0.0014549906038872932,2.1205585533425033
2023-09-11 00:00:00-04:00,62.831295013427734,49.63484573364258,-1.1870215134260775,3.913665312009435,-0.154,False,False,1.0,False,False,0.0,1.0,-5.12222009695873e-05,-5.12222009695873e-05,2.1205073311415337
2023-09-12 00:00:00-04:00,63.950252532958984,51.44844436645508,-1.189508615552374,2.7518847022936725,-1.103,False,False,1.0,False,True,0.0,1.0,-0.009283207488345957,-0.009283207488345957,2.1112241236531872
2023-09-13 00:00:00-04:00,63.75043487548828,51.80717849731445,-1.1906162161627734,2.0679680429463545,-1.57,True,False,1.0,False,False,0.0,1.0,-0.005452450274484351,-0.005452450274484351,2.105771673378703
2023-09-14 00:00:00-04:00,64.47975158691406,52.42499923706055,-1.1912209936533795,2.029991903465131,-1.503,False,False,1.0,False,False,0.0,1.0,-0.00029919077999389246,-0.00029919077999389246,2.1054724825987092
2023-09-15 00:00:00-04:00,64.19002532958984,52.36520767211914,-1.1913618188181585,1.8041162745433965,-1.583,False,False,1.0,False,False,0.0,1.0,-0.0017845069050436426,-0.0017845069050436426,2.1036879756936653
2023-09-18 00:00:00-04:00,64.4997329711914,51.687599182128906,-1.1927312490782402,2.8503182368353706,-0.808,False,False,1.0,False,False,0.0,1.0,0.00829337321195367,0.00829337321195367,2.111981348905619
2023-09-19 00:00:00-04:00,65.01924896240234,52.35524368286133,-1.1940440964662054,2.5047793238321816,-1.012,False,False,1.0,False,False,0.0,1.0,-0.0027093925966693647,-0.0027093925966693647,2.10927195630895
2023-09-20 00:00:00-04:00,64.90935516357422,51.58795166015625,-1.1962469644614315,3.1974245873292375,-0.507,False,False,1.0,False,False,0.0,1.0,0.005470211895654733,0.005470211895654733,2.1147421682046046
2023-09-21 00:00:00-04:00,64.13008117675781,51.348793029785156,-1.1979714270524702,2.615694313444152,-0.878,False,False,1.0,False,False,0.0,1.0,-0.0046299712431394574,-0.0046299712431394574,2.110112196961465
2023-09-22 00:00:00-04:00,64.43978881835938,51.23918151855469,-1.1999851807923974,2.9535303201620664,-0.633,False,False,1.0,False,False,0.0,1.0,0.0026828127612760857,0.0026828127612760857,2.112795009722741
2023-09-25 00:00:00-04:00,64.6296157836914,51.0897102355957,-1.202414610350222,3.198601757851847,-0.427,False,False,1.0,False,False,0.0,1.0,0.0019440759423466863,0.0019440759423466863,2.1147390856650876
2023-09-26 00:00:00-04:00,63.86033248901367,50.61139678955078,-1.2045787651233826,2.8949186430870597,-0.599,False,False,1.0,False,False,0.0,1.0,-0.0024328563912602275,-0.0024328563912602275,2.1123062292738277
2023-09-27 00:00:00-04:00,63.74044418334961,50.571537017822266,-1.2064406063891295,2.7288883975378013,-0.671,False,False,1.0,False,False,0.0,1.0,-0.0013308824354743886,-0.0013308824354743886,2.1109753468383534
2023-09-28 00:00:00-04:00,63.830360412597656,50.73097610473633,-1.2079692949533687,2.5488989750631177,-0.757,False,False,1.0,False,False,0.0,1.0,-0.0014386284190656875,-0.0014386284190656875,2.1095367184192875
2023-09-29 00:00:00-04:00,63.25090408325195,50.98009490966797,-1.2082149974975362,1.655988839543305,-1.364,False,False,1.0,False,False,0.0,1.0,-0.007152102812360557,-0.007152102812360557,2.102384615606927
2023-10-02 00:00:00-04:00,62.241844177246094,49.874000549316406,-1.2084583324995184,1.9711926383391258,-1.066,False,False,1.0,False,False,0.0,1.0,0.002572829791388062,0.002572829791388062,2.1049574453983153
2023-10-03 00:00:00-04:00,61.762290954589844,50.16297912597656,-1.2076624182581632,1.182346276279226,-1.634,True,False,1.0,False,False,0.0,1.0,-0.0064478661680411695,-0.0064478661680411695,2.098509579230274
2023-10-04 00:00:00-04:00,62.50160217285156,50.2725944519043,-1.2073476443441902,1.8051036862741086,-1.129,False,False,1.0,False,False,0.0,1.0,0.005054927037523443,0.005054927037523443,2.1035645062677975
2023-10-05 00:00:00-04:00,62.76136016845703,49.6547737121582,-1.2084439114116887,2.7563512034742743,-0.214,False,False,1.0,False,False,0.0,1.0,0.007748437327866364,0.007748437327866364,2.1113129435956637
2023-10-06 00:00:00-04:00,63.210941314697266,49.874000549316406,-1.2101358393093715,2.856625800234198,-0.082,False,False,1.0,False,False,0.0,1.0,0.0008115112559395414,0.0008115112559395414,2.112124454851603
2023-10-09 00:00:00-04:00,63.610565185546875,50.41210174560547,-1.2115960343397878,2.531462627837392,-0.353,False,False,1.0,False,True,0.0,1.0,-0.002607779604211769,-0.002607779604211769,2.1095166752473915
2023-10-10 00:00:00-04:00,63.4607048034668,50.34234619140625,-1.2128127523961274,2.4048653569886795,-0.436,False,False,1.0,False,False,0.0,1.0,-0.0010167104428676645,-0.0010167104428676645,2.1084999648045235
2023-10-11 00:00:00-04:00,64.22998809814453,49.70459747314453,-1.215792545070554,3.7995090345627105,1.351,False,True,0.0,False,False,0.0,0.0,0.011187537712053584,0.011187537712053584,2.1196875025165776
2023-10-12 00:00:00-04:00,63.54063034057617,49.266143798828125,-1.218940953899533,3.488110023481049,1.109,False,False,0.0,False,False,0.0,0.0,-0.0025195490965690772,-0.0,2.1196875025165776
2023-10-13 00:00:00-04:00,63.75043487548828,49.375755310058594,-1.2220481636300966,3.4108837709821884,1.09,False,False,0.0,False,False,0.0,0.0,-0.0006223407303093001,-0.0,2.1196875025165776
2023-10-16 00:00:00-04:00,64.60963439941406,49.63484573364258,-1.2256300182237345,3.7756775183574547,1.552,False,False,0.0,True,False,-1.0,-1.0,0.0029080301644079137,0.0,2.1196875025165776
2023-10-17 00:00:00-04:00,65.43885803222656,51.378692626953125,-1.227511971342654,2.370897760707045,-0.478,False,False,0.0,False,True,0.0,0.0,-0.01093155815538123,0.01093155815538123,2.1306190606719584
2023-10-18 00:00:00-04:00,64.88936614990234,51.04985046386719,-1.2285621155666044,2.171453864654872,-0.757,False,False,0.0,False,False,0.0,0.0,-0.0015629507853937269,-0.0,2.1306190606719584
2023-10-19 00:00:00-04:00,64.02018737792969,50.780799865722656,-1.2286187223685872,1.6299459260505955,-1.435,False,False,0.0,False,False,0.0,0.0,-0.004283728357043462,-0.0,2.1306190606719584
2023-10-20 00:00:00-04:00,62.891239166259766,50.08325958251953,-1.228027631865752,1.3876125050205772,-1.66,True,False,1.0,False,False,0.0,1.0,-0.001948098254843309,-0.0,2.1306190606719584
2023-10-23 00:00:00-04:00,62.26182556152344,48.5984992980957,-1.2287569938242306,2.546079659626379,-0.134,False,False,1.0,False,False,0.0,1.0,0.009497378417254447,0.009497378417254447,2.140116439089213
2023-10-24 00:00:00-04:00,63.23092269897461,48.23976516723633,-1.231606797155825,3.818500025805541,1.483,False,True,0.0,False,False,0.0,0.0,0.010374964596066624,0.010374964596066624,2.1504914036852796
2023-10-25 00:00:00-04:00,63.74044418334961,48.45899200439453,-1.2352500108973847,3.8814737818449885,1.548,False,False,0.0,True,False,-1.0,-1.0,0.0005094988212603087,0.0,2.1504914036852796
2023-10-26 00:00:00-04:00,63.9202766418457,48.53871154785156,-1.2390284421754887,3.7794324875057796,1.433,False,False,0.0,False,False,-1.0,-1.0,-0.0008225082417790488,0.0008225082417790488,2.151313911927059
2023-10-27 00:00:00-04:00,62.76136016845703,47.65184020996094,-1.2425505393114702,3.551540416386068,1.172,False,False,0.0,False,False,-1.0,-1.0,-0.0018684091706598059,0.0018684091706598059,2.1531823210977183
2023-10-30 00:00:00-04:00,62.87125778198242,48.05043411254883,-1.2453086830775235,3.0336349559809292,0.468,False,False,0.0,False,False,-1.0,-1.0,-0.004220602924898997,0.004220602924898997,2.157402924022618
2023-10-31 00:00:00-04:00,63.950252532958984,47.9707145690918,-1.249141795592193,4.028028000283079,1.657,False,False,0.0,True,False,-1.0,-1.0,0.008027554367668473,-0.008027554367668473,2.1493753696549494
2023-11-01 00:00:00-04:00,65.08918762207031,47.57212448120117,-1.2551454348369646,5.379252753994855,2.858,False,False,0.0,False,False,-1.0,-1.0,0.010827197553560278,-0.010827197553560278,2.138548172101389
2023-11-02 00:00:00-04:00,65.07919311523438,49.38572311401367,-1.2586142762758383,2.921616959731118,0.058,False,False,0.0,False,False,-1.0,-1.0,-0.019315452666314698,0.019315452666314698,2.157863624767703
2023-11-03 00:00:00-04:00,65.72858428955078,50.053367614746094,-1.260819576704738,2.6203185208799624,-0.281,False,False,0.0,False,True,0.0,0.0,-0.002338604511946684,0.002338604511946684,2.1602022292796503
2023-11-06 00:00:00-05:00,65.33895111083984,49.794281005859375,-1.2624043231725244,2.4784354997754505,-0.442,False,False,0.0,False,False,0.0,0.0,-0.0011067364376194373,-0.0,2.1602022292796503
2023-11-07 00:00:00-05:00,65.35893249511719,49.10670471191406,-1.2648091517126059,3.2483229650397334,0.439,False,True,0.0,False,False,0.0,0.0,0.006039775879261517,0.0,2.1602022292796503
2023-11-08 00:00:00-05:00,64.87937927246094,48.44902801513672,-1.2677677623137449,3.457263439435124,0.647,False,False,0.0,False,False,0.0,0.0,0.0016542992956725016,0.0,2.1602022292796503
2023-11-09 00:00:00-05:00,65.18909454345703,44.353477478027344,-1.277641581086496,8.521247451745879,4.191,False,False,0.0,True,False,-1.0,-1.0,0.04155679556993967,0.0,2.1602022292796503
2023-11-10 00:00:00-05:00,65.8284912109375,43.396854400634766,-1.291572457092848,9.778309342609084,3.75,False,False,0.0,False,False,-1.0,-1.0,0.010314043130791664,-0.010314043130791664,2.1498881861488583
2023-11-13 00:00:00-05:00,65.90841674804688,45.1307373046875,-1.3034015222834596,7.084945043342266,1.997,False,False,0.0,False,False,-1.0,-1.0,-0.021593229547607357,0.021593229547607357,2.1714814156964657
2023-11-14 00:00:00-05:00,66.37798309326172,46.11725616455078,-1.312865590130811,5.832224363574973,1.245,False,False,0.0,False,False,-1.0,-1.0,-0.009869868802912922,0.009869868802912922,2.1813512844993785
2023-11-15 00:00:00-05:00,66.4678955078125,46.565673828125,-1.3203815809927775,4.9834374786388125,0.758,False,False,0.0,False,False,-1.0,-1.0,-0.006633616822771519,0.006633616822771519,2.18798490132215
2023-11-16 00:00:00-05:00,66.99739837646484,46.804832458496094,-1.3270957325921402,4.882904956104589,0.661,False,False,0.0,False,False,-1.0,-1.0,-0.0007786464990569941,0.0007786464990569941,2.188763547821207
2023-11-17 00:00:00-05:00,66.93745422363281,47.15359878540039,-1.3324843308534375,4.106022698737107,0.221,False,False,0.0,False,False,-1.0,-1.0,-0.005986660460913233,0.005986660460913233,2.1947502082821204
2023-11-20 00:00:00-05:00,67.42699432373047,46.69521713256836,-1.3385222143917044,4.924408885943613,0.612,False,False,0.0,False,False,-1.0,-1.0,0.0062986903267803615,-0.0062986903267803615,2.1884515179553397
2023-11-21 00:00:00-05:00,68.08999633789062,46.10729217529297,-1.3462723095228166,6.017025615215665,1.139,False,False,0.0,False,False,-1.0,-1.0,0.008394221136367083,-0.008394221136367083,2.1800572968189726
2023-11-22 00:00:00-05:00,68.5,46.19697570800781,-1.3545103032916286,5.925720422590338,1.027,False,False,0.0,False,False,-1.0,-1.0,-0.000696591222318369,0.000696591222318369,2.1807538880412913
2023-11-24 00:00:00-05:00,69.30000305175781,46.505882263183594,-1.3629208683786822,5.916165612902873,0.965,False,False,0.0,False,False,-1.0,-1.0,-7.201185654662394e-05,7.201185654662394e-05,2.180825899897838
2023-11-27 00:00:00-05:00,69.18000030517578,45.569190979003906,-1.3723749377646826,6.64198467137836,1.27,False,False,0.0,False,False,-1.0,-1.0,0.005510400785354748,-0.005510400785354748,2.1753154991124832
2023-11-28 00:00:00-05:00,68.63999938964844,45.34000015258789,-1.381350170127335,6.009582465297761,0.883,False,False,0.0,False,False,-1.0,-1.0,-0.004817553138308721,0.004817553138308721,2.180133052250792
2023-11-29 00:00:00-05:00,68.51000213623047,45.34000015258789,-1.389494253863019,5.510332454061185,0.591,False,False,0.0,False,False,-1.0,-1.0,-0.0037962988146300366,0.0037962988146300366,2.183929351065422
2023-11-30 00:00:00-05:00,70.29000091552734,45.20000076293945,-1.3994431109143943,7.0351712345063575,1.305,False,False,0.0,False,False,-1.0,-1.0,0.011418179001266291,-0.011418179001266291,2.172511172064156
2023-12-01 00:00:00-05:00,70.01000213623047,46.20000076293945,-1.4072666366207576,4.994282450692225,0.236,False,False,0.0,False,False,-1.0,-1.0,-0.015114814838820602,0.015114814838820602,2.187625986902977
2023-12-04 00:00:00-05:00,70.72000122070312,45.220001220703125,-1.4166087927297843,6.6609498842034895,1.035,False,False,0.0,False,False,-1.0,-1.0,0.01236592335299211,-0.01236592335299211,2.1752600635499846
2023-12-05 00:00:00-05:00,70.33999633789062,43.88999938964844,-1.4278695345256551,7.670803339062026,1.449,False,False,0.0,False,False,-1.0,-1.0,0.007592358542251116,-0.007592358542251116,2.1676677050077338
2023-12-06 00:00:00-05:00,69.4800033569336,44.150001525878906,-1.437579355498937,6.010872618083518,0.574,False,False,0.0,False,False,-1.0,-1.0,-0.012485457180808754,0.012485457180808754,2.1801531621885424
2023-12-07 00:00:00-05:00,68.81999969482422,44.5,-1.444724349023567,4.529766163275482,-0.239,False,False,0.0,False,True,0.0,0.0,-0.011126916533075277,0.011126916533075277,2.1912800787216176
2023-12-08 00:00:00-05:00,68.83999633789062,45.150001525878906,-1.4494058717106624,3.3993190185363744,-0.919,False,False,0.0,False,False,0.0,0.0,-0.008418539421574585,-0.0,2.1912800787216176
2023-12-11 00:00:00-05:00,69.72000122070312,45.79999923706055,-1.4528991138717606,3.1772229138505423,-1.068,False,False,0.0,False,False,0.0,0.0,-0.001629910276715871,-0.0,2.1912800787216176
2023-12-12 00:00:00-05:00,69.94000244140625,44.810001373291016,-1.4579362836152798,4.609875570434767,-0.267,False,False,0.0,False,False,0.0,0.0,0.010591049656467885,0.0,2.1912800787216176
2023-12-13 00:00:00-05:00,70.33000183105469,45.540000915527344,-1.4623327283476357,3.735368043297754,-0.765,False,False,0.0,False,False,0.0,0.0,-0.0063867800208837425,-0.0,2.1912800787216176
2023-12-14 00:00:00-05:00,68.69000244140625,46.540000915527344,-1.4622114420422507,0.6386805900653485,-2.29,True,False,1.0,False,False,0.0,1.0,-0.022646317557980942,-0.0,2.1912800787216176
2023-12-15 00:00:00-05:00,68.0,46.54999923706055,-1.4596487402846852,0.05335225337151428,-2.338,False,False,1.0,False,False,0.0,1.0,-0.004305573887961872,-0.004305573887961872,2.186974504833656
2023-12-18 00:00:00-05:00,68.5,47.18000030517578,-1.4558728929826859,-0.18808353522027232,-2.241,False,False,1.0,False,False,0.0,1.0,-0.0017598889230769292,-0.0017598889230769292,2.1852146159105788
2023-12-19 00:00:00-05:00,68.9000015258789,47.86000061035156,-1.4511594119288962,-0.5524888147554776,-2.169,False,False,1.0,False,False,0.0,1.0,-0.002633890251046542,-0.002633890251046542,2.182580725659532
2023-12-20 00:00:00-05:00,68.11000061035156,46.59000015258789,-1.4478027559698476,0.6568699887991869,-1.548,False,False,1.0,False,False,0.0,1.0,0.008921000810211807,0.008921000810211807,2.191501726469744
2023-12-21 00:00:00-05:00,68.5199966430664,47.290000915527344,-1.4443204596481152,0.21808078399216413,-1.631,False,False,1.0,False,False,0.0,1.0,-0.003207009730989966,-0.003207009730989966,2.188294716738754
2023-12-22 00:00:00-05:00,68.80000305175781,47.459999084472656,-1.4410592490089658,0.40733241312143775,-1.49,False,False,1.0,False,False,0.0,1.0,0.001379458713344723,0.001379458713344723,2.1896741754520987
2023-12-26 00:00:00-05:00,68.98999786376953,48.0,-1.437315750042857,-0.0011581382876073576,-1.565,True,False,1.0,False,False,0.0,1.0,-0.0029604807610629394,-0.0029604807610629394,2.1867136946910355
2023-12-27 00:00:00-05:00,69.18000030517578,47.97999954223633,-1.4339343541516707,0.3798306493816739,-1.358,False,False,1.0,False,False,0.0,1.0,0.0027611850875169284,0.0027611850875169284,2.189474879778553
2023-12-28 00:00:00-05:00,69.47000122070312,48.09000015258789,-1.4310588226385468,0.6503822216531603,-1.206,False,False,1.0,False,False,0.0,1.0,0.001956412721660228,0.001956412721660228,2.191431292500213
2023-12-29 00:00:00-05:00,69.58999633789062,47.91999816894531,-1.4290018515417966,1.112230228588274,-0.991,False,False,1.0,False,False,0.0,1.0,0.0033450821448037693,0.0033450821448037693,2.1947763746450164
2024-01-02 00:00:00-05:00,70.45999908447266,48.560001373291016,-1.427287021924831,1.150939339722413,-0.941,False,False,1.0,False,False,0.0,1.0,0.000276950502910919,0.000276950502910919,2.195053325147928
2024-01-03 00:00:00-05:00,70.2699966430664,48.08000183105469,-1.4264319285330422,1.6871469073228695,-0.693,False,False,1.0,False,False,0.0,1.0,0.0038616966204467096,0.0038616966204467096,2.198915021768374
2024-01-04 00:00:00-05:00,70.69999694824219,47.599998474121094,-1.4273435864233197,2.758444412445641,-0.25,False,False,1.0,False,False,0.0,1.0,0.007727102799338707,0.007727102799338707,2.206642124567713
2024-01-05 00:00:00-05:00,71.19000244140625,47.33000183105469,-1.4299017575116026,3.5127496401537854,0.06,False,False,1.0,False,False,0.0,1.0,0.005431843715712968,0.005431843715712968,2.212073968283426
2024-01-08 00:00:00-05:00,71.26000213623047,47.0099983215332,-1.4335214330513169,3.870161974606191,0.212,False,True,0.0,False,False,0.0,0.0,0.0025778055606049213,0.0025778055606049213,2.214651773844031
2024-01-09 00:00:00-05:00,70.98999786376953,46.5099983215332,-1.4378454976982897,4.115806179198003,0.308,False,False,0.0,False,False,0.0,0.0,0.001781783981732827,0.0,2.214651773844031
2024-01-10 00:00:00-05:00,70.97000122070312,46.04999923706055,-1.442969991659267,4.521234205692608,0.473,False,False,0.0,False,False,0.0,0.0,0.002950310439394829,0.0,2.214651773844031
2024-01-11 00:00:00-05:00,71.0,46.029998779296875,-1.4481382467569452,4.342198269524687,0.428,False,False,0.0,False,False,0.0,0.0,-0.0013005869185566473,-0.0,2.214651773844031
2024-01-12 00:00:00-05:00,71.08000183105469,46.11000061035156,-1.4529752747661826,4.0833110247602775,0.352,False,False,0.0,False,False,0.0,0.0,-0.0018749525341279901,-0.0,2.214651773844031
