Date,y,x,hr,spread,zScore,long entry,long exit,num units long,short entry,short exit,num units short,numUnits,spread pct ch,port rets,cum rets
2022-03-24 00:00:00-04:00,207.3866729736328,317.739990234375,-0.6485596176008867,1.3133464107171164,,False,False,,False,False,,,,,
2022-03-25 00:00:00-04:00,207.46665954589844,321.1400146484375,-0.6463662506280821,-0.10740764905946776,,False,False,,False,False,,,-0.003423167820018965,,
2022-03-28 00:00:00-04:00,208.4166717529297,331.7799987792969,-0.6394677108859638,-3.745924584215146,,False,False,,False,False,,,-0.008651203735454752,,
2022-03-29 00:00:00-04:00,205.50332641601562,343.9700012207031,-0.6275982637228162,-10.37164912283265,,False,False,,False,False,,,-0.015723933833041128,,
2022-03-30 00:00:00-04:00,205.25,376.9200134277344,-0.607542859125561,-23.745062619530614,,False,False,,False,False,,,-0.030796927007124667,,
2022-03-31 00:00:00-04:00,207.50332641601562,365.2300109863281,-0.5992469567105168,-11.359646166890116,,False,False,,False,False,,,0.029048769759056008,,
2022-04-01 00:00:00-04:00,203.70333862304688,367.44000244140625,-0.5911681842991284,-13.515500459106562,,False,False,,False,False,,,-0.005121740802468085,,
2022-04-04 00:00:00-04:00,209.36666870117188,384.17999267578125,-0.5833994660734106,-14.763733901965708,,False,False,,False,False,,,-0.002879450694103771,,
2022-04-05 00:00:00-04:00,207.04666137695312,378.989990234375,-0.5776785155786026,-11.887713600789738,,False,False,,False,False,,,0.0067515219123069885,,
2022-04-06 00:00:00-04:00,202.26666259765625,371.8299865722656,-0.5729024845333435,-10.755660533594465,,False,False,,False,False,,,0.0027259405043172902,,
2022-04-07 00:00:00-04:00,205.49000549316406,379.2300109863281,-0.5686623851275798,-10.163837066279598,,False,False,,False,False,,,0.0014052762970455147,,
2022-04-08 00:00:00-04:00,202.7433319091797,369.4599914550781,-0.5660314950449813,-6.382659413444202,,False,False,,False,False,,,0.009180527510924422,,
2022-04-11 00:00:00-04:00,203.63333129882812,368.739990234375,-0.5642198334492821,-4.417084577300841,,False,False,,False,False,,,0.0047744776169364594,,
2022-04-12 00:00:00-04:00,203.9633331298828,376.1600036621094,-0.5615233820917898,-7.259304334124863,,False,False,,False,False,,,-0.006845654617757081,,
2022-04-13 00:00:00-04:00,209.6699981689453,395.0299987792969,-0.5577782490332339,-10.66914286577142,,False,False,,False,False,,,-0.007929688513042465,,
2022-04-14 00:00:00-04:00,208.92666625976562,390.7799987792969,-0.5549922129121012,-7.953190024544568,,False,False,,False,False,,,0.006378373034306254,,
2022-04-18 00:00:00-04:00,205.92999267578125,387.55999755859375,-0.5522443768584744,-8.097836671236223,,False,False,,False,False,,,-0.00034443136692856297,,
2022-04-19 00:00:00-04:00,209.52000427246094,404.6600036621094,-0.5482650722250182,-12.340941861921578,,False,False,,False,False,,,-0.009836097738399444,,
2022-04-20 00:00:00-04:00,208.72332763671875,385.3999938964844,-0.5473538866680843,-2.2268569443779143,,False,False,,False,False,,,0.024099888658911446,,
2022-04-21 00:00:00-04:00,197.3333282470703,377.25,-0.5447575107404137,-8.17644267975075,,False,False,,False,False,,,-0.014768990079695113,,
2022-04-22 00:00:00-04:00,190.52667236328125,363.6600036621094,-0.5425651811201226,-6.782583389795576,,False,False,,False,False,,,0.0035939406045357135,,
2022-04-25 00:00:00-04:00,199.91000366210938,368.0899963378906,-0.5424189281601155,0.2510223820499107,,False,False,,False,False,,,0.01760298230570495,,
2022-04-26 00:00:00-04:00,193.59666442871094,352.5299987792969,-0.54286842596644,2.2192588854430255,,False,False,,False,False,,,0.005112646946679752,,
2022-04-27 00:00:00-04:00,192.94000244140625,354.0199890136719,-0.5429019090309861,0.7418745707550443,,False,False,,False,False,,,-0.0038359855813054223,,
2022-04-28 00:00:00-04:00,196.24667358398438,362.42999267578125,-0.5425989017339006,-0.4074423973201533,,False,False,,False,False,,,-0.002925209107741469,,
2022-04-29 00:00:00-04:00,187.0933380126953,354.6300048828125,-0.5410380854735451,-4.775000880575533,,False,False,,False,False,,,-0.011525066383794596,,
2022-05-02 00:00:00-04:00,190.64999389648438,360.8399963378906,-0.5396574757967318,-4.080007693723644,,False,False,,False,False,,,0.0018033971534360239,,
2022-05-03 00:00:00-04:00,185.97999572753906,355.70001220703125,-0.5379146640976554,-5.356256858338099,,False,False,,False,False,,,-0.003382438923102893,,
2022-05-04 00:00:00-04:00,184.42333984375,364.6700134277344,-0.5346727447722243,-10.555777171780619,,False,False,,False,False,,,-0.01370449826942214,,
2022-05-05 00:00:00-04:00,176.54666137695312,343.6000061035156,-0.5325905186181867,-6.451444070930393,,False,False,,False,False,,,0.011415360421167746,,
2022-05-06 00:00:00-04:00,168.2899932861328,317.04998779296875,-0.532241587350228,-0.45719548616727934,,False,False,,False,False,,,0.017785125510941035,,
2022-05-09 00:00:00-04:00,153.1699981689453,292.67999267578125,-0.5313647932241573,-2.349845620069061,,False,False,,False,False,,,-0.00613123555312695,,
2022-05-10 00:00:00-04:00,161.34666442871094,302.1099853515625,-0.5313976918786987,0.8061155193831553,,False,False,,False,False,,,0.009804555784382454,,
2022-05-11 00:00:00-04:00,155.55667114257812,291.29998779296875,-0.5314291235631284,0.751373935810733,1.215,False,False,,False,False,,,-0.00017637980537230265,,
2022-05-12 00:00:00-04:00,159.50332641601562,294.0,-0.5321579900184075,3.048877350603817,1.583,False,False,,True,False,-1.0,,0.007271552065121231,,
2022-05-13 00:00:00-04:00,163.6699981689453,309.2900085449219,-0.5317291458253594,-0.7885138869640969,0.934,False,False,,False,False,-1.0,,-0.0116947815200157,,
2022-05-16 00:00:00-04:00,156.05999755859375,304.1499938964844,-0.5299372109862672,-5.120401928399389,0.199,False,False,,False,False,-1.0,,-0.013654906757706546,,
2022-05-17 00:00:00-04:00,157.7566680908203,305.4800109863281,-0.5285485160309915,-3.7043383931344067,0.41,False,False,,False,False,-1.0,,0.0044360436406013495,,
2022-05-18 00:00:00-04:00,146.1999969482422,272.5199890136719,-0.5289629163144262,2.047028805594948,1.46,False,False,,False,False,-1.0,,0.019808191719099543,,
2022-05-19 00:00:00-04:00,145.4566650390625,271.2200012207031,-0.5293641440307315,1.8825212488510488,1.342,False,False,,False,False,-1.0,,-0.0005691696238551215,,
2022-05-20 00:00:00-04:00,159.55999755859375,274.0400085449219,-0.5334859659891762,13.363498880324016,3.045,False,False,,True,False,-1.0,,0.03754941521366363,,
2022-05-23 00:00:00-04:00,166.7566680908203,272.8399963378906,-0.5397414210980097,19.49362073503147,3.354,False,False,,False,False,-1.0,,0.019521455351900415,,
2022-05-24 00:00:00-04:00,159.04666137695312,257.510009765625,-0.5457858417422287,18.501343939971974,2.758,False,False,,False,False,-1.0,,-0.0033120939986038917,,
2022-05-25 00:00:00-04:00,168.50332641601562,260.6600036621094,-0.5538227237140719,24.143893224546247,2.94,False,False,,False,False,-1.0,,0.018035221870616264,,
2022-05-26 00:00:00-04:00,167.3633270263672,287.4800109863281,-0.5563092408565776,7.435540353122406,0.946,False,False,,False,False,-1.0,,-0.05105043238894283,,
2022-05-27 00:00:00-04:00,168.93333435058594,293.6499938964844,-0.5578908851593543,5.108679328637294,0.636,False,False,,False,False,-1.0,,-0.006992652614811021,,
2022-05-31 00:00:00-04:00,167.5933380126953,292.69000244140625,-0.5590621876208319,3.9614249530561096,0.474,False,False,,False,False,-1.0,,-0.003463668219337062,,
2022-06-01 00:00:00-04:00,167.2433319091797,289.9599914550781,-0.5604892147330098,4.723883994532713,0.525,False,False,,False,False,-1.0,,0.0023121440263329336,,
2022-06-02 00:00:00-04:00,172.44667053222656,302.5799865722656,-0.561205873525091,2.637004856727941,0.241,False,False,,False,False,-1.0,,-0.006097415641527188,,
2022-06-03 00:00:00-04:00,170.86000061035156,300.79998779296875,-0.5616569984003799,1.9135823476818246,0.121,False,False,,False,False,-1.0,,-0.0021289253788829834,,
2022-06-06 00:00:00-04:00,171.33999633789062,301.6199951171875,-0.5620662521573929,1.8095761066418845,0.074,False,False,,False,False,-1.0,,-0.0003051195879265876,,
2022-06-07 00:00:00-04:00,175.6666717529297,306.19000244140625,-0.5629820827391343,3.28718646456619,0.21,False,True,0.0,False,False,-1.0,-1.0,0.004245443680474247,,
2022-06-08 00:00:00-04:00,174.9600067138672,307.7699890136719,-0.5633232038495335,1.5860304539498316,-0.026,False,False,0.0,False,False,-1.0,-1.0,-0.004883692357815076,0.004883692357815076,1.004883692357815
2022-06-09 00:00:00-04:00,172.0500030517578,302.29998779296875,-0.5636735945927478,1.6514822871513388,-0.057,False,False,0.0,False,False,-1.0,-1.0,0.00019112896873401438,-0.00019112896873401438,1.004692563389081
2022-06-10 00:00:00-04:00,165.07333374023438,291.6000061035156,-0.5636983356938617,0.6988956113627012,-0.219,False,False,0.0,False,True,0.0,0.0,-0.002891464921387032,0.002891464921387032,1.007584028310468
2022-06-13 00:00:00-04:00,159.2433319091797,278.5799865722656,-0.5641868023870298,2.072180075951451,-0.038,False,False,0.0,False,False,0.0,0.0,0.0043401441310339526,0.0,1.007584028310468
2022-06-14 00:00:00-04:00,160.5433349609375,280.5,-0.5647123158261429,2.1415303717044196,-0.028,False,False,0.0,False,False,0.0,0.0,0.00021743644016892095,0.0,1.007584028310468
2022-06-15 00:00:00-04:00,162.33999633789062,285.7200012207031,-0.564830666207301,0.9565776996500119,-0.192,False,False,0.0,False,True,0.0,0.0,-0.003660386049435987,-0.0,1.007584028310468
2022-06-16 00:00:00-04:00,155.43666076660156,271.3399963378906,-0.5653183228747488,2.0431891080247624,-0.053,False,False,0.0,False,False,0.0,0.0,0.0035184759979274647,0.0,1.007584028310468
2022-06-17 00:00:00-04:00,158.45333862304688,278.1300048828125,-0.5655111457541883,1.1677208931496068,-0.2,False,False,0.0,False,True,0.0,0.0,-0.0027727595764157984,-0.0,1.007584028310468
2022-06-21 00:00:00-04:00,166.45333862304688,276.45001220703125,-0.5685517430375638,9.277202319983445,0.882,False,True,0.0,False,False,0.0,0.0,0.025057919797587532,0.0,1.007584028310468
2022-06-22 00:00:00-04:00,164.77333068847656,277.8800048828125,-0.5705895524884836,6.217903056894926,0.413,False,False,0.0,False,False,0.0,0.0,-0.00946188417938427,-0.0,1.007584028310468
2022-06-23 00:00:00-04:00,167.69000244140625,286.3299865722656,-0.5718123625037859,3.9629763638417614,0.031,False,False,0.0,False,False,0.0,0.0,-0.006803895089911138,-0.0,1.007584028310468
2022-06-24 00:00:00-04:00,170.23666381835938,293.3599853515625,-0.5724300087204769,2.308604845325476,-0.271,False,False,0.0,False,True,0.0,0.0,-0.0048922060966626385,-0.0,1.007584028310468
2022-06-27 00:00:00-04:00,167.2933349609375,287.4800109863281,-0.5731130555232701,2.5347874626997395,-0.251,False,False,0.0,False,False,0.0,0.0,0.0006811664963292952,0.0,1.007584028310468
2022-06-28 00:00:00-04:00,163.97000122070312,278.55999755859375,-0.5743137959323951,3.9891516279084556,-0.049,False,False,0.0,False,False,0.0,0.0,0.004489459316302305,0.0,1.007584028310468
2022-06-29 00:00:00-04:00,163.93333435058594,282.9800109863281,-0.5745864431014475,1.3368563691431348,-0.483,False,False,0.0,False,True,0.0,0.0,-0.00812267412835297,-0.0,1.007584028310468
2022-06-30 00:00:00-04:00,164.64666748046875,272.6099853515625,-0.5769832380240337,7.355275414639806,0.465,False,True,0.0,False,False,0.0,0.0,0.018694338451248464,0.0,1.007584028310468
2022-07-01 00:00:00-04:00,169.4166717529297,263.3800048828125,-0.5825319904861844,15.989393254283954,1.726,False,False,0.0,True,False,-1.0,-1.0,0.026743935678261995,0.0,1.007584028310468
2022-07-05 00:00:00-04:00,173.7133331298828,283.6199951171875,-0.5852186172766458,7.733631755393304,0.408,False,False,0.0,False,False,-1.0,-1.0,-0.024303593716415713,0.024303593716415713,1.0318876220268838
2022-07-06 00:00:00-04:00,171.65333557128906,280.3800048828125,-0.5875435509147341,6.917871896950913,0.234,False,False,0.0,False,False,-1.0,-1.0,-0.0024250505970227995,0.0024250505970227995,1.0343126726239067
2022-07-07 00:00:00-04:00,172.4166717529297,290.7200012207031,-0.5879062997987818,1.5005515577687731,-0.697,False,False,0.0,False,True,0.0,0.0,-0.015778627810189474,0.015778627810189474,1.0500913004340962
2022-07-08 00:00:00-04:00,174.74000549316406,293.3900146484375,-0.5884373312191615,2.0983682670867836,-0.596,False,False,0.0,False,False,0.0,0.0,0.0017209219941457133,0.0,1.0500913004340962
2022-07-11 00:00:00-04:00,171.97000122070312,281.760009765625,-0.5902504992745506,5.66101478094069,-0.015,False,False,0.0,False,False,0.0,0.0,0.010531681374870894,0.0,1.0500913004340962
2022-07-12 00:00:00-04:00,164.19332885742188,279.3900146484375,-0.5898430429390247,-0.6029275495911861,-1.017,False,False,0.0,False,True,0.0,0.0,-0.019039941113932375,-0.0,1.0500913004340962
2022-07-13 00:00:00-04:00,164.47000122070312,280.9700012207031,-0.5892106863311846,-1.0805260370211158,-1.081,False,False,0.0,False,False,0.0,0.0,-0.0014471781183792304,-0.0,1.0500913004340962
2022-07-14 00:00:00-04:00,163.3333282470703,278.989990234375,-0.5886405386433725,-0.8914898806014264,-1.036,False,False,0.0,False,False,0.0,0.0,0.0005771071747469931,0.0,1.0500913004340962
2022-07-15 00:00:00-04:00,169.65333557128906,286.4100036621094,-0.5887633361208154,1.0256263168105875,-0.724,False,False,0.0,False,False,0.0,0.0,0.005667229147880364,0.0,1.0500913004340962
2022-07-18 00:00:00-04:00,168.6133270263672,284.6400146484375,-0.5888901168689604,0.9916355344662122,-0.688,False,False,0.0,False,False,0.0,0.0,-0.0001010923326611457,-0.0,1.0500913004340962
2022-07-19 00:00:00-04:00,171.1999969482422,296.3399963378906,-0.58760214067437,-2.9300192673373147,-1.711,True,False,1.0,False,False,0.0,1.0,-0.011356252431911055,-0.0,1.0500913004340962
2022-07-20 00:00:00-04:00,168.06666564941406,302.7900085449219,-0.584171427568057,-8.81460589561712,-2.843,False,False,1.0,False,False,0.0,1.0,-0.017059347205090537,-0.017059347205090537,1.0330319532290055
2022-07-21 00:00:00-04:00,171.44667053222656,307.3599853515625,-0.5812817058954324,-7.21606607692479,-2.187,False,False,1.0,False,False,0.0,1.0,0.004565829383861209,0.004565829383861209,1.0375977826128668
2022-07-22 00:00:00-04:00,170.38999938964844,304.5,-0.5788965907310953,-5.884012487970097,-1.736,False,False,1.0,False,False,0.0,1.0,0.0038424917085717386,0.0038424917085717386,1.0414402743214386
2022-07-25 00:00:00-04:00,168.42333984375,301.32000732421875,-0.5767221067547561,-5.354569587631971,-1.517,False,False,1.0,False,False,0.0,1.0,0.0015471682276427046,0.0015471682276427046,1.0429874425490813
2022-07-26 00:00:00-04:00,155.07333374023438,283.4100036621094,-0.5737896475429243,-7.544392371186234,-1.817,False,False,1.0,False,False,0.0,1.0,-0.006892931719818602,-0.006892931719818602,1.0360945108292625
2022-07-27 00:00:00-04:00,159.36000061035156,295.57000732421875,-0.5702520068352066,-9.189389226580886,-1.948,False,False,1.0,False,False,0.0,1.0,-0.005016620149702934,-0.005016620149702934,1.0310778906795597
2022-07-28 00:00:00-04:00,164.07000732421875,303.8500061035156,-0.5670454097792761,-8.226743898184822,-1.641,False,False,1.0,False,False,0.0,1.0,0.0028618919793248123,0.0028618919793248123,1.0339397826588845
2022-07-29 00:00:00-04:00,166.36666870117188,310.510009765625,-0.5637039523289462,-8.669051041410626,-1.598,False,False,1.0,False,False,0.0,1.0,-0.0012955596041434071,-0.0012955596041434071,1.032644223054741
2022-08-01 00:00:00-04:00,169.22000122070312,310.010009765625,-0.5616907110623286,-4.909741600990202,-0.912,False,False,1.0,False,False,0.0,1.0,0.010948921633552254,0.010948921633552254,1.0435931446882933
2022-08-02 00:00:00-04:00,170.22999572753906,305.70001220703125,-0.5609832460436185,-1.2625894359351264,-0.277,False,False,1.0,False,False,0.0,1.0,0.010672845076685976,0.010672845076685976,1.0542659897649793
2022-08-03 00:00:00-04:00,176.35667419433594,315.3800048828125,-0.5605903728628822,-0.44232033641750945,-0.125,False,False,1.0,False,False,0.0,1.0,0.0023226842216035543,0.0023226842216035543,1.0565886739865828
2022-08-04 00:00:00-04:00,167.23333740234375,316.3999938964844,-0.5572352222234446,-9.07588350806023,-1.487,False,False,1.0,False,False,0.0,1.0,-0.025130985849453513,-0.025130985849453513,1.0314576881371293
2022-08-05 00:00:00-04:00,167.1233367919922,317.79998779296875,-0.5538944309116077,-8.904306590310114,-1.367,False,False,1.0,False,False,0.0,1.0,0.0005000041604513788,0.0005000041604513788,1.0319576922975806
2022-08-08 00:00:00-04:00,167.02333068847656,316.239990234375,-0.5511300550745789,-7.26603254617882,-1.049,False,False,1.0,False,False,0.0,1.0,0.0047999212256086025,0.0047999212256086025,1.0367576135231893
2022-08-09 00:00:00-04:00,166.7899932861328,306.54998779296875,-0.5502161071934937,-1.8787476575274695,-0.16,False,False,1.0,False,False,0.0,1.0,0.016059456317393122,0.016059456317393122,1.0528170698405823
2022-08-10 00:00:00-04:00,173.94667053222656,319.260009765625,-0.5494767689145887,-1.4792880774291177,-0.059,False,False,1.0,False,False,0.0,1.0,0.0011433625498353762,0.0011433625498353762,1.0539604323904177
2022-08-11 00:00:00-04:00,172.1699981689453,316.9800109863281,-0.5486557963452651,-1.7429221842894265,-0.076,False,False,1.0,False,False,0.0,1.0,-0.000761765729398207,-0.000761765729398207,1.0531986666610196
2022-08-12 00:00:00-04:00,175.6266632080078,321.69000244140625,-0.5481804480208914,-0.717506454163896,0.112,False,True,0.0,False,False,0.0,0.0,0.002913354273601823,0.002913354273601823,1.0561120209346213
2022-08-15 00:00:00-04:00,175.92333984375,330.3399963378906,-0.5464227018490335,-4.5819334840000465,-0.507,False,False,0.0,False,True,0.0,0.0,-0.010842078573463835,-0.0,1.0561120209346213
2022-08-16 00:00:00-04:00,174.85000610351562,331.70001220703125,-0.5442837059233948,-5.688905795362643,-0.651,False,False,0.0,False,False,0.0,0.0,-0.0031148194422740564,-0.0,1.0561120209346213
2022-08-17 00:00:00-04:00,171.50332641601562,329.79998779296875,-0.5416724929632943,-7.140255151065787,-0.851,False,False,0.0,False,False,0.0,0.0,-0.004144972646090612,-0.0,1.0561120209346213
2022-08-18 00:00:00-04:00,172.61666870117188,333.4200134277344,-0.5390722985963878,-7.120824335355394,-0.801,False,False,0.0,False,False,0.0,0.0,5.51456966325207e-05,0.0,1.0561120209346213
2022-08-19 00:00:00-04:00,171.1699981689453,322.4700012207031,-0.5380491097404577,-2.3346989058583176,0.161,False,True,0.0,False,False,0.0,0.0,0.013885920537660584,0.0,1.0561120209346213
2022-08-22 00:00:00-04:00,169.35000610351562,315.2200012207031,-0.5377649768148689,-0.1642705445187289,0.733,False,False,0.0,False,False,0.0,0.0,0.006405007762151531,0.0,1.0561120209346213
2022-08-23 00:00:00-04:00,189.836669921875,315.92999267578125,-0.5434559698248611,18.142629355497036,3.91,False,False,0.0,True,False,-1.0,-1.0,0.050637191720979954,0.0,1.0561120209346213
2022-08-24 00:00:00-04:00,188.27000427246094,317.8399963378906,-0.5479487714826251,14.109968751071705,2.739,False,False,0.0,False,False,-1.0,-1.0,-0.01112672836589126,0.01112672836589126,1.0672387493005127
2022-08-25 00:00:00-04:00,191.86000061035156,323.3599853515625,-0.5521573511524612,13.314407629934152,2.346,False,False,0.0,False,False,-1.0,-1.0,-0.0021478107644791766,0.0021478107644791766,1.0693865600649919
2022-08-26 00:00:00-04:00,186.89666748046875,311.30999755859375,-0.5564646611412328,13.663655179147867,2.224,False,False,0.0,False,False,-1.0,-1.0,0.0009697827444417557,-0.0009697827444417557,1.0684167773205502
2022-08-29 00:00:00-04:00,186.3300018310547,307.5,-0.5608476816007345,13.869339738828813,2.046,False,False,0.0,False,False,-1.0,-1.0,0.0005732717719904991,-0.0005732717719904991,1.0678435055485596
2022-08-30 00:00:00-04:00,186.55999755859375,307.07000732421875,-0.5649830919716966,13.070635368785105,1.789,False,False,0.0,False,False,-1.0,-1.0,-0.0022183190954757764,0.0022183190954757764,1.0700618246440354
2022-08-31 00:00:00-04:00,185.60333251953125,299.9599914550781,-0.5696651056614621,14.726592293062907,1.834,False,False,0.0,False,False,-1.0,-1.0,0.0046453001188027435,-0.0046453001188027435,1.0654165245252327
2022-09-01 00:00:00-04:00,181.71665954589844,294.45001220703125,-0.5737387887656793,12.779266190196836,1.507,False,False,0.0,False,False,-1.0,-1.0,-0.0055534110806713735,0.0055534110806713735,1.070969935605904
2022-09-02 00:00:00-04:00,179.73333740234375,314.1700134277344,-0.5734627622992231,-0.43146632950882235,0.002,False,False,0.0,False,False,-1.0,-1.0,-0.03670686510931362,0.03670686510931362,1.1076768007152176
2022-09-06 00:00:00-04:00,176.84666442871094,327.80999755859375,-0.5699483423182367,-9.988100275154778,-1.05,False,False,0.0,False,True,0.0,0.0,-0.02627748677857888,0.02627748677857888,1.1339542874937965
2022-09-07 00:00:00-04:00,180.0,336.8699951171875,-0.5661472591304113,-10.718024418870755,-1.118,False,False,0.0,False,False,0.0,0.0,-0.001968947004560108,-0.0,1.1339542874937965
2022-09-08 00:00:00-04:00,182.4166717529297,345.7900085449219,-0.5619781880091484,-11.909770680813466,-1.217,False,False,0.0,False,False,0.0,0.0,-0.0031632861147721245,-0.0,1.1339542874937965
2022-09-09 00:00:00-04:00,188.2566680908203,348.6499938964844,-0.5594881907333416,-6.808886193514297,-0.651,False,False,0.0,False,False,0.0,0.0,0.013307040890279946,0.0,1.1339542874937965
2022-09-12 00:00:00-04:00,189.36000061035156,352.739990234375,-0.5569577711239087,-7.101278136855228,-0.676,False,False,0.0,False,False,0.0,0.0,-0.0007578429676761242,-0.0,1.1339542874937965
2022-09-13 00:00:00-04:00,182.9600067138672,337.32000732421875,-0.5553203479604493,-4.360657127439254,-0.388,False,False,0.0,False,False,0.0,0.0,0.007401469283575818,0.0,1.1339542874937965
2022-09-14 00:00:00-04:00,182.05999755859375,342.9200134277344,-0.5527184971322975,-7.478236899770877,-0.74,False,False,0.0,False,False,0.0,0.0,-0.008389651789810854,-0.0,1.1339542874937965
2022-09-15 00:00:00-04:00,179.6199951171875,338.6000061035156,-0.5503485105999348,-6.728013931011162,-0.665,False,False,0.0,False,False,0.0,0.0,0.0020499687410396638,0.0,1.1339542874937965
2022-09-16 00:00:00-04:00,174.08999633789062,333.239990234375,-0.547480487736075,-8.352396048789899,-0.847,False,False,0.0,False,False,0.0,0.0,-0.004556057651843817,-0.0,1.1339542874937965
2022-09-19 00:00:00-04:00,175.35000610351562,337.0799865722656,-0.5446433293334679,-8.238360034883783,-0.818,False,False,0.0,False,False,0.0,0.0,0.0003177036024146746,0.0,1.1339542874937965
2022-09-20 00:00:00-04:00,175.02000427246094,331.57000732421875,-0.5428363366614346,-4.968243850223018,-0.443,False,False,0.0,False,False,0.0,0.0,0.009211380756920925,0.0,1.1339542874937965
2022-09-21 00:00:00-04:00,171.1199951171875,318.1199951171875,-0.5421774022815358,-1.357477449264053,-0.043,False,False,0.0,False,False,0.0,0.0,0.01050871074603935,0.0,1.1339542874937965
2022-09-22 00:00:00-04:00,166.17999267578125,306.29998779296875,-0.5420129941938701,0.16141917056842203,0.095,False,False,0.0,False,False,0.0,0.0,0.00457225519451798,0.0,1.1339542874937965
2022-09-23 00:00:00-04:00,161.57000732421875,293.20001220703125,-0.542588850632365,2.482949695410298,0.32,False,True,0.0,False,False,0.0,0.0,0.007239916966064524,0.0,1.1339542874937965
2022-09-26 00:00:00-04:00,163.1699981689453,294.6600036621094,-0.5433678769260943,3.0612175640297608,0.354,False,False,0.0,False,False,0.0,0.0,0.0017887591348022612,0.0,1.1339542874937965
2022-09-27 00:00:00-04:00,163.66000366210938,299.19000244140625,-0.5435104758695395,1.0471030597719846,0.116,False,False,0.0,False,False,0.0,0.0,-0.00617309766742175,-0.0,1.1339542874937965
2022-09-28 00:00:00-04:00,166.8000030517578,309.3399963378906,-0.542931988101049,-1.1505761591443786,-0.135,False,False,0.0,False,True,0.0,0.0,-0.006565124410125648,-0.0,1.1339542874937965
2022-09-29 00:00:00-04:00,165.5800018310547,300.2200012207031,-0.5434924961400622,2.4126839764422243,0.256,False,True,0.0,False,False,0.0,0.0,0.01083890247072927,0.0,1.1339542874937965
2022-09-30 00:00:00-04:00,163.7899932861328,279.55999755859375,-0.5468448025761977,10.914061613001309,1.158,False,False,0.0,False,False,0.0,0.0,0.02684651857522307,0.0,1.1339542874937965
2022-10-03 00:00:00-04:00,169.69000244140625,292.1000061035156,-0.5496987279528572,9.12300065128187,0.906,False,False,0.0,False,False,0.0,0.0,-0.00542323384143518,-0.0,1.1339542874937965
2022-10-04 00:00:00-04:00,173.83999633789062,307.79998779296875,-0.5509500876814284,4.257566075011908,0.34,False,False,0.0,False,False,0.0,0.0,-0.0141674922759953,-0.0,1.1339542874937965
2022-10-05 00:00:00-04:00,175.64999389648438,310.04998779296875,-0.5522283253623393,4.431608358959494,0.325,False,False,0.0,False,False,0.0,0.0,0.0005017530979087026,0.0,1.1339542874937965
2022-10-06 00:00:00-04:00,174.75,310.4800109863281,-0.5530462110437043,3.0402063192035484,0.137,False,False,0.0,False,False,0.0,0.0,-0.004016056307641529,-0.0,1.1339542874937965
2022-10-07 00:00:00-04:00,169.91000366210938,298.2200012207031,-0.554367122860572,4.586639605911927,0.291,False,False,0.0,False,False,0.0,0.0,0.004613005254321314,0.0,1.1339542874937965
2022-10-10 00:00:00-04:00,163.13999938964844,289.8500061035156,-0.5549395683699399,2.290762110539049,0.02,False,False,0.0,False,False,0.0,0.0,-0.007086277059630075,-0.0,1.1339542874937965
2022-10-11 00:00:00-04:00,157.3699951171875,295.67999267578125,-0.5527097644815381,-6.055223996546459,-0.891,False,False,0.0,False,True,0.0,0.0,-0.02601655429023242,-0.0,1.1339542874937965
2022-10-12 00:00:00-04:00,155.30999755859375,295.5,-0.5500236332204417,-7.2219860580467525,-0.977,False,False,0.0,False,False,0.0,0.0,-0.003670887203717208,-0.0,1.1339542874937965
2022-10-13 00:00:00-04:00,157.88999938964844,294.510009765625,-0.5485201290492546,-3.6546691732894203,-0.497,False,False,0.0,False,False,0.0,0.0,0.011167594637182051,0.0,1.1339542874937965
2022-10-14 00:00:00-04:00,154.8300018310547,288.7799987792969,-0.5471935248104902,-3.188543595757835,-0.392,False,False,0.0,False,False,0.0,0.0,0.0014899400416501804,0.0,1.1339542874937965
2022-10-17 00:00:00-04:00,158.5399932861328,297.6499938964844,-0.5456337626654351,-3.867892840949736,-0.436,False,False,0.0,False,False,0.0,0.0,-0.0021166964755584172,-0.0,1.1339542874937965
2022-10-18 00:00:00-04:00,163.3699951171875,297.760009765625,-0.5456824226590885,0.8875916172873985,0.294,False,True,0.0,False,False,0.0,0.0,0.014593983283288184,0.0,1.1339542874937965
2022-10-19 00:00:00-04:00,160.11000061035156,296.8699951171875,-0.5448999932312473,-1.6544577195643058,-0.012,False,False,0.0,False,False,0.0,0.0,-0.007897642283333362,-0.0,1.1339542874937965
2022-10-20 00:00:00-04:00,158.57000732421875,293.1300048828125,-0.5443259226900422,-0.9882530517547536,0.178,False,True,0.0,False,False,0.0,0.0,0.00209413854551709,0.0,1.1339542874937965
2022-10-21 00:00:00-04:00,162.02999877929688,298.6300048828125,-0.5439521349350149,-0.41042993236291636,0.281,False,False,0.0,False,False,0.0,0.0,0.0017808190529410937,0.0,1.1339542874937965
2022-10-24 00:00:00-04:00,161.33999633789062,297.67999267578125,-0.5435627691137895,-0.46776479072963184,0.228,False,False,0.0,False,False,0.0,0.0,-0.0001774261372451496,-0.0,1.1339542874937965
2022-10-25 00:00:00-04:00,166.19000244140625,320.6300048828125,-0.5408605326897402,-7.226112795825713,-1.065,False,False,0.0,False,True,0.0,0.0,-0.01990054846859784,-0.0,1.1339542874937965
2022-10-26 00:00:00-04:00,166.72999572753906,321.3299865722656,-0.5384453564483246,-6.2886434298998495,-0.965,False,False,0.0,False,False,0.0,0.0,0.0027593028188126335,0.0,1.1339542874937965
2022-10-27 00:00:00-04:00,168.13999938964844,320.6099853515625,-0.5368328503368923,-3.9739728931001537,-0.528,False,False,0.0,False,False,0.0,0.0,0.006802773015176747,0.0,1.1339542874937965
2022-10-28 00:00:00-04:00,171.0800018310547,328.4800109863281,-0.5350137725200752,-4.661328044176486,-0.691,False,False,0.0,False,False,0.0,0.0,-0.00198187103340701,-0.0,1.1339542874937965
2022-10-31 00:00:00-04:00,171.58999633789062,329.0400085449219,-0.5334457836100275,-3.9350088594053716,-0.546,False,False,0.0,False,False,0.0,0.0,0.0020924453900258416,0.0,1.1339542874937965
2022-11-01 00:00:00-04:00,170.77000427246094,330.3599853515625,-0.5315903898330664,-4.846189125822264,-0.761,False,False,0.0,False,False,0.0,0.0,-0.0026305328345761925,-0.0,1.1339542874937965
2022-11-02 00:00:00-04:00,161.77999877929688,316.05999755859375,-0.5295007838163287,-5.574017660965438,-0.927,False,False,0.0,False,False,0.0,0.0,-0.0022113440163808473,-0.0,1.1339542874937965
2022-11-03 00:00:00-04:00,149.6999969482422,318.1000061035156,-0.5236825273173144,-16.883418187699988,-2.895,True,False,1.0,False,False,0.0,1.0,-0.035757172506171,-0.0,1.1339542874937965
2022-11-04 00:00:00-04:00,142.2100067138672,325.57000732421875,-0.5149821503936864,-25.452735761647233,-3.532,False,False,1.0,False,False,0.0,1.0,-0.027654311637161835,-0.027654311637161835,1.1062999758566348
2022-11-07 00:00:00-05:00,144.4499969482422,324.25,-0.5079618008017469,-20.256616961724262,-2.432,False,False,1.0,False,False,0.0,1.0,0.01680739993072998,0.01680739993072998,1.1231073757873646
2022-11-08 00:00:00-05:00,154.1699981689453,328.5,-0.5039017523243596,-11.36172746960682,-1.158,False,False,1.0,False,False,0.0,1.0,0.027822463345469284,0.027822463345469284,1.150929839132834
2022-11-09 00:00:00-05:00,151.57000732421875,321.2099914550781,-0.5006088128000115,-9.230545157609725,-0.831,False,False,1.0,False,False,0.0,1.0,0.006822609382012049,0.006822609382012049,1.157752448514846
2022-11-10 00:00:00-05:00,163.4600067138672,353.8500061035156,-0.4963752334623222,-12.182372676409528,-1.148,False,False,1.0,False,False,0.0,1.0,-0.008704826741895141,-0.008704826741895141,1.1490476217729508
2022-11-11 00:00:00-05:00,165.32000732421875,359.70001220703125,-0.49230475460579254,-11.762018917064353,-1.031,False,False,1.0,False,False,0.0,1.0,0.0012276613984091936,0.0012276613984091936,1.15027528317136
2022-11-14 00:00:00-05:00,161.72999572753906,352.739990234375,-0.48864255696187664,-10.633775043293326,-0.836,False,False,1.0,False,False,0.0,1.0,0.0033770276099315557,0.0033770276099315557,1.1536523107812915
2022-11-15 00:00:00-05:00,162.3800048828125,359.55999755859375,-0.48462698146623256,-11.872471390014738,-0.944,False,False,1.0,False,False,0.0,1.0,-0.003679669717161692,-0.003679669717161692,1.1499726410641298
2022-11-16 00:00:00-05:00,159.08999633789062,355.760009765625,-0.4806338436650128,-11.900304578064208,-0.893,False,False,1.0,False,False,0.0,1.0,-8.432247632177076e-05,-8.432247632177076e-05,1.1498883185878082
2022-11-17 00:00:00-05:00,156.55999755859375,354.2699890136719,-0.4765557024152241,-12.269385900450374,-0.901,False,False,1.0,False,False,0.0,1.0,-0.0011342758673681458,-0.0011342758673681458,1.14875404272044
2022-11-18 00:00:00-05:00,167.47999572753906,347.8500061035156,-0.4767880166971772,1.629281209342878,1.045,False,True,0.0,False,False,0.0,0.0,0.04169632944875374,0.04169632944875374,1.1904503721691937
2022-11-21 00:00:00-05:00,170.6199951171875,349.3800048828125,-0.4777327456289163,3.7097261166773023,1.345,False,False,0.0,False,False,0.0,0.0,0.006163728496384454,0.0,1.1904503721691937
2022-11-22 00:00:00-05:00,171.6699981689453,355.6400146484375,-0.47805665432445377,1.6539226222135426,1.082,False,False,0.0,False,False,0.0,0.0,-0.006016644085337905,-0.0,1.1904503721691937
2022-11-23 00:00:00-05:00,173.10000610351562,360.5299987792969,-0.47808843642626686,0.734782702357677,0.971,False,False,0.0,False,False,0.0,0.0,-0.0026605859037499204,-0.0,1.1904503721691937
2022-11-25 00:00:00-05:00,172.77000427246094,361.1600036621094,-0.47794021675012294,0.15711384071718726,0.928,False,False,0.0,False,False,0.0,0.0,-0.001672546239254903,-0.0,1.1904503721691937
2022-11-28 00:00:00-05:00,171.38999938964844,363.2799987792969,-0.4771549734773492,-1.9508587927384156,0.645,False,False,0.0,False,False,0.0,0.0,-0.006114835928243293,-0.0,1.1904503721691937
2022-11-29 00:00:00-05:00,170.50999450683594,363.32000732421875,-0.47619848325943254,-2.5024419187629405,0.543,False,False,0.0,False,False,0.0,0.0,-0.0016056684407109714,-0.0,1.1904503721691937
2022-11-30 00:00:00-05:00,169.89999389648438,380.30999755859375,-0.47301177653811327,-9.991113683911578,-0.572,False,False,0.0,False,True,0.0,0.0,-0.021408983057402353,-0.0,1.1904503721691937
2022-12-01 00:00:00-05:00,178.39999389648438,381.82000732421875,-0.4722089563268974,-1.8988332668132841,0.633,False,True,0.0,False,False,0.0,0.0,0.02256009761389655,0.0,1.1904503721691937
2022-12-02 00:00:00-05:00,172.69000244140625,385.989990234375,-0.4695063306650143,-8.53474154695985,-0.336,False,False,0.0,False,True,0.0,0.0,-0.018750019170120497,-0.0,1.1904503721691937
2022-12-05 00:00:00-05:00,169.99000549316406,381.1300048828125,-0.4669586714896892,-7.981955251772831,-0.236,False,False,0.0,False,False,0.0,0.0,0.00158863999178796,0.0,1.1904503721691937
2022-12-06 00:00:00-05:00,166.69000244140625,370.0,-0.46516874784296214,-5.4224342604897515,0.179,False,True,0.0,False,False,0.0,0.0,0.00755461205579009,0.0,1.1904503721691937
2022-12-07 00:00:00-05:00,164.69000244140625,372.3299865722656,-0.4627659009596516,-7.61161924900324,-0.13,False,False,0.0,False,True,0.0,0.0,-0.006496259348146824,-0.0,1.1904503721691937
2022-12-08 00:00:00-05:00,160.77999877929688,374.510009765625,-0.4593214903621671,-11.240497061799744,-0.646,False,False,0.0,False,False,0.0,0.0,-0.010904063760289049,-0.0,1.1904503721691937
2022-12-09 00:00:00-05:00,158.89999389648438,326.3900146484375,-0.46145233738030655,8.286558739370406,2.195,False,True,0.0,True,False,-1.0,-1.0,0.06308952687732543,0.0,1.1904503721691937
2022-12-12 00:00:00-05:00,161.77999877929688,328.2300109863281,-0.4640278442545671,9.472134361658163,2.175,False,False,0.0,False,False,-1.0,-1.0,0.003774662319710176,-0.003774662319710176,1.1866757098494836
2022-12-13 00:00:00-05:00,160.75,326.2699890136719,-0.46637329618215145,8.586389778379498,1.879,False,False,0.0,False,False,-1.0,-1.0,-0.002830636170319783,0.002830636170319783,1.1895063460198032
2022-12-14 00:00:00-05:00,160.22999572753906,333.3299865722656,-0.4675068162074335,4.395954958672604,1.268,False,False,0.0,False,False,-1.0,-1.0,-0.013258182949753446,0.013258182949753446,1.2027645289695568
2022-12-15 00:00:00-05:00,152.58999633789062,325.2099914550781,-0.4674971903956499,0.5552390440482782,0.764,False,False,0.0,False,False,-1.0,-1.0,-0.012608023047488271,0.012608023047488271,1.215372552017045
2022-12-16 00:00:00-05:00,151.0,321.239990234375,-0.46754380216856156,0.8062335572287225,0.769,False,False,0.0,False,False,-1.0,-1.0,0.0008333323632318096,-0.0008333323632318096,1.2145392196538132
2022-12-19 00:00:00-05:00,150.52000427246094,316.9200134277344,-0.468007274673813,2.199132498558754,0.906,False,False,0.0,False,False,-1.0,-1.0,0.004661005414513417,-0.004661005414513417,1.2098782142392999
2022-12-20 00:00:00-05:00,149.27999877929688,307.1199951171875,-0.46936227439753736,5.129459358133175,1.198,False,False,0.0,False,False,-1.0,-1.0,0.009986441348420708,-0.009986441348420708,1.1998917728908791
2022-12-21 00:00:00-05:00,147.4199981689453,316.739990234375,-0.4688582392686802,-1.0861559583227063,0.444,False,False,0.0,False,False,-1.0,-1.0,-0.02100394057174857,0.02100394057174857,1.2208957134626277
2022-12-22 00:00:00-05:00,143.14999389648438,312.92999267578125,-0.46767413145407244,-3.1992686340908847,0.152,False,False,0.0,False,False,-1.0,-1.0,-0.007299198974974171,0.007299198974974171,1.228194912437602
2022-12-23 00:00:00-05:00,141.27000427246094,311.5400085449219,-0.46623036467141304,-3.9794075211731297,-0.023,False,False,0.0,False,False,-1.0,-1.0,-0.0027228133359809745,0.0027228133359809745,1.2309177257735828
2022-12-27 00:00:00-05:00,139.2100067138672,315.0400085449219,-0.46386063694717244,-6.924652313622914,-0.521,False,False,0.0,False,True,0.0,0.0,-0.01032170965873047,0.01032170965873047,1.2412394354323133
2022-12-28 00:00:00-05:00,137.3300018310547,308.9599914550781,-0.46194004031422614,-5.390989077187072,-0.326,False,False,0.0,False,False,0.0,0.0,0.005476371361638241,0.0,1.2412394354323133
2022-12-29 00:00:00-05:00,140.1999969482422,316.82000732421875,-0.4599721208427801,-5.528373746103824,-0.368,False,False,0.0,False,False,0.0,0.0,-0.0004804863191765695,-0.0,1.2412394354323133
2022-12-30 00:00:00-05:00,139.5399932861328,320.3800048828125,-0.45752130003694785,-7.040683053695261,-0.638,False,False,0.0,False,False,0.0,0.0,-0.005285564686984847,-0.0,1.2412394354323133
2023-01-03 00:00:00-05:00,138.4499969482422,323.3800048828125,-0.4545805645855086,-8.552268247051245,-0.907,False,False,0.0,False,False,0.0,0.0,-0.0052954044995303096,-0.0,1.2412394354323133
2023-01-04 00:00:00-05:00,138.5399932861328,320.9800109863281,-0.45223711718411536,-6.619081556049906,-0.628,False,False,0.0,False,False,0.0,0.0,0.006814215865266675,0.0,1.2412394354323133
2023-01-05 00:00:00-05:00,135.11000061035156,325.92999267578125,-0.44849576003941205,-11.068219174412945,-1.365,False,False,0.0,False,False,0.0,0.0,-0.01581700652844078,-0.0,1.2412394354323133
2023-01-06 00:00:00-05:00,134.85000610351562,329.260009765625,-0.44458189299873985,-11.533032326869517,-1.447,False,False,0.0,False,False,0.0,0.0,-0.0016527686254896735,-0.0,1.2412394354323133
2023-01-09 00:00:00-05:00,135.0800018310547,298.6600036621094,-0.4449939027424178,2.178121208387836,0.761,False,True,0.0,False,False,0.0,0.0,0.051164479515234264,0.0,1.2412394354323133
2023-01-10 00:00:00-05:00,134.19000244140625,309.4800109863281,-0.4437922901236238,-3.154840381700552,-0.12,False,False,0.0,False,True,0.0,0.0,-0.01964006345076388,-0.0,1.2412394354323133
2023-01-11 00:00:00-05:00,136.7100067138672,311.9599914550781,-0.4430800452273194,-1.5132404091630178,0.19,False,True,0.0,False,False,0.0,0.0,0.005970903663444817,0.0,1.2412394354323133
2023-01-12 00:00:00-05:00,136.60000610351562,314.989990234375,-0.4420167895626749,-2.6308581242611524,0.018,False,False,0.0,False,False,0.0,0.0,-0.00405182245829046,-0.0,1.2412394354323133
2023-01-13 00:00:00-05:00,138.86000061035156,315.4700012207031,-0.44164007288505586,-0.4641937218084138,0.405,False,True,0.0,False,False,0.0,0.0,0.007788596339560171,0.0,1.2412394354323133
2023-01-17 00:00:00-05:00,142.0,323.82000732421875,-0.4411505097168916,-0.8533612876066741,0.342,False,False,0.0,False,False,0.0,0.0,-0.001366203172183498,-0.0,1.2412394354323133
2023-01-18 00:00:00-05:00,141.67999267578125,318.07000732421875,-0.44135046893885643,1.2996457878518015,0.7,False,False,0.0,False,False,0.0,0.0,0.007633143598950261,0.0,1.2412394354323133
2023-01-19 00:00:00-05:00,140.7100067138672,307.94000244140625,-0.4425676245848162,4.425731318731522,1.184,False,False,0.0,False,False,0.0,0.0,0.011285740294269117,0.0,1.2412394354323133
2023-01-20 00:00:00-05:00,146.10000610351562,312.79998779296875,-0.4446432954070553,7.0155887279633475,1.524,False,False,0.0,True,False,-1.0,-1.0,0.00908134244373244,0.0,1.2412394354323133
2023-01-23 00:00:00-05:00,149.33999633789062,316.0799865722656,-0.44706711801683663,8.031027678227417,1.581,False,False,0.0,False,False,-1.0,-1.0,0.0034936953939354847,-0.0034936953939354847,1.2377457400383778
2023-01-24 00:00:00-05:00,151.13999938964844,311.2099914550781,-0.45044501588484154,10.95700984514437,1.887,False,False,0.0,False,False,-1.0,-1.0,0.010043773674099954,-0.010043773674099954,1.2277019663642779
2023-01-25 00:00:00-05:00,151.77999877929688,309.5199890136719,-0.45395052614853243,11.273236913052557,1.786,False,False,0.0,False,False,-1.0,-1.0,0.0010819069163781883,-0.0010819069163781883,1.2266200594478998
2023-01-26 00:00:00-05:00,159.11000061035156,309.5899963378906,-0.4592987824002734,16.915692249053308,2.332,False,False,0.0,False,False,-1.0,-1.0,0.018726766156310293,-0.018726766156310293,1.2078932932915893
2023-01-27 00:00:00-05:00,159.77999877929688,310.8500061035156,-0.4642253805574807,15.475536399597132,1.949,False,False,0.0,False,False,-1.0,-1.0,-0.0047360389411781265,0.0047360389411781265,1.2126293322327675
2023-01-30 00:00:00-05:00,157.6300048828125,302.5899963378906,-0.4692089475061793,15.6520711752122,1.84,False,False,0.0,False,False,-1.0,-1.0,0.000589219285862796,-0.000589219285862796,1.2120401129469047
2023-01-31 00:00:00-05:00,158.63999938964844,306.8800048828125,-0.4734585473181142,13.345038076856241,1.484,False,False,0.0,False,False,-1.0,-1.0,-0.00759054862600883,0.00759054862600883,1.2196306615729136
2023-02-01 00:00:00-05:00,159.72000122070312,315.7099914550781,-0.47638440022226763,9.320686297198506,0.972,False,False,0.0,False,False,-1.0,-1.0,-0.012976785289267122,0.012976785289267122,1.2326074468621806
2023-02-02 00:00:00-05:00,162.5500030517578,322.760009765625,-0.47884909755156224,7.996663649754879,0.807,False,False,0.0,False,False,-1.0,-1.0,-0.004175366419030076,0.004175366419030076,1.2367828132812106
2023-02-03 00:00:00-05:00,159.72000122070312,319.4200134277344,-0.480702655017134,6.173952700382614,0.565,False,False,0.0,False,False,-1.0,-1.0,-0.005818412020322969,0.005818412020322969,1.2426012253015337
2023-02-06 00:00:00-05:00,156.22999572753906,311.32000732421875,-0.48249173263205697,6.020665990652105,0.523,False,False,0.0,False,False,-1.0,-1.0,-0.0005002187937145273,0.0005002187937145273,1.2431014440952481
2023-02-07 00:00:00-05:00,159.6999969482422,319.1000061035156,-0.4840287455289552,5.24642129567556,0.407,False,False,0.0,False,False,-1.0,-1.0,-0.0024645420663745514,0.0024645420663745514,1.2455659861616228
2023-02-08 00:00:00-05:00,166.13999938964844,309.2799987792969,-0.4887363725932156,14.983614670620739,1.534,False,False,0.0,True,False,-1.0,-1.0,0.03068800611232344,-0.03068800611232344,1.2148779800492993
2023-02-09 00:00:00-05:00,166.1300048828125,310.45001220703125,-0.4929008183889645,13.108939797102778,1.247,False,False,0.0,False,False,-1.0,-1.0,-0.0058739419977594295,0.0058739419977594295,1.2207519220470588
2023-02-10 00:00:00-05:00,165.25,309.3999938964844,-0.4965697587388863,11.611319677009845,1.011,False,False,0.0,False,False,-1.0,-1.0,-0.004696372786189997,0.004696372786189997,1.2254482948332488
2023-02-13 00:00:00-05:00,166.30999755859375,317.0799865722656,-0.4990719320230592,8.064276054127475,0.557,False,False,0.0,False,False,-1.0,-1.0,-0.010928920411946869,0.010928920411946869,1.2363772152451957
2023-02-14 00:00:00-05:00,170.13999938964844,319.8800048828125,-0.5020352438918231,9.548963122188098,0.688,False,False,0.0,False,False,-1.0,-1.0,0.004489107183759731,-0.004489107183759731,1.231888108061436
2023-02-15 00:00:00-05:00,177.25999450683594,325.2300109863281,-0.5060277409713458,12.684586751338315,1.001,False,False,0.0,False,False,-1.0,-1.0,0.009172904878775125,-0.009172904878775125,1.222715203182661
2023-02-16 00:00:00-05:00,172.02000427246094,321.8299865722656,-0.5086096128189913,8.334179408399734,0.44,False,False,0.0,False,False,-1.0,-1.0,-0.012958986604815231,0.012958986604815231,1.2356741897874761
2023-02-17 00:00:00-05:00,169.27999877929688,320.3599853515625,-0.5103319482538041,5.790063312273844,0.091,False,False,0.0,False,False,-1.0,-1.0,-0.007645270303304228,0.007645270303304228,1.2433194600907802
2023-02-21 00:00:00-05:00,166.88999938964844,314.1099853515625,-0.5121136382467643,6.029991981621947,0.076,False,False,0.0,False,False,-1.0,-1.0,0.000732047793659436,-0.000732047793659436,1.2425874122971208
2023-02-22 00:00:00-05:00,187.75,316.5199890136719,-0.5195180038381045,23.312167132758418,2.146,False,True,0.0,True,False,-1.0,-1.0,0.04907090347340604,-0.04907090347340604,1.1935165088237147
2023-02-23 00:00:00-05:00,188.74000549316406,317.79998779296875,-0.5264220998658843,21.443068581837053,1.789,False,False,0.0,False,False,-1.0,-1.0,-0.005249732059539751,0.005249732059539751,1.1987662408832545
2023-02-24 00:00:00-05:00,186.6300048828125,308.1000061035156,-0.5335712954266212,22.236685505209778,1.829,False,False,0.0,False,False,-1.0,-1.0,0.0022608666391181463,-0.0022608666391181463,1.1965053742441363
2023-02-27 00:00:00-05:00,188.50999450683594,310.29998779296875,-0.5402935486396314,20.85691295933853,1.638,False,False,0.0,False,False,-1.0,-1.0,-0.003873990985131656,0.003873990985131656,1.200379365229268
2023-02-28 00:00:00-05:00,188.3699951171875,309.20001220703125,-0.5465366173579801,19.380866358510474,1.342,False,False,0.0,False,False,-1.0,-1.0,-0.00413042931384841,0.00413042931384841,1.2045097945431165
2023-03-01 00:00:00-05:00,186.94000244140625,309.489990234375,-0.5517361634837502,16.18318259286886,0.856,False,False,0.0,False,False,-1.0,-1.0,-0.008939648233859959,0.008939648233859959,1.2134494427769764
2023-03-02 00:00:00-05:00,189.85000610351562,311.6499938964844,-0.5569536990503555,16.27538919384793,0.823,False,False,0.0,False,False,-1.0,-1.0,0.00025371588808313487,-0.00025371588808313487,1.2131957268888933
2023-03-03 00:00:00-05:00,191.58999633789062,316.8299865722656,-0.56134461723022,13.739188798426426,0.399,False,False,0.0,False,False,-1.0,-1.0,-0.006864970974520341,0.006864970974520341,1.2200606978634136
2023-03-06 00:00:00-05:00,187.91000366210938,304.6000061035156,-0.566267181649292,15.425016675514428,0.622,False,False,0.0,False,False,-1.0,-1.0,0.004677722834197953,-0.004677722834197953,1.2153829750292158
2023-03-07 00:00:00-05:00,187.1999969482422,301.80999755859375,-0.5710279266390522,14.858059803420986,0.484,False,False,0.0,False,False,-1.0,-1.0,-0.0015768866391720853,0.0015768866391720853,1.2169598616683879
2023-03-08 00:00:00-05:00,188.3800048828125,305.8699951171875,-0.5750243247341934,12.497317484100734,0.004,False,False,0.0,False,False,-1.0,-1.0,-0.0064808786882180275,0.0064808786882180275,1.2234407403566059
2023-03-09 00:00:00-05:00,184.4199981689453,301.79998779296875,-0.5781657579092104,9.929579489633085,-0.532,False,False,0.0,False,True,0.0,0.0,-0.007154258761882784,0.007154258761882784,1.2305949991184886
2023-03-10 00:00:00-05:00,185.7100067138672,296.260009765625,-0.5823736735178,13.175976510240844,0.071,False,False,0.0,False,False,0.0,0.0,0.009061970852442773,0.0,1.2305949991184886
2023-03-13 00:00:00-04:00,185.89999389648438,292.8999938964844,-0.5868943498133987,13.998642418258726,0.204,False,True,0.0,False,False,0.0,0.0,0.0022992253065911173,0.0,1.2305949991184886
2023-03-14 00:00:00-04:00,184.47999572753906,295.1000061035156,-0.5902115113142486,10.308575136339101,-0.54,False,False,0.0,False,True,0.0,0.0,-0.010288729150424447,-0.0,1.2305949991184886
2023-03-15 00:00:00-04:00,183.8000030517578,293.2300109863281,-0.593350415049071,9.811854328176366,-0.63,False,False,0.0,False,False,0.0,0.0,-0.001388309829987421,-0.0,1.2305949991184886
2023-03-16 00:00:00-04:00,189.77000427246094,297.3999938964844,-0.5972814850860637,12.138494253382476,-0.133,False,False,0.0,False,False,0.0,0.0,0.006332690080748771,0.0,1.2305949991184886
2023-03-17 00:00:00-04:00,189.1199951171875,294.739990234375,-0.6011684159892382,11.931622059304743,-0.155,False,False,0.0,False,False,0.0,0.0,-0.000564748752829096,-0.0,1.2305949991184886
2023-03-20 00:00:00-04:00,189.42999267578125,293.45001220703125,-0.6050480955852814,11.878621640439405,-0.144,False,False,0.0,False,False,0.0,0.0,-0.00014442264405300503,-0.0,1.2305949991184886
2023-03-21 00:00:00-04:00,194.49000549316406,298.80999755859375,-0.609141391560499,12.472467768132958,-0.016,False,False,0.0,False,False,0.0,0.0,0.0015772489512896814,0.0,1.2305949991184886
2023-03-22 00:00:00-04:00,190.88999938964844,303.7300109863281,-0.610828627270923,5.36301371788727,-1.419,False,False,0.0,False,True,0.0,0.0,-0.01888717654195608,-0.0,1.2305949991184886
2023-03-23 00:00:00-04:00,193.88999938964844,308.2200012207031,-0.6123889364001567,5.139480664847071,-1.418,False,False,0.0,False,False,0.0,0.0,-0.0005841855278205002,-0.0,1.2305949991184886
2023-03-24 00:00:00-04:00,191.5500030517578,313.45001220703125,-0.612095805565351,-0.31143467457408747,-2.295,True,False,1.0,False,False,0.0,1.0,-0.0142168823349641,-0.0,1.2305949991184886
2023-03-27 00:00:00-04:00,192.52999877929688,317.2200012207031,-0.6113918966013947,-1.4157394069255531,-2.293,False,False,1.0,False,False,0.0,1.0,-0.0028573714381712654,-0.0028573714381712654,1.2277376276803174
2023-03-28 00:00:00-04:00,190.75999450683594,320.30999755859375,-0.6096394471070378,-4.513615307641771,-2.535,False,False,1.0,False,False,0.0,1.0,-0.00802488660582438,-0.00802488660582438,1.219712741074493
2023-03-29 00:00:00-04:00,192.19000244140625,361.0400085449219,-0.6010658166466446,-24.818805136758755,-3.966,False,False,1.0,False,False,0.0,1.0,-0.04962182032774196,-0.04962182032774196,1.170090920746751
2023-03-30 00:00:00-04:00,193.57000732421875,358.0899963378906,-0.5943309880527113,-19.253974011071563,-2.811,False,False,1.0,False,False,0.0,1.0,0.013693192520004522,0.013693192520004522,1.1837841132667555
2023-03-31 00:00:00-04:00,199.74000549316406,364.19000244140625,-0.5891641703024986,-14.827695127691982,-2.134,False,False,1.0,False,False,0.0,1.0,0.010683554319796893,0.010683554319796893,1.1944676675865524
2023-04-03 00:00:00-04:00,196.3300018310547,367.3999938964844,-0.5831109860092377,-17.90497086971223,-2.165,False,False,1.0,False,False,0.0,1.0,-0.0074952222739637,-0.0074952222739637,1.1869724453125887
2023-04-04 00:00:00-04:00,196.55999755859375,366.79998779296875,-0.5779105312453177,-15.41757824761686,-1.798,False,False,1.0,False,False,0.0,1.0,0.006088528410272435,0.006088528410272435,1.193060973722861
2023-04-05 00:00:00-04:00,194.17999267578125,364.80999755859375,-0.5729664125338071,-14.843882881833139,-1.622,False,False,1.0,False,False,0.0,1.0,0.0014228419193925874,0.0014228419193925874,1.1944838156422537
2023-04-06 00:00:00-04:00,191.92999267578125,364.3299865722656,-0.5680223980770749,-15.01759998838557,-1.525,False,False,1.0,False,False,0.0,1.0,-0.000435514836975305,-0.000435514836975305,1.1940483008052785
2023-04-10 00:00:00-04:00,192.6199951171875,363.3699951171875,-0.5639560066702253,-12.304696272880818,-1.255,False,False,1.0,False,False,0.0,1.0,0.006824147844459333,0.006824147844459333,1.2008724486497377
2023-04-11 00:00:00-04:00,192.80999755859375,365.80999755859375,-0.5600137667682368,-12.048637095673826,-1.172,False,False,1.0,False,False,0.0,1.0,0.0006439008673682139,0.0006439008673682139,1.201516349517106
2023-04-12 00:00:00-04:00,195.27999877929688,363.5400085449219,-0.5575117007191418,-7.397809664033872,-0.797,False,False,1.0,False,False,0.0,1.0,0.011686734993587307,0.011686734993587307,1.2132030845106934
2023-04-13 00:00:00-04:00,197.8699951171875,364.3800048828125,-0.5558676643037779,-4.677067116020652,-0.56,False,False,1.0,False,False,0.0,1.0,0.006794771846176276,0.006794771846176276,1.2199978563568696
2023-04-14 00:00:00-04:00,199.44000244140625,368.25,-0.5542512967125734,-4.663037572998917,-0.515,False,False,1.0,False,False,0.0,1.0,3.4765914774187284e-05,3.4765914774187284e-05,1.2200326222716438
2023-04-17 00:00:00-04:00,201.16000366210938,368.3800048828125,-0.5532457497869239,-2.644668345792894,-0.322,False,False,1.0,False,False,0.0,1.0,0.00498406243425218,0.00498406243425218,1.2250166847058959
2023-04-18 00:00:00-04:00,200.0,372.5,-0.5514375791573938,-5.410498236129172,-0.492,False,False,1.0,False,False,0.0,1.0,-0.006822294692342513,-0.006822294692342513,1.2181943900135535
2023-04-19 00:00:00-04:00,195.32000732421875,370.1199951171875,-0.54891276556718,-7.84358278726782,-0.639,False,False,1.0,False,False,0.0,1.0,-0.0061058587274253435,-0.0061058587274253435,1.212088531286128
2023-04-20 00:00:00-04:00,192.27000427246094,376.7099914550781,-0.5448828496119503,-12.992809348875483,-0.995,False,False,1.0,False,False,0.0,1.0,-0.01295295967988057,-0.01295295967988057,1.1991355716062475
2023-04-21 00:00:00-04:00,193.25,377.79998779296875,-0.5413544637019825,-11.273709778278118,-0.805,False,False,1.0,False,False,0.0,1.0,0.004321802895308499,0.004321802895308499,1.203457374501556
2023-04-24 00:00:00-04:00,191.9499969482422,381.3699951171875,-0.5373601113732953,-12.983026102362771,-0.893,False,False,1.0,False,False,0.0,1.0,-0.0043068517370423625,-0.0043068517370423625,1.1991505227645136
2023-04-25 00:00:00-04:00,182.57000732421875,372.80999755859375,-0.5325277985651021,-15.961679958720282,-1.083,False,False,1.0,False,False,0.0,1.0,-0.007815902942724847,-0.007815902942724847,1.1913346198217887
2023-04-26 00:00:00-04:00,183.7899932861328,372.94000244140625,-0.5284628735288701,-13.29495205791656,-0.806,False,False,1.0,False,False,0.0,1.0,0.007001584064298416,0.007001584064298416,1.1983362038860872
2023-04-27 00:00:00-04:00,185.1199951171875,378.0799865722656,-0.5244581442734411,-13.167133027430452,-0.747,False,False,1.0,False,False,0.0,1.0,0.00033337677557656795,0.00033337677557656795,1.1986695806616638
2023-04-28 00:00:00-04:00,182.4600067138672,379.92999267578125,-0.5199277616022843,-15.076143943624004,-0.866,False,False,1.0,False,False,0.0,1.0,-0.005023763738557847,-0.005023763738557847,1.193645816923106
2023-05-01 00:00:00-04:00,183.3000030517578,384.989990234375,-0.5153954145070131,-15.12207254613881,-0.825,False,False,1.0,False,False,0.0,1.0,-0.00012031948132861188,-0.00012031948132861188,1.1935254974417773
2023-05-02 00:00:00-04:00,176.88999938964844,380.75,-0.5102477295710514,-17.386823644529358,-0.986,False,False,1.0,False,False,0.0,1.0,-0.006101706730146489,-0.006101706730146489,1.1874237907116307
2023-05-03 00:00:00-04:00,177.66000366210938,383.1199951171875,-0.5054967814278203,-16.005920770271132,-0.806,False,False,1.0,False,False,0.0,1.0,0.0037188431234643883,0.0037188431234643883,1.1911426338350952
2023-05-04 00:00:00-04:00,179.00999450683594,382.05999755859375,-0.501702455968061,-12.67044459546193,-0.427,False,False,1.0,False,False,0.0,1.0,0.008998009855107885,0.008998009855107885,1.2001406436902031
2023-05-05 00:00:00-04:00,183.92999267578125,386.7099914550781,-0.49895171889116097,-9.019622273116141,0.03,False,False,1.0,False,False,0.0,1.0,0.009686972307563843,0.009686972307563843,1.2098276159977668
2023-05-08 00:00:00-04:00,191.52000427246094,381.8599853515625,-0.499002603871508,0.9708772676953288,1.315,False,True,0.0,False,False,0.0,0.0,0.026148408031326762,0.026148408031326762,1.2359760240290936
2023-05-09 00:00:00-04:00,195.83999633789062,381.44000244140625,-0.500219466816026,5.036281694346712,1.98,False,False,0.0,True,False,-1.0,-1.0,0.0105146011979142,0.0,1.2359760240290936
2023-05-10 00:00:00-04:00,199.39999389648438,379.32000732421875,-0.5024901016165617,8.79544487094276,2.394,False,False,0.0,False,False,-1.0,-1.0,0.0096387676626311,-0.0096387676626311,1.2263372563664625
2023-05-11 00:00:00-04:00,197.17999267578125,377.32000732421875,-0.5042528541037355,6.915302072101554,2.115,False,False,0.0,False,False,-1.0,-1.0,-0.004852674149318686,0.004852674149318686,1.2311899305157812
2023-05-12 00:00:00-04:00,199.3000030517578,376.20001220703125,-0.5065138746770165,8.749477215233526,2.184,False,False,0.0,False,False,-1.0,-1.0,0.004704816351955199,-0.004704816351955199,1.226485114163826
2023-05-15 00:00:00-04:00,193.0,375.7099914550781,-0.507054418976017,2.4945885792610625,1.394,False,False,0.0,False,False,-1.0,-1.0,-0.0163097793400112,0.0163097793400112,1.2427948935038373
2023-05-16 00:00:00-04:00,191.42999267578125,371.5199890136719,-0.5076618912976449,2.8234523982203257,1.372,False,False,0.0,False,False,-1.0,-1.0,0.0008653479085381469,-0.0008653479085381469,1.241929545595299
2023-05-17 00:00:00-04:00,191.52000427246094,372.2200012207031,-0.5081475906118229,2.377307474630868,1.265,False,False,0.0,False,False,-1.0,-1.0,-0.0011720216410356294,0.0011720216410356294,1.2431015672363348
2023-05-18 00:00:00-04:00,189.72000122070312,378.70001220703125,-0.507311704555944,-2.398947487402694,0.651,False,False,0.0,False,False,-1.0,-1.0,-0.01250855881235809,0.01250855881235809,1.2556101260486927
2023-05-19 00:00:00-04:00,188.66000366210938,368.5299987792969,-0.5075646329247686,1.6072101099301221,1.072,False,False,0.0,False,False,-1.0,-1.0,0.010662819118849165,-0.010662819118849165,1.2449473069298436
2023-05-22 00:00:00-04:00,192.11000061035156,363.1199951171875,-0.5093656033810899,7.149165197746925,1.623,False,False,0.0,True,False,-1.0,-1.0,0.014697384571739741,-0.014697384571739741,1.2302499223581038
2023-05-23 00:00:00-04:00,189.74000549316406,353.8599853515625,-0.5116223466352391,8.697329407286333,1.675,False,False,0.0,False,False,-1.0,-1.0,0.004175395147762254,-0.004175395147762254,1.2260745272103417
2023-05-24 00:00:00-04:00,204.30999755859375,344.5799865722656,-0.5186080736636479,25.608034499305404,3.004,False,False,0.0,False,False,-1.0,-1.0,0.04415189819330551,-0.04415189819330551,1.1819226290170362
2023-05-25 00:00:00-04:00,207.97999572753906,342.3399963378906,-0.5263226473967828,27.79870254517553,2.752,False,False,0.0,False,False,-1.0,-1.0,0.005643705615318608,-0.005643705615318608,1.1762789234017175
2023-05-26 00:00:00-04:00,211.6999969482422,340.260009765625,-0.534658439623441,29.777111060696342,2.542,False,False,0.0,False,False,-1.0,-1.0,0.005026152192341334,-0.005026152192341334,1.1712527712093763
2023-05-30 00:00:00-04:00,212.47999572753906,336.6400146484375,-0.5430297861024919,29.67444057945832,2.256,False,False,0.0,False,False,-1.0,-1.0,-0.0002597375011826018,0.0002597375011826018,1.171512508710559
2023-05-31 00:00:00-04:00,213.38999938964844,331.92999267578125,-0.5516353398177889,30.28568508422768,2.073,False,False,0.0,False,False,-1.0,-1.0,0.0015416223730246178,-0.0015416223730246178,1.1699708863375342
2023-06-01 00:00:00-04:00,216.7899932861328,328.3500061035156,-0.5609755345815736,32.59367308235019,2.018,False,False,0.0,False,False,-1.0,-1.0,0.005755777492840931,-0.005755777492840931,1.1642151088446933
2023-06-02 00:00:00-04:00,217.24000549316406,365.44000244140625,-0.5641491076170986,11.077354228254393,0.6,False,False,0.0,False,False,-1.0,-1.0,-0.05081762835132591,0.05081762835132591,1.2150327371960192
2023-06-05 00:00:00-04:00,226.7899932861328,356.44000244140625,-0.570775799037425,23.34266608373744,1.304,False,False,0.0,False,False,-1.0,-1.0,0.028508247126390537,-0.028508247126390537,1.1865244900696286
2023-06-06 00:00:00-04:00,224.72000122070312,356.0199890136719,-0.5763493666272052,19.528106046048805,1.007,False,False,0.0,False,False,-1.0,-1.0,-0.008872887839746296,0.008872887839746296,1.195397377909375
2023-06-07 00:00:00-04:00,216.25,353.92999267578125,-0.5794798736050176,11.154692579213474,0.457,False,False,0.0,False,False,-1.0,-1.0,-0.019873043129617726,0.019873043129617726,1.2152704210389926
2023-06-08 00:00:00-04:00,222.82000732421875,354.95001220703125,-0.5838589486332425,15.579266379664887,0.686,False,False,0.0,False,False,-1.0,-1.0,0.010288253039280422,-0.010288253039280422,1.2049821679997121
2023-06-09 00:00:00-04:00,220.10000610351562,360.3999938964844,-0.5862913083767773,8.80062214296322,0.227,False,False,0.0,False,False,-1.0,-1.0,-0.015713152111074973,0.015713152111074973,1.2206953201107873
2023-06-12 00:00:00-04:00,229.13999938964844,368.17999267578125,-0.5896330974549914,12.048889887271514,0.395,False,False,0.0,False,False,-1.0,-1.0,0.007279339516183927,-0.007279339516183927,1.2134159805946032
2023-06-13 00:00:00-04:00,233.6300048828125,368.3599853515625,-0.5938017851424604,14.897188006004114,0.535,False,False,0.0,False,False,-1.0,-1.0,0.0062964902987676236,-0.0062964902987676236,1.2071194902958355
2023-06-14 00:00:00-04:00,238.55999755859375,377.2099914550781,-0.5974779967974811,13.1853274920187,0.379,False,False,0.0,False,False,-1.0,-1.0,-0.0036898740996189013,0.0036898740996189013,1.2108093643954545
2023-06-15 00:00:00-04:00,243.8000030517578,382.6300048828125,-0.6012855150689845,13.730123484947825,0.374,False,False,0.0,False,False,-1.0,-1.0,0.0011496742310750463,-0.0011496742310750463,1.2096596901643795
2023-06-16 00:00:00-04:00,246.52999877929688,383.0199890136719,-0.6053418360747597,14.671975376426474,0.395,False,False,0.0,False,False,-1.0,-1.0,0.0019688032471682523,-0.0019688032471682523,1.2076908869172112
2023-06-20 00:00:00-04:00,241.60000610351562,383.489990234375,-0.6076494322236949,8.572531274127329,-0.112,False,False,0.0,False,True,0.0,0.0,-0.012851013368021557,0.012851013368021557,1.220541900285233
2023-06-21 00:00:00-04:00,238.9199981689453,378.80999755859375,-0.6097426904239025,7.943371098096435,-0.236,False,False,0.0,False,False,0.0,0.0,-0.001338933165799659,-0.0,1.220541900285233
2023-06-22 00:00:00-04:00,249.14999389648438,377.9599914550781,-0.6143608711501757,16.946164286229617,0.475,False,True,0.0,False,False,0.0,0.0,0.01870306778192059,0.0,1.220541900285233
2023-06-23 00:00:00-04:00,243.94000244140625,374.25,-0.6178166873477129,12.722107201524693,0.024,False,False,0.0,False,False,0.0,0.0,-0.008889796645110613,-0.0,1.220541900285233
2023-06-26 00:00:00-04:00,243.8000030517578,373.7699890136719,-0.6209648258634469,11.701986910900587,-0.147,False,False,0.0,False,True,0.0,0.0,-0.0021435691040588736,-0.0,1.220541900285233
2023-06-27 00:00:00-04:00,251.58999633789062,374.5199890136719,-0.6256632559588902,17.266600589908904,0.405,False,True,0.0,False,False,0.0,0.0,0.011451863170762164,0.0,1.220541900285233
2023-06-28 00:00:00-04:00,253.41000366210938,376.25,-0.6301154678251369,16.3290588929016,0.269,False,False,0.0,False,False,0.0,0.0,-0.0019114352670640312,-0.0,1.220541900285233
2023-06-29 00:00:00-04:00,253.3300018310547,370.260009765625,-0.6350758005149708,18.18682973046947,0.445,False,False,0.0,False,False,0.0,0.0,0.003803219780965614,0.0,1.220541900285233
2023-06-30 00:00:00-04:00,255.50999450683594,378.5,-0.6387977080024798,13.725062027897337,-0.072,False,False,0.0,False,False,0.0,0.0,-0.00897207564455964,-0.0,1.220541900285233
2023-07-03 00:00:00-04:00,254.63999938964844,379.4100036621094,-0.6417752407893939,11.144052931493377,-0.371,False,False,0.0,False,True,0.0,0.0,-0.005181334769991767,-0.0,1.220541900285233
2023-07-05 00:00:00-04:00,257.8800048828125,375.989990234375,-0.6458245259251691,15.05644768708828,0.028,False,False,0.0,False,False,0.0,0.0,0.007813794532145216,0.0,1.220541900285233
2023-07-06 00:00:00-04:00,253.39999389648438,367.0299987792969,-0.649838336983187,14.889829866804916,-0.033,False,False,0.0,False,False,0.0,0.0,-0.0003387159577793735,-0.0,1.220541900285233
2023-07-07 00:00:00-04:00,247.58999633789062,363.739990234375,-0.6525598050645106,10.227899216379882,-0.637,False,False,0.0,False,True,0.0,0.0,-0.009613177700026398,-0.0,1.220541900285233
2023-07-10 00:00:00-04:00,247.47000122070312,369.5199890136719,-0.6540319435617296,5.792124621182353,-1.283,False,False,0.0,False,False,0.0,0.0,-0.009068371337855022,-0.0,1.220541900285233
2023-07-11 00:00:00-04:00,250.22999572753906,379.4800109863281,-0.6544008270268968,1.8979626979100317,-1.795,True,False,1.0,False,False,0.0,1.0,-0.007810787221361035,-0.0,1.220541900285233
2023-07-12 00:00:00-04:00,232.63999938964844,383.32000732421875,-0.649662780814068,-16.388742510272436,-3.358,False,False,1.0,False,False,0.0,1.0,-0.03796531441758824,-0.03796531441758824,1.1825765858676447
2023-07-13 00:00:00-04:00,239.00999450683594,379.5400085449219,-0.647540517205365,-6.757538926471426,-2.126,False,False,1.0,False,False,0.0,1.0,0.019867264938465135,0.019867264938465135,1.2024438508061097
2023-07-14 00:00:00-04:00,241.25999450683594,380.4100036621094,-0.6460796289003854,-4.515159489173925,-1.758,False,False,1.0,False,False,0.0,1.0,0.004604142933401445,0.004604142933401445,1.207047993739511
2023-07-17 00:00:00-04:00,250.0500030517578,383.69000244140625,-0.6464379234971196,2.018234606930406,-1.064,False,False,1.0,False,False,0.0,1.0,0.013117111426249259,0.013117111426249259,1.2201651051657605
2023-07-18 00:00:00-04:00,248.33999633789062,385.4200134277344,-0.6460781389505562,-0.6714486517983858,-1.264,False,False,1.0,False,False,0.0,1.0,-0.005408013399034742,-0.005408013399034742,1.2147570917667256
2023-07-19 00:00:00-04:00,246.0,390.510009765625,-0.6443460037865211,-5.623564231115779,-1.666,True,False,1.0,False,False,0.0,1.0,-0.009951529499952374,-0.009951529499952374,1.2048055622667733
2023-07-20 00:00:00-04:00,242.0500030517578,381.8599853515625,-0.6431699845211298,-3.5508778160454995,-1.401,False,False,1.0,False,False,0.0,1.0,0.004250348934899445,0.004250348934899445,1.2090559112016728
2023-07-21 00:00:00-04:00,243.82000732421875,382.9599914550781,-0.6423771822818801,-2.1847529133872285,-1.237,False,False,1.0,False,False,0.0,1.0,0.0027890074025010204,0.0027890074025010204,1.2118449186041738
2023-07-24 00:00:00-04:00,243.3300018310547,380.3900146484375,-0.6419525285198002,-0.8623298961936143,-1.034,False,False,1.0,False,False,0.0,1.0,0.0027125383314064422,0.0027125383314064422,1.2145574569355801
2023-07-25 00:00:00-04:00,242.91000366210938,382.1199951171875,-0.6411937034308665,-2.102931162064692,-1.113,False,False,1.0,False,False,0.0,1.0,-0.0025426172209076286,-0.0025426172209076286,1.2120148397146726
2023-07-26 00:00:00-04:00,245.00999450683594,378.9800109863281,-0.6415213277469126,1.886234669347175,-0.62,False,False,1.0,False,False,0.0,1.0,0.008172280232433894,0.008172280232433894,1.2201871199471066
2023-07-27 00:00:00-04:00,245.27999877929688,370.75,-0.643209311101903,6.810146688266315,-0.04,False,False,1.0,False,False,0.0,1.0,0.010178632634326184,0.010178632634326184,1.2303657525814327
2023-07-28 00:00:00-04:00,248.44000244140625,377.9599914550781,-0.6443921396940026,4.885554828941537,-0.229,False,False,1.0,False,True,0.0,1.0,-0.003911816198564932,-0.003911816198564932,1.2264539363828677
2023-07-31 00:00:00-04:00,249.9600067138672,378.5299987792969,-0.6457437222697651,5.526636311354395,-0.143,False,False,1.0,False,False,0.0,1.0,0.0012967032166815366,0.0012967032166815366,1.2277506395995492
2023-08-01 00:00:00-04:00,253.1699981689453,381.2099914550781,-0.6473363293098051,6.3989216041928785,-0.021,False,False,1.0,False,False,0.0,1.0,0.0017447762084824132,0.0017447762084824132,1.2294954158080318
2023-08-02 00:00:00-04:00,236.1699981689453,376.6499938964844,-0.6452972076225555,-6.88119114350863,-1.478,False,False,1.0,False,True,0.0,1.0,-0.02771186478105576,-0.02771186478105576,1.2017835510269759
2023-08-03 00:00:00-04:00,237.4499969482422,384.0,-0.6425487957371583,-9.288740614826594,-1.626,True,False,1.0,False,False,0.0,1.0,-0.004972336817683068,-0.004972336817683068,1.1968112142092928
2023-08-04 00:00:00-04:00,218.32000732421875,378.20001220703125,-0.6362366797826228,-22.304712736130227,-2.652,False,False,1.0,False,False,0.0,1.0,-0.028360652916700885,-0.028360652916700885,1.168450561292592
2023-08-07 00:00:00-04:00,215.24000549316406,382.5,-0.6290380103220261,-25.367033455010926,-2.574,False,False,1.0,False,False,0.0,1.0,-0.006717868978691547,-0.006717868978691547,1.1617326923139004
2023-08-08 00:00:00-04:00,211.47999572753906,380.70001220703125,-0.6218624887600177,-25.263061334494523,-2.275,False,False,1.0,False,False,0.0,1.0,0.00023196513403163718,0.00023196513403163718,1.161964657447932
2023-08-09 00:00:00-04:00,213.47000122070312,382.3299865722656,-0.6156094482761667,-21.895950872483553,-1.825,False,False,1.0,False,False,0.0,1.0,0.007501873317301318,0.007501873317301318,1.1694665307652334
2023-08-10 00:00:00-04:00,214.05999755859375,384.54998779296875,-0.6097739143099805,-20.42855374578002,-1.596,False,False,1.0,False,False,0.0,1.0,0.003271434341774727,0.003271434341774727,1.1727379651070082
2023-08-11 00:00:00-04:00,217.9600067138672,381.1300048828125,-0.6059767786176178,-12.995925879536458,-0.959,False,False,1.0,False,False,0.0,1.0,0.016556836626725635,0.016556836626725635,1.1892948017337337
2023-08-14 00:00:00-04:00,219.33999633789062,385.0199890136719,-0.6023248411138987,-12.567107370444319,-0.872,False,False,1.0,False,False,0.0,1.0,0.0009502964319287832,0.0009502964319287832,1.1902450981656625
2023-08-15 00:00:00-04:00,215.66000366210938,383.17999267578125,-0.5983897788898352,-13.630987430160047,-0.904,False,False,1.0,False,False,0.0,1.0,-0.0023910050146151714,-0.0023910050146151714,1.1878540931510473
2023-08-16 00:00:00-04:00,213.97000122070312,381.1600036621094,-0.5947045740438468,-12.707596399722718,-0.782,False,False,1.0,False,False,0.0,1.0,0.0020955317420673133,0.0020955317420673133,1.1899496248931147
2023-08-17 00:00:00-04:00,207.57000732421875,376.29998779296875,-0.5904990442573375,-14.634775821577051,-0.894,False,False,1.0,False,False,0.0,1.0,-0.004484161157397605,-0.004484161157397605,1.1854654637357172
2023-08-18 00:00:00-04:00,209.69000244140625,381.2900085449219,-0.586474433016902,-13.926839134986551,-0.786,False,False,1.0,False,False,0.0,1.0,0.0016337999188432391,0.0016337999188432391,1.1870992636545603
2023-08-21 00:00:00-04:00,240.80999755859375,384.8999938964844,-0.5899796873521392,13.726819497705605,1.609,False,True,0.0,True,False,-1.0,-1.0,0.059102504746044275,0.059102504746044275,1.2462017684006046
2023-08-22 00:00:00-04:00,234.55999755859375,379.4200134277344,-0.5925015673616164,9.7530449142956,1.307,False,False,0.0,False,False,-1.0,-1.0,-0.008650545237646896,0.008650545237646896,1.2548523136382514
2023-08-23 00:00:00-04:00,235.66000366210938,377.7099914550781,-0.5952986097581846,10.809770857125585,1.436,False,False,0.0,False,False,-1.0,-1.0,0.0022946850235879518,-0.0022946850235879518,1.2525576286146636
2023-08-24 00:00:00-04:00,227.4499969482422,360.2200012207031,-0.5983967439412521,11.895521115259584,1.519,False,False,0.0,True,False,-1.0,-1.0,0.0024508787717594676,-0.0024508787717594676,1.2501067498429042
2023-08-25 00:00:00-04:00,230.75999450683594,365.5899963378906,-0.6012551595974921,10.947122911450947,1.397,False,False,0.0,False,False,-1.0,-1.0,-0.0021048719866621412,0.0021048719866621412,1.2522116218295662
2023-08-28 00:00:00-04:00,232.4199981689453,365.8399963378906,-0.6042346767465403,11.366786240764498,1.375,False,False,0.0,False,False,-1.0,-1.0,0.0009254423855020364,-0.0009254423855020364,1.2512861794440642
2023-08-29 00:00:00-04:00,233.9199981689453,374.7300109863281,-0.6059792377313481,6.841391756390493,0.931,False,False,0.0,False,False,-1.0,-1.0,-0.009816503649685036,0.009816503649685036,1.2611026830937493
2023-08-30 00:00:00-04:00,237.89999389648438,376.7300109863281,-0.6082355165972746,8.759421046518156,1.039,False,False,0.0,False,False,-1.0,-1.0,0.004106772359174814,-0.004106772359174814,1.2569959107345745
2023-08-31 00:00:00-04:00,243.3000030517578,381.260009765625,-0.6109423771537759,10.372106371875077,1.116,False,False,0.0,False,False,-1.0,-1.0,0.0033863730500999336,-0.0033863730500999336,1.2536095376844745
2023-09-01 00:00:00-04:00,242.72000122070312,404.19000244140625,-0.6097715416753071,-3.7435596977393004,-0.041,False,False,0.0,False,False,-1.0,-1.0,-0.028855560902104175,0.028855560902104175,1.2824650985865786
2023-09-05 00:00:00-04:00,245.07000732421875,401.80999755859375,-0.6096115665915142,0.12198524039192193,0.279,False,True,0.0,False,False,-1.0,-1.0,0.007888576962771962,-0.007888576962771962,1.2745765216238067
2023-09-06 00:00:00-04:00,245.2100067138672,399.0,-0.6099343073568199,1.8462180784960651,0.403,False,False,0.0,False,False,-1.0,-1.0,0.003529114443953428,-0.003529114443953428,1.2710474071798532
2023-09-07 00:00:00-04:00,245.44000244140625,398.989990234375,-0.6102877835417889,1.9412856459095167,0.397,False,False,0.0,False,False,-1.0,-1.0,0.00019443656980536444,-0.00019443656980536444,1.270852970610048
2023-09-08 00:00:00-04:00,248.74000549316406,396.3599853515625,-0.6118001495193065,6.246907191607988,0.727,False,False,0.0,False,False,-1.0,-1.0,0.008764925475172648,-0.008764925475172648,1.2620880451348753
2023-09-11 00:00:00-04:00,253.13999938964844,397.44000244140625,-0.6140839955907491,9.078454682832614,0.923,False,False,0.0,False,False,-1.0,-1.0,0.005694969222934,-0.005694969222934,1.2563930759119413
2023-09-12 00:00:00-04:00,245.72999572753906,388.1199951171875,-0.6157466492103201,6.746409242605068,0.707,False,False,0.0,False,False,-1.0,-1.0,-0.004811182367910828,0.004811182367910828,1.2612042582798522
2023-09-13 00:00:00-04:00,246.2899932861328,388.9700012207031,-0.6172535697236244,6.196871517251253,0.65,False,False,0.0,False,False,-1.0,-1.0,-0.0011298454003520607,0.0011298454003520607,1.262334103680204
2023-09-14 00:00:00-04:00,245.82000732421875,388.739990234375,-0.6185364605416691,5.3701496936454305,0.588,False,False,0.0,False,False,-1.0,-1.0,-0.0017001296670577809,0.0017001296670577809,1.264034233347262
2023-09-15 00:00:00-04:00,240.1999969482422,389.92999267578125,-0.6181551871959227,-0.837250667560113,0.104,False,False,0.0,False,False,-1.0,-1.0,-0.012898836138148165,0.012898836138148165,1.2769330694854102
2023-09-18 00:00:00-04:00,239.88999938964844,382.80999755859375,-0.6187823124220619,3.0139438820579016,0.422,False,False,0.0,False,False,-1.0,-1.0,0.008077744860523034,-0.008077744860523034,1.268855324624887
2023-09-19 00:00:00-04:00,236.1699981689453,384.45001220703125,-0.6182142892389096,-1.5024928755146334,0.076,False,False,0.0,False,False,-1.0,-1.0,-0.009531514924020374,0.009531514924020374,1.2783868395489075
2023-09-20 00:00:00-04:00,235.3000030517578,391.8800048828125,-0.6163614850091264,-6.2397387031961955,-0.311,False,False,0.0,False,True,0.0,0.0,-0.009934670671384191,0.009934670671384191,1.2883215102202916
2023-09-21 00:00:00-04:00,227.44000244140625,383.8999938964844,-0.6139546285184125,-8.257175699530649,-0.479,False,False,0.0,False,False,0.0,0.0,-0.0043560246961769555,-0.0,1.2883215102202916
2023-09-22 00:00:00-04:00,228.50999450683594,388.04998779296875,-0.6114074883993572,-8.746673903064305,-0.572,False,False,0.0,False,False,0.0,0.0,-0.0010509515654647938,-0.0,1.2883215102202916
2023-09-25 00:00:00-04:00,226.52999877929688,384.3299865722656,-0.6091683821126235,-7.591677338296478,-0.551,False,False,0.0,False,False,0.0,0.0,0.0025073100299187146,0.0,1.2883215102202916
2023-09-26 00:00:00-04:00,226.7899932861328,380.6600036621094,-0.6077453458505997,-4.554352290986401,-0.358,False,False,0.0,False,False,0.0,0.0,0.0066297694576801505,0.0,1.2883215102202916
2023-09-27 00:00:00-04:00,231.89999389648438,379.1400146484375,-0.6079304809642962,1.409222438449433,0.165,False,True,0.0,False,False,0.0,0.0,0.012897261745405978,0.0,1.2883215102202916
2023-09-28 00:00:00-04:00,235.17999267578125,379.0,-0.6089384752526118,4.392310555041377,0.429,False,False,0.0,False,False,0.0,0.0,0.006401920729575499,0.0,1.2883215102202916
2023-09-29 00:00:00-04:00,234.44000244140625,385.6099853515625,-0.6087010921563164,-0.2812167884710277,-0.14,False,False,0.0,False,True,0.0,0.0,-0.009961452753626978,-0.0,1.2883215102202916
2023-10-02 00:00:00-04:00,236.77000427246094,382.8599853515625,-0.6094478835283,3.436796512275208,0.245,False,True,0.0,False,False,0.0,0.0,0.007908929795799897,0.0,1.2883215102202916
2023-10-03 00:00:00-04:00,231.7100067138672,368.3399963378906,-0.6110674092874218,6.629439414733952,0.586,False,False,0.0,False,False,0.0,0.0,0.0069892924330962215,0.0,1.2883215102202916
2023-10-04 00:00:00-04:00,236.44000244140625,370.1000061035156,-0.6134539767929948,9.400681886092912,0.893,False,False,0.0,False,False,0.0,0.0,0.005979214894509057,0.0,1.2883215102202916
2023-10-05 00:00:00-04:00,236.77999877929688,360.3599853515625,-0.6172040957543873,14.364339874321502,1.513,False,False,0.0,True,False,-1.0,-1.0,0.010809461947572329,0.0,1.2883215102202916
2023-10-06 00:00:00-04:00,246.69000244140625,367.2200012207031,-0.6220541928318996,18.259260990332592,1.993,False,False,0.0,False,False,-1.0,-1.0,0.008197750079488243,-0.008197750079488243,1.2801237601408033
2023-10-09 00:00:00-04:00,252.77999877929688,372.6400146484375,-0.6271577836918886,19.07591307746992,2.01,False,False,0.0,False,False,-1.0,-1.0,0.0016786820230889074,-0.0016786820230889074,1.2784450781177146
2023-10-10 00:00:00-04:00,256.7799987792969,373.0299987792969,-0.632731501820427,20.752167427600313,2.063,False,False,0.0,False,False,-1.0,-1.0,0.003401436112905971,-0.003401436112905971,1.2750436420048086
2023-10-11 00:00:00-04:00,259.2099914550781,373.3599853515625,-0.6383523027244189,20.874785060752885,1.935,False,False,0.0,False,False,-1.0,-1.0,0.00024644521479169406,-0.00024644521479169406,1.274797196790017
2023-10-12 00:00:00-04:00,260.6199951171875,373.94000244140625,-0.6437147687861406,19.90929290572882,1.72,False,False,0.0,False,False,-1.0,-1.0,-0.0019258588396216633,0.0019258588396216633,1.2767230556296385
2023-10-13 00:00:00-04:00,259.3999938964844,377.69000244140625,-0.6476697180258484,14.781616514076802,1.083,False,False,0.0,False,False,-1.0,-1.0,-0.010173590257516,0.010173590257516,1.2868966458871545
2023-10-16 00:00:00-04:00,261.5199890136719,416.6400146484375,-0.6455060265273052,-7.423651334319231,-1.427,False,False,0.0,False,True,0.0,0.0,-0.04186011371810146,0.04186011371810146,1.3287567596052559
2023-10-17 00:00:00-04:00,261.739990234375,412.94000244140625,-0.6441433642859661,-4.252572186487441,-1.01,False,False,0.0,False,False,0.0,0.0,0.006008875389393357,0.0,1.3287567596052559
2023-10-18 00:00:00-04:00,261.3399963378906,405.6099853515625,-0.6439857957305641,0.1329271650021724,-0.486,False,False,0.0,False,False,0.0,0.0,0.008392544214563483,0.0,1.3287567596052559
2023-10-19 00:00:00-04:00,253.1300048828125,396.19000244140625,-0.6433382063573372,-1.7541606645508239,-0.659,False,False,0.0,False,False,0.0,0.0,-0.0037146362038583485,-0.0,1.3287567596052559
2023-10-20 00:00:00-04:00,243.10000610351562,395.82000732421875,-0.6403771760757342,-10.374092421043997,-1.566,True,False,1.0,False,False,0.0,1.0,-0.017358802394557688,-0.0,1.3287567596052559
2023-10-23 00:00:00-04:00,246.1699981689453,402.4599914550781,-0.6373970995254334,-10.35683305955223,-1.481,False,False,1.0,False,False,0.0,1.0,3.43335395857882e-05,3.43335395857882e-05,1.3287910931448417
2023-10-24 00:00:00-04:00,252.07000732421875,403.3699951171875,-0.6359948593723388,-4.471235995357915,-0.827,False,False,1.0,False,False,0.0,1.0,0.011571897115418466,0.011571897115418466,1.3403629902602603
2023-10-25 00:00:00-04:00,244.7899932861328,396.70001220703125,-0.6340193138575047,-6.72547626063286,-1.021,False,False,1.0,False,False,0.0,1.0,-0.004542042016639915,-0.004542042016639915,1.3358209482436203
2023-10-26 00:00:00-04:00,237.19000244140625,388.6199951171875,-0.6316291549124268,-8.273716656534305,-1.116,False,False,1.0,False,False,0.0,1.0,-0.0032077664105926293,-0.0032077664105926293,1.3326131818330276
2023-10-27 00:00:00-04:00,238.7899932861328,386.82000732421875,-0.6301135579825489,-4.950537827766283,-0.735,False,False,1.0,False,False,0.0,1.0,0.006886981570544144,0.006886981570544144,1.3395001634035717
2023-10-30 00:00:00-04:00,238.5500030517578,391.75,-0.6279448554568957,-7.447394073481092,-0.936,False,False,1.0,False,False,0.0,1.0,-0.005152965932337583,-0.005152965932337583,1.3343471974712342
2023-10-31 00:00:00-04:00,243.02000427246094,393.4800109863281,-0.62678722610461,-3.6082403412711415,-0.521,False,False,1.0,False,False,0.0,1.0,0.007840636091199971,0.007840636091199971,1.3421878335624342
2023-11-01 00:00:00-04:00,244.86000061035156,395.2900085449219,-0.6259211425356422,-2.5603731710097293,-0.393,False,False,1.0,False,False,0.0,1.0,0.002128598304484942,0.002128598304484942,1.344316431866919
2023-11-02 00:00:00-04:00,250.36000061035156,403.5,-0.6252292921752415,-1.920018782358369,-0.325,False,False,1.0,False,False,0.0,1.0,0.001273982100843184,0.001273982100843184,1.3455904139677621
2023-11-03 00:00:00-04:00,243.52999877929688,407.92999267578125,-0.6223194476478964,-10.332768941705723,-1.107,False,False,1.0,False,False,0.0,1.0,-0.016913696229521442,-0.016913696229521442,1.3286767177382408
2023-11-06 00:00:00-05:00,237.0,407.95001220703125,-0.6181212890221099,-15.162587401995637,-1.489,False,False,1.0,False,False,0.0,1.0,-0.00987364648212712,-0.00987364648212712,1.3188030712561136
2023-11-07 00:00:00-05:00,242.0800018310547,413.69000244140625,-0.6146946649170423,-12.213035599195933,-1.174,False,False,1.0,False,False,0.0,1.0,0.005942207915218726,0.005942207915218726,1.3247452791713323
2023-11-08 00:00:00-05:00,241.0800018310547,409.6400146484375,-0.6119728652302985,-9.608571646331058,-0.924,False,False,1.0,False,False,0.0,1.0,0.005296117083592296,0.005296117083592296,1.3300413962549247
2023-11-09 00:00:00-05:00,242.58999633789062,406.5799865722656,-0.6103234339967738,-5.555297261256726,-0.559,False,False,1.0,False,False,0.0,1.0,0.008259594262304576,0.008259594262304576,1.3383009905172292
2023-11-10 00:00:00-05:00,253.50999450683594,413.6700134277344,-0.6103961294079037,1.0074194584313432,0.032,False,False,1.0,False,False,0.0,1.0,0.012969473713778228,0.012969473713778228,1.3512704642310074
2023-11-13 00:00:00-05:00,255.63999938964844,416.9800109863281,-0.6105060773593883,1.071168545110595,0.023,False,False,1.0,False,False,0.0,1.0,0.00012494704697680546,0.00012494704697680546,1.3513954112779842
2023-11-14 00:00:00-05:00,261.1700134277344,430.3299865722656,-0.6099964668376505,-1.3297579556412416,-0.197,False,False,1.0,False,True,0.0,1.0,-0.004584810066171492,-0.004584810066171492,1.3468106012118126
2023-11-15 00:00:00-05:00,256.17999267578125,432.19000244140625,-0.6081204013751597,-6.643565079217979,-0.667,False,False,1.0,False,False,0.0,1.0,-0.010238479330567585,-0.010238479330567585,1.336572121881245
2023-11-16 00:00:00-05:00,242.3000030517578,420.2799987792969,-0.6048946078198881,-11.925101984388021,-1.111,False,False,1.0,False,False,0.0,1.0,-0.010636998651506285,-0.010636998651506285,1.3259351232297387
2023-11-17 00:00:00-05:00,247.58999633789062,422.44000244140625,-0.6028896158478667,-7.094694452780658,-0.632,False,False,1.0,False,False,0.0,1.0,0.009617063442360923,0.009617063442360923,1.3355521866720996
2023-11-20 00:00:00-05:00,260.57000732421875,428.5799865722656,-0.6032189097382592,2.042455088458894,0.223,False,True,0.0,False,False,0.0,0.0,0.01760198901529185,0.01760198901529185,1.3531541756873915
2023-11-21 00:00:00-05:00,264.0299987792969,430.3699951171875,-0.604080459732276,4.051894273928895,0.427,False,False,0.0,False,False,0.0,0.0,0.0038347483042230407,0.0,1.3531541756873915
2023-11-22 00:00:00-05:00,263.1400146484375,428.6300048828125,-0.6048970069512467,3.8630076053259472,0.451,False,False,0.0,False,False,0.0,0.0,-0.000361563005721647,-0.0,1.3531541756873915
2023-11-24 00:00:00-05:00,266.0799865722656,431.760009765625,-0.6058673116702247,4.490710168856481,0.579,False,False,0.0,False,False,0.0,0.0,0.0011895757581003353,0.0,1.3531541756873915
2023-11-27 00:00:00-05:00,269.0899963378906,435.6700134277344,-0.6068849539675784,4.688420293745821,0.684,False,False,0.0,False,False,0.0,0.0,0.000370596528838434,0.0,1.3531541756873915
2023-11-28 00:00:00-05:00,277.8299865722656,427.7300109863281,-0.6108439788526796,16.55368478667657,2.037,False,False,0.0,True,False,-1.0,-1.0,0.022009137621215567,0.0,1.3531541756873915
2023-11-29 00:00:00-05:00,288.9100036621094,438.3500061035156,-0.6154636011359822,19.12153034765987,2.362,False,False,0.0,False,False,-1.0,-1.0,0.00459612056735755,-0.00459612056735755,1.348558055120034
2023-11-30 00:00:00-05:00,295.0899963378906,446.79998779296875,-0.6198311126650684,18.14946276543583,2.291,False,False,0.0,False,False,-1.0,-1.0,-0.001699328150153795,0.001699328150153795,1.3502573832701878
2023-12-01 00:00:00-05:00,296.1600036621094,466.6099853515625,-0.6212583290630275,6.274663838473941,1.005,False,False,0.0,False,False,-1.0,-1.0,-0.02026259411316479,0.02026259411316479,1.3705199773833525
2023-12-04 00:00:00-05:00,286.6099853515625,460.760009765625,-0.6212084259755881,0.3819849325619771,0.275,False,False,0.0,False,False,-1.0,-1.0,-0.01028681591006107,0.01028681591006107,1.3808067932934136
2023-12-05 00:00:00-05:00,292.7799987792969,456.92999267578125,-0.6230073483251435,8.109255672131155,1.137,False,False,0.0,False,False,-1.0,-1.0,0.013381696790838138,-0.013381696790838138,1.3674250965025756
2023-12-06 00:00:00-05:00,287.20001220703125,460.6700134277344,-0.6229268173448794,0.23630689626980939,0.209,False,False,0.0,False,False,-1.0,-1.0,-0.013712027659806579,0.013712027659806579,1.381137124162382
2023-12-07 00:00:00-05:00,293.6099853515625,464.6700134277344,-0.6236784459727315,3.8053134868248435,0.607,False,False,0.0,False,False,-1.0,-1.0,0.00611744416498578,-0.00611744416498578,1.3750196799973964
2023-12-08 00:00:00-05:00,298.4200134277344,489.6400146484375,-0.6220694490995311,-6.170080741705476,-0.584,False,False,0.0,False,True,0.0,0.0,-0.01654266504466975,0.01654266504466975,1.391562345042066
2023-12-11 00:00:00-05:00,299.8800048828125,502.739990234375,-0.6192212663095719,-11.427288494578988,-1.198,False,False,0.0,False,False,0.0,0.0,-0.008601631231274923,-0.0,1.391562345042066
2023-12-12 00:00:00-05:00,305.5799865722656,503.6499938964844,-0.61775683168038,-5.553237933069283,-0.5,False,False,0.0,False,False,0.0,0.0,0.009524768492061016,0.0,1.391562345042066
2023-12-13 00:00:00-05:00,313.8599853515625,504.5,-0.6180628990808816,2.047252765257724,0.367,False,True,0.0,False,False,0.0,0.0,0.01214770994550825,0.0,1.391562345042066
2023-12-14 00:00:00-05:00,300.44000244140625,489.29998779296875,-0.6175291744779392,-1.7170150924514473,-0.102,False,False,0.0,False,True,0.0,0.0,-0.006246741575097221,-0.0,1.391562345042066
2023-12-15 00:00:00-05:00,307.29998779296875,491.4599914550781,-0.6181654917487948,3.49638050028193,0.492,False,True,0.0,False,False,0.0,0.0,0.008531115893701525,0.0,1.391562345042066
2023-12-18 00:00:00-05:00,307.5799865722656,501.6300048828125,-0.6175343519879318,-2.1937734307450683,-0.21,False,False,0.0,False,True,0.0,0.0,-0.009217007206310322,-0.0,1.391562345042066
2023-12-19 00:00:00-05:00,308.6099853515625,506.8599853515625,-0.6165215769155974,-3.8801320927993856,-0.413,False,False,0.0,False,False,0.0,0.0,-0.0027151157349082043,-0.0,1.391562345042066
2023-12-20 00:00:00-05:00,300.9800109863281,505.1499938964844,-0.6143091139089881,-9.338234155351927,-1.032,False,False,0.0,False,False,0.0,0.0,-0.008928705436073735,-0.0,1.391562345042066
2023-12-21 00:00:00-05:00,299.3999938964844,511.0299987792969,-0.6112997916231636,-12.992537870485364,-1.385,False,False,0.0,False,False,0.0,0.0,-0.005973109447799404,-0.0,1.391562345042066
2023-12-22 00:00:00-05:00,298.2099914550781,510.0,-0.6084943412429717,-12.122122578837491,-1.269,False,False,0.0,False,False,0.0,0.0,0.0014303287871074287,0.0,1.391562345042066
2023-12-26 00:00:00-05:00,300.82000732421875,506.32000732421875,-0.6069283475856895,-6.479958070643534,-0.675,False,False,0.0,False,False,0.0,0.0,0.009278045059046822,0.0,1.391562345042066
2023-12-27 00:00:00-05:00,297.5,508.80999755859375,-0.6045958449699559,-10.124410403099205,-1.126,False,False,0.0,False,False,0.0,0.0,-0.006022649673028305,-0.0,1.391562345042066
2023-12-28 00:00:00-05:00,295.5799865722656,509.2200012207031,-0.6020784266959321,-11.010390604795987,-1.22,False,False,0.0,False,False,0.0,0.0,-0.0014713115341318918,-0.0,1.391562345042066
2023-12-29 00:00:00-05:00,294.8800048828125,511.2900085449219,-0.5994429272788103,-11.6091745277634,-1.245,False,False,0.0,False,False,0.0,0.0,-0.000995701041234741,-0.0,1.391562345042066
2024-01-02 00:00:00-05:00,288.9200134277344,505.3800048828125,-0.5966089044815284,-12.594197632269868,-1.281,False,False,0.0,False,False,0.0,0.0,-0.0016683028585632454,-0.0,1.391562345042066
2024-01-03 00:00:00-05:00,286.4700012207031,498.0199890136719,-0.5944228987535302,-9.564484286004927,-0.89,False,False,0.0,False,False,0.0,0.0,0.005201184566467942,0.0,1.391562345042066
2024-01-04 00:00:00-05:00,283.29998779296875,496.0,-0.5920745148938887,-10.36897159440008,-0.937,False,False,0.0,False,False,0.0,0.0,-0.0013943338065708795,-0.0,1.391562345042066
2024-01-05 00:00:00-05:00,282.92999267578125,491.1000061035156,-0.5904319107795423,-7.031122311762374,-0.565,False,False,0.0,False,False,0.0,0.0,0.0058263241268518414,0.0,1.391562345042066
2024-01-08 00:00:00-05:00,289.5,491.4800109863281,-0.5901640363724401,-0.5538270800626037,0.119,False,True,0.0,False,False,0.0,0.0,0.011176347957762624,0.0,1.391562345042066
2024-01-09 00:00:00-05:00,300.4200134277344,485.7099914550781,-0.5926785987146678,12.550096310425431,1.49,False,False,0.0,False,False,0.0,0.0,0.022274600855988497,0.0,1.391562345042066
2024-01-10 00:00:00-05:00,316.0899963378906,484.1000061035156,-0.5981759333272494,26.513023363193042,2.616,False,False,0.0,True,False,-1.0,-1.0,0.02305380309679933,0.0,1.391562345042066
2024-01-11 00:00:00-05:00,323.489990234375,485.4800109863281,-0.6044537785867359,30.03976316535892,2.576,False,False,0.0,False,False,-1.0,-1.0,0.00571650170186837,-0.00571650170186837,1.3858458433401977
2024-01-12 00:00:00-05:00,325.239990234375,479.94000244140625,-0.6111454633818029,31.926835046858173,2.416,False,False,0.0,False,False,-1.0,-1.0,0.0030507837450444975,-0.0030507837450444975,1.3827950595951533
2024-01-16 00:00:00-05:00,332.04998779296875,470.7300109863281,-0.6196488845124594,40.36266157875281,2.652,False,False,0.0,False,False,-1.0,-1.0,0.013524646261258409,-0.013524646261258409,1.3692704133338949
2024-01-17 00:00:00-05:00,330.05999755859375,468.3999938964844,-0.6273149149189249,36.22569523939575,2.13,False,False,0.0,False,False,-1.0,-1.0,-0.0066308769613176565,0.0066308769613176565,1.3759012902952124
2024-01-18 00:00:00-05:00,335.7699890136719,477.45001220703125,-0.6342957659566183,32.925467814816216,1.808,False,False,0.0,False,False,-1.0,-1.0,-0.005167792732240353,0.005167792732240353,1.3810690830274528
2024-01-19 00:00:00-05:00,337.739990234375,484.0199890136719,-0.6401976458319395,27.871532732221056,1.45,False,False,0.0,False,False,-1.0,-1.0,-0.007803998079795414,0.007803998079795414,1.3888730811072483
2024-01-22 00:00:00-05:00,345.6499938964844,481.8900146484375,-0.6473436496954655,33.7015530621635,1.713,False,False,0.0,True,False,-1.0,-1.0,0.008865623794145771,-0.008865623794145771,1.3800074573131025
2024-01-23 00:00:00-05:00,344.17999267578125,477.0,-0.654169156430176,32.14130505858731,1.52,False,False,0.0,False,False,-1.0,-1.0,-0.002377634240585171,0.002377634240585171,1.3823850915536875
2024-01-24 00:00:00-05:00,340.239990234375,474.8399963378906,-0.6598755036404671,26.904708502271887,1.156,False,False,0.0,False,False,-1.0,-1.0,-0.008012231767214113,0.008012231767214113,1.3903973233209017
2024-01-25 00:00:00-05:00,340.19000244140625,474.29998779296875,-0.6651132210322165,24.726809824883844,0.993,False,False,0.0,False,False,-1.0,-1.0,-0.0033217235785690333,0.0033217235785690333,1.3937190468994707
2024-01-26 00:00:00-05:00,342.44000244140625,478.0299987792969,-0.6698203752916424,22.24576925839426,0.816,False,False,0.0,False,False,-1.0,-1.0,-0.003744208242050202,0.003744208242050202,1.397463255141521
2024-01-29 00:00:00-05:00,345.25,481.989990234375,-0.6741138566138325,20.33386883384202,0.682,False,False,0.0,False,False,-1.0,-1.0,-0.002852875332904902,0.002852875332904902,1.4003161304744258
2024-01-30 00:00:00-05:00,345.8900146484375,481.3999938964844,-0.6782026553158007,19.40326051883153,0.593,False,False,0.0,False,False,-1.0,-1.0,-0.0013840578054202359,0.0013840578054202359,1.4017001882798459
2024-01-31 00:00:00-05:00,338.510009765625,453.82000732421875,-0.6841536398411724,28.027399922013217,0.997,False,False,0.0,False,False,-1.0,-1.0,0.01328850150618715,-0.01328850150618715,1.388411686773659
2024-02-01 00:00:00-05:00,339.9700012207031,461.94000244140625,-0.6887973503149804,21.786951534566924,0.62,False,False,0.0,False,False,-1.0,-1.0,-0.00948175865605707,0.00948175865605707,1.3978934454297158
2024-02-02 00:00:00-05:00,345.05999755859375,462.3999938964844,-0.6939653318583171,24.17043234293618,0.71,False,False,0.0,False,False,-1.0,-1.0,0.003579071061237752,-0.003579071061237752,1.394314374368478
2024-02-05 00:00:00-05:00,344.4800109863281,456.7300109863281,-0.699349157347686,25.06626266764016,0.716,False,False,0.0,False,False,-1.0,-1.0,0.0013493579539620335,-0.0013493579539620335,1.3929650164145162
2024-02-06 00:00:00-05:00,341.489990234375,456.5400085449219,-0.7036930817986136,20.22594465703355,0.429,False,False,0.0,False,False,-1.0,-1.0,-0.007303339925615644,0.007303339925615644,1.4002683563401317
2024-02-07 00:00:00-05:00,364.5,457.75,-0.7120787901598016,38.54593380435085,1.326,False,False,0.0,False,False,-1.0,-1.0,0.02653324825539675,-0.02653324825539675,1.373735108084735
2024-02-08 00:00:00-05:00,367.0199890136719,472.9800109863281,-0.718060870659481,27.39155052029821,0.692,False,False,0.0,False,False,-1.0,-1.0,-0.015784912057900856,0.015784912057900856,1.3895200201426359
2024-02-09 00:00:00-05:00,376.8999938964844,470.239990234375,-0.7258293094192684,35.58602652334446,1.065,False,False,0.0,False,False,-1.0,-1.0,0.011409519230955139,-0.011409519230955139,1.3781105009116807
2024-02-12 00:00:00-05:00,371.9700012207031,466.0799865722656,-0.7325057237154865,30.563743347281445,0.749,False,False,0.0,False,False,-1.0,-1.0,-0.007040160240881185,0.007040160240881185,1.385150661152562
2024-02-13 00:00:00-05:00,368.260009765625,456.2300109863281,-0.7392717132734594,30.982067896992987,0.726,False,False,0.0,False,False,-1.0,-1.0,0.0005929157301071692,-0.0005929157301071692,1.3845577454224547
2024-02-14 00:00:00-05:00,368.3299865722656,460.7099914550781,-0.7447768845452393,25.20383445748871,0.354,False,False,0.0,False,False,-1.0,-1.0,-0.008121700165758248,0.008121700165758248,1.392679445588213
2024-02-15 00:00:00-05:00,366.8800048828125,458.9800109863281,-0.7497385889217197,22.76497910264743,0.161,False,False,0.0,False,False,-1.0,-1.0,-0.0034302002822257905,0.0034302002822257905,1.3961096458704387
2024-02-16 00:00:00-05:00,366.4100036621094,449.6000061035156,-0.7555808481243919,26.7008497336833,0.356,False,False,0.0,False,False,-1.0,-1.0,0.005573946817228548,-0.005573946817228548,1.3905356990532103
2024-02-20 00:00:00-05:00,366.0899963378906,444.6000061035156,-0.7616244424884757,27.471764558927646,0.358,False,False,0.0,False,False,-1.0,-1.0,0.0010939489486371018,-0.0010939489486371018,1.389441750104573
2024-02-21 00:00:00-05:00,261.9700012207031,443.4599914550781,-0.7460806213805401,-68.88690476151055,-4.415,True,False,1.0,False,True,0.0,1.0,-0.1625409848130525,0.1625409848130525,1.5519827349176256
2024-02-22 00:00:00-05:00,267.82000732421875,455.260009765625,-0.7311408906119102,-65.03920167580725,-3.422,False,False,1.0,False,False,0.0,1.0,0.006405587177210279,0.006405587177210279,1.558388322094836
2024-02-23 00:00:00-05:00,282.0899963378906,457.8900146484375,-0.7201104996349472,-47.641410888449,-2.461,False,False,1.0,False,False,0.0,1.0,0.028436061056389298,0.028436061056389298,1.5868243831512252
2024-02-26 00:00:00-05:00,302.7799987792969,468.25,-0.7128606486369045,-31.016999944933616,-1.747,False,False,1.0,False,False,0.0,1.0,0.026115318349094557,0.026115318349094557,1.6129397015003197
2024-02-27 00:00:00-05:00,314.75,467.8399963378906,-0.7088437464244317,-16.87545573134281,-1.199,False,False,1.0,False,False,0.0,1.0,0.02187821967588532,0.02187821967588532,1.634817921176205
2024-02-28 00:00:00-05:00,316.1499938964844,464.1400146484375,-0.706058197755166,-11.559868352247747,-0.971,False,False,1.0,False,False,0.0,1.0,0.008255814255790755,0.008255814255790755,1.643073735431996
2024-02-29 00:00:00-05:00,310.54998779296875,467.0899963378906,-0.7019843333456057,-17.339871898686795,-1.108,False,False,1.0,False,False,0.0,1.0,-0.009053325178889697,-0.009053325178889697,1.6340204102531062
2024-03-01 00:00:00-05:00,302.3999938964844,458.5,-0.6978519782593471,-17.565138135426253,-1.054,False,False,1.0,False,False,0.0,1.0,-0.00036195189504460663,-0.00036195189504460663,1.6336584583580616
2024-03-04 00:00:00-05:00,299.44000244140625,450.7900085449219,-0.6945908649691489,-13.674619513261064,-0.871,False,False,1.0,False,False,0.0,1.0,0.006351300712162458,0.006351300712162458,1.640009759070224
2024-03-05 00:00:00-05:00,291.1300048828125,446.05999755859375,-0.6905984590216346,-16.918342062346426,-0.924,False,False,1.0,False,False,0.0,1.0,-0.0054136177303292475,-0.0054136177303292475,1.6345961413398948
2024-03-06 00:00:00-05:00,278.8599853515625,448.5400085449219,-0.6840844241263523,-27.979248091519537,-1.22,False,False,1.0,False,False,0.0,1.0,-0.01888495950521532,-0.01888495950521532,1.6157111818346794
2024-03-07 00:00:00-05:00,286.489990234375,457.2799987792969,-0.6784865199451537,-23.7683247779143,-1.018,False,False,1.0,False,False,0.0,1.0,0.0070564478802577595,0.0070564478802577595,1.6227676297149372
2024-03-08 00:00:00-05:00,280.20001220703125,460.3900146484375,-0.671698765080092,-29.043392087529696,-1.123,False,False,1.0,False,False,0.0,1.0,-0.008949234416635725,-0.008949234416635725,1.6138183952983014
2024-03-11 00:00:00-04:00,283.3299865722656,457.760009765625,-0.666547393687789,-21.78875487150856,-0.834,False,False,1.0,False,False,0.0,1.0,0.012328410056183165,0.012328410056183165,1.6261468053544847
2024-03-12 00:00:00-04:00,284.7300109863281,465.2799987792969,-0.6611592927267901,-22.894183926513563,-0.82,False,False,1.0,False,False,0.0,1.0,-0.0018661622454879128,-0.0018661622454879128,1.6242806431089967
2024-03-13 00:00:00-04:00,290.1199951171875,465.54998779296875,-0.6573575491007951,-15.912803842303504,-0.551,False,False,1.0,False,False,0.0,1.0,0.011710722743525545,0.011710722743525545,1.6359913658525223
2024-03-14 00:00:00-04:00,287.5799865722656,470.010009765625,-0.6528199052996781,-19.25190349283048,-0.622,False,False,1.0,False,False,0.0,1.0,-0.005617484747136185,-0.005617484747136185,1.630373881105386
2024-03-15 00:00:00-04:00,282.1600036621094,464.94000244140625,-0.6482845148329327,-19.253400247040247,-0.583,False,False,1.0,False,False,0.0,1.0,-2.5648087975721352e-06,-2.5648087975721352e-06,1.6303713162965885
2024-03-18 00:00:00-04:00,285.239990234375,459.57000732421875,-0.6455196216401328,-11.421467010707715,-0.292,False,False,1.0,False,False,0.0,1.0,0.013459209064107053,0.013459209064107053,1.6438305253606955
2024-03-19 00:00:00-04:00,280.5799865722656,467.2699890136719,-0.6410663915880007,-18.971099182093724,-0.511,False,False,1.0,False,False,0.0,1.0,-0.013013666275636795,-0.013013666275636795,1.6308168590850587
2024-03-20 00:00:00-04:00,282.04998779296875,469.04998779296875,-0.637096937508811,-16.78032296847681,-0.398,False,False,1.0,False,False,0.0,1.0,0.0037714761872091477,0.0037714761872091477,1.6345883352722679
2024-03-21 00:00:00-04:00,287.6300048828125,478.8399963378906,-0.6333893978101957,-15.662172045080354,-0.326,False,False,1.0,False,False,0.0,1.0,0.001892213489042187,0.001892213489042187,1.63648054876131
2024-03-22 00:00:00-04:00,286.8500061035156,394.06500244140625,-0.640900275551221,34.29363745372578,1.386,False,True,0.0,False,False,0.0,0.0,0.0926125678838207,0.0926125678838207,1.7290931166451307
