Date,y,x,hr,spread,zScore,long entry,long exit,num units long,short entry,short exit,num units short,numUnits,spread pct ch,port rets,cum rets
2004-01-20 00:00:00-05:00,57.06944274902344,10.065884590148926,-4.48345053253936,11.939547122840501,,False,False,,False,False,,,,,
2004-01-21 00:00:00-05:00,57.77153396606445,10.310544967651367,-4.750146708485315,8.794932725285484,,False,False,,False,False,,,-0.02945826071304918,,
2004-01-22 00:00:00-05:00,58.50703048706055,10.350151062011719,-4.859928316202184,8.206038263819693,,False,False,,False,False,,,-0.005412233829794961,,
2004-01-23 00:00:00-05:00,59.275962829589844,10.417723655700684,-4.926363949582944,7.95446457542856,,False,False,,False,False,,,-0.002274678694483105,,
2004-01-26 00:00:00-05:00,60.37926483154297,10.403740882873535,-4.978914112196439,8.579932530168882,,False,False,,False,False,,,0.005575644291568601,,
2004-01-27 00:00:00-05:00,61.599571228027344,10.357142448425293,-5.027867956017353,9.525226595682703,,False,False,,False,False,,,0.00831583972769043,,
2004-01-28 00:00:00-05:00,61.43238830566406,10.508598327636719,-5.068800084319575,8.166404216458517,,False,False,,False,False,,,-0.011846919453627449,,
2004-01-29 00:00:00-05:00,61.14821243286133,10.664713859558105,-5.100435870450966,6.753523315475604,,False,False,,False,False,,,-0.012228193009057177,,
2004-01-30 00:00:00-05:00,61.850284576416016,10.587821006774902,-5.128647678737856,7.5490809471280045,,False,False,,False,False,,,0.006849310705717945,,
2004-02-02 00:00:00-05:00,60.29569625854492,10.53888988494873,-5.150512097517532,6.015016411711336,,False,False,,False,False,,,-0.01338901253087071,,
2004-02-03 00:00:00-05:00,61.68311309814453,10.573841094970703,-5.170622497130547,7.009772451405517,,False,False,,False,False,,,0.008549212421643804,,
2004-02-04 00:00:00-05:00,61.34881591796875,10.485299110412598,-5.189273740224485,6.937728585905504,,False,False,,False,False,,,-0.0006223559581283066,,
2004-02-05 00:00:00-05:00,60.529693603515625,10.471315383911133,-5.20480151074352,6.0285754738631,,False,False,,False,False,,,-0.007903561648780899,,
2004-02-06 00:00:00-05:00,61.933868408203125,10.559859275817871,-5.2198219744420555,6.813282913273227,,False,False,,False,False,,,0.006703781131297251,,
2004-02-09 00:00:00-05:00,62.01749801635742,10.583160400390625,-5.2340253725466015,6.624967958982438,,False,False,,False,False,,,-0.0016039086045744632,,
2004-02-10 00:00:00-05:00,62.602500915527344,10.601799011230469,-5.2483015730403695,6.961062487828642,,False,False,,False,False,,,0.002842382710801131,,
2004-02-11 00:00:00-05:00,62.21805191040039,10.76956558227539,-5.25973292624778,5.573013215921669,,False,False,,False,False,,,-0.011677714796438208,,
2004-02-12 00:00:00-05:00,61.850284576416016,10.676362037658691,-5.269111341641978,5.595344276312744,,False,False,,False,False,,,0.00018907766709239267,,
2004-02-13 00:00:00-05:00,61.36552047729492,10.636752128601074,-5.276270572869654,5.2431382302484195,,False,False,,False,False,,,-0.002997806905198536,,
2004-02-17 00:00:00-05:00,62.51893997192383,10.736946105957031,-5.282925716781215,5.7964512690695,,False,False,,False,False,,,0.004640275154117782,,
2004-02-18 00:00:00-05:00,62.970279693603516,10.825480461120605,-5.289040013376284,5.71388037071349,,False,False,,False,False,,,-0.0006867934723929524,,
2004-02-19 00:00:00-05:00,63.973262786865234,10.811505317687988,-5.296717113162564,6.707777551619202,,False,False,,False,False,,,0.00819785091086925,,
2004-02-20 00:00:00-05:00,63.973262786865234,10.697335243225098,-5.3064910106669645,7.207949480600348,,False,False,,False,False,,,0.004142602515001876,,
2004-02-23 00:00:00-05:00,64.00666809082031,10.690347671508789,-5.317675621940358,7.158866887971151,,False,False,,False,False,,,-0.00040612972706809597,,
2004-02-24 00:00:00-05:00,63.638954162597656,10.741606712341309,-5.32839852458434,6.403392804892981,,False,False,,False,False,,,-0.006250069171539129,,
2004-02-25 00:00:00-05:00,63.35474395751953,10.781211853027344,-5.337616401151499,5.808770746511833,,False,False,,False,False,,,-0.004918267420633131,,
2004-02-26 00:00:00-05:00,63.95653533935547,10.799856185913086,-5.346521840838988,6.214868363451103,,False,False,,False,False,,,0.003336923711389526,,
2004-02-27 00:00:00-05:00,64.10701751708984,10.983929634094238,-5.353432395499063,5.30529278404758,,False,False,,False,False,,,-0.007400414020610849,,
2004-03-01 00:00:00-05:00,64.12373352050781,11.028202056884766,-5.358347322092564,5.030796561503621,,False,False,,False,False,,,-0.002227752312051002,,
2004-03-02 00:00:00-05:00,63.18756103515625,11.067813873291016,-5.359548074028577,3.869080506852619,,False,False,,False,False,,,-0.009482928677025423,,
2004-03-03 00:00:00-05:00,63.237735748291016,10.967621803283691,-5.359198006965375,4.4600788389830655,,False,False,,False,False,,,0.004843637505547461,,
2004-03-04 00:00:00-05:00,63.13747024536133,10.927538871765137,-5.357973263085195,4.5880091391195705,,False,False,,False,False,,,0.0010513068142614457,,
2004-03-05 00:00:00-05:00,63.85623550415039,10.97705078125,-5.357012564562927,5.052036547148845,,False,False,,False,False,,,0.00378302433109543,,
2004-03-08 00:00:00-05:00,63.35474395751953,10.932252883911133,-5.355765578996298,4.804160260985277,-1.103,False,False,,False,False,,,-0.0020333507233334155,,
2004-03-09 00:00:00-05:00,62.65266418457031,10.859172821044922,-5.353756097130199,4.515301484110523,-1.366,False,False,,False,False,,,-0.0023914124727341486,,
2004-03-10 00:00:00-05:00,62.38520812988281,10.847378730773926,-5.3508628152421585,4.342372636535934,-1.423,False,False,,False,False,,,-0.0014359516469072012,,
2004-03-11 00:00:00-05:00,61.616249084472656,10.668200492858887,-5.347763429282597,4.565236632507329,-1.19,False,False,,False,False,,,0.001878057967175402,,
2004-03-12 00:00:00-05:00,61.933868408203125,10.632840156555176,-5.345531873682381,5.095682443567476,-0.743,False,False,,False,False,,,0.004466082647648904,,
2004-03-15 00:00:00-05:00,61.90044403076172,10.691778182983398,-5.343304222695118,4.77102051750699,-0.951,False,False,,False,False,,,-0.002727566893581799,,
2004-03-16 00:00:00-05:00,63.1040153503418,10.720073699951172,-5.343100862475415,5.825580318332676,-0.012,False,False,,False,False,,,0.008760079209853775,,
2004-03-17 00:00:00-05:00,63.789398193359375,10.995911598205566,-5.342859741296891,5.0397847964473,-0.715,False,False,,False,True,0.0,,-0.006412615147515695,,
2004-03-18 00:00:00-05:00,63.622215270996094,10.953474044799805,-5.342709170074451,5.100989047671696,-0.611,False,False,,False,False,0.0,,0.000501085039651858,,
2004-03-19 00:00:00-05:00,62.686092376708984,10.981766700744629,-5.340578841638462,4.037101490902401,-1.62,True,False,1.0,False,False,0.0,1.0,-0.00876817758032532,,
2004-03-22 00:00:00-05:00,62.2347526550293,10.835597038269043,-5.337710214692838,4.39747566156516,-1.173,False,False,1.0,False,False,0.0,1.0,0.0030013165573842737,0.0030013165573842737,1.0030013165573843
2004-03-23 00:00:00-05:00,62.351810455322266,10.889820098876953,-5.3340516066396075,4.2649480608913635,-1.241,False,False,1.0,False,False,0.0,1.0,-0.0011003741367951161,-0.0011003741367951161,1.0019009424205891
2004-03-24 00:00:00-05:00,61.90044403076172,10.908679008483887,-5.328870091740748,3.7695107220518196,-1.645,True,False,1.0,False,False,0.0,1.0,-0.004127565223536115,-0.004127565223536115,0.9977733771970531
2004-03-25 00:00:00-05:00,61.80014419555664,10.927538871765137,-5.32233794138357,3.640089452417243,-1.644,False,False,1.0,False,False,0.0,1.0,-0.0010788684145206827,-0.0010788684145206827,0.9966945087825324
2004-03-26 00:00:00-05:00,61.1816520690918,10.965264320373535,-5.313442086742963,2.918355136958077,-2.152,False,False,1.0,False,False,0.0,1.0,-0.006042401302810727,-0.006042401302810727,0.9906521074797217
2004-03-29 00:00:00-05:00,62.08562469482422,11.01005744934082,-5.304307344027284,3.6848961081234037,-1.344,False,False,1.0,False,False,0.0,1.0,0.006362056368112069,0.006362056368112069,0.9970141638478337
2004-03-30 00:00:00-05:00,62.320865631103516,11.11614990234375,-5.294576182732644,3.4655631144684875,-1.478,False,False,1.0,False,False,0.0,1.0,-0.0018100340768945956,-0.0018100340768945956,0.9952041297709391
2004-03-31 00:00:00-05:00,62.50571823120117,11.076066970825195,-5.285384426390472,3.9644463579437925,-0.943,False,False,1.0,False,False,0.0,1.0,0.00412140147429349,0.00412140147429349,0.9993255312452326
2004-04-01 00:00:00-05:00,64.1859359741211,11.179805755615234,-5.278897757366602,5.168884443009603,0.22,False,True,0.0,False,False,0.0,0.0,0.009776046096403758,0.009776046096403758,1.0091015773416363
2004-04-02 00:00:00-05:00,64.2531509399414,11.127939224243164,-5.275113150241714,5.552012403045708,0.577,False,False,0.0,False,False,0.0,0.0,0.003116019470864266,0.0,1.0091015773416363
2004-04-05 00:00:00-04:00,64.21954345703125,11.11614990234375,-5.273374565864156,5.599921291678399,0.631,False,False,0.0,False,False,0.0,0.0,0.00039001313945721323,0.0,1.0091015773416363
2004-04-06 00:00:00-04:00,63.799503326416016,11.090217590332031,-5.2725865762167405,5.32537093230858,0.381,False,False,0.0,False,False,0.0,0.0,-0.0022453765912166784,-0.0,1.0091015773416363
2004-04-07 00:00:00-04:00,63.614646911621094,11.057210922241211,-5.272466461716234,5.315873163981884,0.43,False,False,0.0,False,False,0.0,0.0,-7.790584724254228e-05,-0.0,1.0091015773416363
2004-04-08 00:00:00-04:00,62.992977142333984,10.986477851867676,-5.272353500582724,5.068382180964882,0.268,False,False,0.0,False,False,0.0,0.0,-0.002046774333218874,-0.0,1.0091015773416363
2004-04-12 00:00:00-04:00,63.51383972167969,10.847378730773926,-5.274599102660076,6.298265602125539,1.772,False,False,0.0,True,False,-1.0,-1.0,0.010187106704402834,0.0,1.0091015773416363
2004-04-13 00:00:00-04:00,62.53931427001953,10.630481719970703,-5.278776866077191,6.423373291381715,1.917,False,False,0.0,False,False,-1.0,-1.0,0.0010543796732306234,-0.0010543796732306234,1.0080471976684058
2004-04-14 00:00:00-04:00,61.58154296875,10.514957427978516,-5.283586114678295,6.024859905849318,1.424,False,False,0.0,False,False,-1.0,-1.0,-0.0034020780323642474,0.0034020780323642474,1.01144927570077
2004-04-15 00:00:00-04:00,61.01026153564453,10.684710502624512,-5.286015828430381,4.53071269657503,-0.279,False,False,0.0,False,True,0.0,0.0,-0.012717249304505272,0.012717249304505272,1.0241665250052752
2004-04-16 00:00:00-04:00,63.11058044433594,10.713000297546387,-5.290354595466632,6.435010088976014,1.904,False,True,0.0,True,False,-1.0,-1.0,0.015897475456785604,0.0,1.0241665250052752
2004-04-19 00:00:00-04:00,62.53931427001953,10.621051788330078,-5.295801554164636,6.29233170251802,1.626,False,False,0.0,False,False,-1.0,-1.0,-0.0012011350657151452,0.0012011350657151452,1.0253676600709904
2004-04-20 00:00:00-04:00,60.657379150390625,10.538534164428711,-5.299226826300291,4.811296196367877,-0.052,False,False,0.0,False,False,-1.0,-1.0,-0.01271237334408827,0.01271237334408827,1.0380800334150786
2004-04-21 00:00:00-04:00,61.295902252197266,10.49138355255127,-5.30280995058045,5.662089154372325,0.863,False,True,0.0,False,False,-1.0,-1.0,0.007276105611457695,-0.007276105611457695,1.030803927803621
2004-04-22 00:00:00-04:00,61.749568939208984,10.632840156555176,-5.305886277687593,5.332928259697276,0.469,False,False,0.0,False,False,-1.0,-1.0,-0.002785575468123509,0.002785575468123509,1.0335895032717444
2004-04-23 00:00:00-04:00,59.64924240112305,10.578618049621582,-5.305148664849784,3.5281009792172853,-1.453,False,False,0.0,False,True,0.0,0.0,-0.015589714924318824,0.015589714924318824,1.0491792181960633
2004-04-26 00:00:00-04:00,58.38905715942383,10.564469337463379,-5.2994922442121295,2.402733841319794,-2.36,True,False,1.0,False,False,0.0,1.0,-0.009839242791577862,-0.0,1.0491792181960633
2004-04-27 00:00:00-04:00,58.55707550048828,10.500816345214844,-5.291392057709507,2.9931392919522892,-1.66,False,False,1.0,False,False,0.0,1.0,0.0051735034748715625,0.0051735034748715625,1.054352721670935
2004-04-28 00:00:00-04:00,58.641082763671875,10.517313957214355,-5.2817003919633585,3.09178151345111,-1.482,False,False,1.0,False,False,0.0,1.0,0.0008638400015085328,0.0008638400015085328,1.0552165616724434
2004-04-29 00:00:00-04:00,60.11972427368164,10.10944652557373,-5.277874614568782,6.763333089015475,1.721,False,True,0.0,True,False,-1.0,-1.0,0.03235528076313146,0.03235528076313146,1.087571842435575
2004-04-30 00:00:00-04:00,61.01026153564453,10.114163398742676,-5.279896726255673,7.608523317808121,2.205,False,False,0.0,False,False,-1.0,-1.0,0.007387251604846905,-0.007387251604846905,1.080184590830728
2004-05-03 00:00:00-04:00,62.102413177490234,10.0787992477417,-5.28843800605357,8.801308180348897,2.696,False,False,0.0,False,False,-1.0,-1.0,0.010335775558729705,-0.010335775558729705,1.0698488152719983
2004-05-04 00:00:00-04:00,61.968021392822266,9.9656400680542,-5.302343646014344,9.12677309950913,2.562,False,False,0.0,False,False,-1.0,-1.0,0.002834831369017378,-0.002834831369017378,1.0670139839029809
2004-05-05 00:00:00-04:00,61.83358383178711,9.9208402633667,-5.320034388416329,9.054372468690957,2.242,False,False,0.0,False,False,-1.0,-1.0,-0.0006316976276083794,0.0006316976276083794,1.0676456815305893
2004-05-06 00:00:00-04:00,61.49753952026367,9.857185363769531,-5.340129043255914,8.85889767444089,1.939,False,False,0.0,False,False,-1.0,-1.0,-0.001712645297139311,0.001712645297139311,1.0693583268277285
2004-05-07 00:00:00-04:00,59.582008361816406,9.562483787536621,-5.360925319606731,8.318246906882457,1.529,False,False,0.0,False,False,-1.0,-1.0,-0.004877504738811713,0.004877504738811713,1.0742358315665403
2004-05-10 00:00:00-04:00,58.27144241333008,9.468177795410156,-5.38038825156248,7.328969839200532,0.951,False,False,0.0,False,False,-1.0,-1.0,-0.00905815955590932,0.00905815955590932,1.0832939911224495
2004-05-11 00:00:00-04:00,58.7755012512207,9.46346378326416,-5.3995710974361995,7.676855725473317,1.068,False,False,0.0,False,False,-1.0,-1.0,0.0031662215041264727,-0.0031662215041264727,1.0801277696183231
2004-05-12 00:00:00-04:00,58.305023193359375,9.51533031463623,-5.4168547842313135,6.7618606549808575,0.554,False,False,0.0,False,False,-1.0,-1.0,-0.008329632978436113,0.008329632978436113,1.0884574025967593
2004-05-13 00:00:00-04:00,58.977115631103516,9.567198753356934,-5.433209284498619,6.996522537721013,0.633,False,False,0.0,False,False,-1.0,-1.0,0.002114876788983033,-0.002114876788983033,1.0863425258077761
2004-05-14 00:00:00-04:00,59.22919464111328,9.633209228515625,-5.448416932772299,6.743454363530368,0.455,False,False,0.0,False,False,-1.0,-1.0,-0.0022653029729178343,0.0022653029729178343,1.088607828780694
2004-05-17 00:00:00-04:00,58.38905715942383,9.508259773254395,-5.462211325742262,6.452932937854115,0.257,False,False,0.0,False,False,-1.0,-1.0,-0.002633319266187977,0.002633319266187977,1.091241148046882
2004-05-18 00:00:00-04:00,58.72509765625,9.583699226379395,-5.47461057443932,6.258076529267434,0.106,False,False,0.0,False,False,-1.0,-1.0,-0.0017524300347810657,0.0017524300347810657,1.092993578081663
2004-05-19 00:00:00-04:00,58.641082763671875,9.524761199951172,-5.4862188976094455,6.386157873282535,0.142,False,False,0.0,False,False,-1.0,-1.0,0.0011549680346893008,-0.0011549680346893008,1.0918386100469737
2004-05-20 00:00:00-04:00,58.28824234008789,9.524761199951172,-5.496389916395528,5.936440924600902,-0.139,False,False,0.0,False,False,-1.0,-1.0,-0.004064685202720494,0.004064685202720494,1.0959032952496943
2004-05-21 00:00:00-04:00,58.523468017578125,9.494109153747559,-5.506093207965395,6.248018090446607,0.035,False,False,0.0,False,False,-1.0,-1.0,0.002812095746288666,-0.002812095746288666,1.0930911995034056
2004-05-24 00:00:00-04:00,58.50667953491211,9.633209228515625,-5.513826475584888,5.390835445873982,-0.472,False,False,0.0,False,True,0.0,0.0,-0.007679298198456996,0.007679298198456996,1.1007704977018626
2004-05-25 00:00:00-04:00,59.22919464111328,9.824173927307129,-5.519366710818633,5.00597610544196,-0.693,False,False,0.0,False,False,0.0,0.0,-0.0033922534537218214,-0.0,1.1007704977018626
2004-05-26 00:00:00-04:00,59.850860595703125,9.86896800994873,-5.523905267299405,5.335616222738004,-0.498,False,False,0.0,False,False,0.0,0.0,0.002882323546704267,0.0,1.1007704977018626
2004-05-27 00:00:00-04:00,60.069313049316406,9.831247329711914,-5.528430875218705,5.7179417698256145,-0.284,False,False,0.0,False,False,0.0,0.0,0.003341402381311874,0.0,1.1007704977018626
2004-05-28 00:00:00-04:00,59.91807556152344,9.939699172973633,-5.531441500625224,4.937211052406866,-0.72,False,False,0.0,False,False,0.0,0.0,-0.00679493402583831,-0.0,1.1007704977018626
2004-06-01 00:00:00-04:00,60.606998443603516,9.821818351745605,-5.53582946265738,6.235087035141248,0.051,False,False,0.0,False,False,0.0,0.0,0.011287948236804958,0.0,1.1007704977018626
2004-06-02 00:00:00-04:00,60.321372985839844,9.880760192871094,-5.539976918604041,5.58218957907237,-0.327,False,False,0.0,False,True,0.0,0.0,-0.005674381182731939,-0.0,1.1007704977018626
2004-06-03 00:00:00-04:00,60.657379150390625,9.821818351745605,-5.545124591271863,6.19417267712079,0.006,False,False,0.0,False,False,0.0,0.0,0.005316017936609942,0.0,1.1007704977018626
2004-06-04 00:00:00-04:00,61.39671325683594,9.783594131469727,-5.552702819216549,7.071322540953503,0.519,False,True,0.0,False,False,0.0,0.0,0.007579795334861024,0.0,1.1007704977018626
2004-06-07 00:00:00-04:00,62.0015983581543,9.8767671585083,-5.56207625170827,7.066266302163108,0.5,False,False,0.0,False,False,0.0,0.0,-4.323902442528582e-05,-0.0,1.1007704977018626
2004-06-08 00:00:00-04:00,62.270423889160156,9.79554271697998,-5.573933749776172,7.670717741611263,0.81,False,False,0.0,False,False,0.0,0.0,0.0051719925292997996,0.0,1.1007704977018626
2004-06-09 00:00:00-04:00,62.08562469482422,9.776423454284668,-5.587222309076176,7.462573468069351,0.652,False,False,0.0,False,False,0.0,0.0,-0.0017834515891669578,-0.0,1.1007704977018626
2004-06-10 00:00:00-04:00,61.34629821777344,9.735812187194824,-5.600327810637414,6.822558466683596,0.248,False,False,0.0,False,False,0.0,0.0,-0.005523559089173174,-0.0,1.1007704977018626
2004-06-14 00:00:00-04:00,61.88397979736328,9.69519329071045,-5.614504967639176,7.450268904447455,0.577,False,False,0.0,False,False,0.0,0.0,0.005396517365834519,0.0,1.1007704977018626
2004-06-15 00:00:00-04:00,62.22004318237305,9.69519329071045,-5.629838597703677,7.637669782133635,0.666,False,False,0.0,False,False,0.0,0.0,0.0016044263737782715,0.0,1.1007704977018626
2004-06-16 00:00:00-04:00,60.859004974365234,9.716695785522461,-5.642929822371734,6.028372551326797,-0.569,False,False,0.0,False,True,0.0,0.0,-0.013910470004143641,-0.0,1.1007704977018626
2004-06-17 00:00:00-04:00,61.49753952026367,9.666521072387695,-5.655889589672614,6.824763618595156,-0.045,False,False,0.0,False,False,0.0,0.0,0.006855374924100501,0.0,1.1007704977018626
2004-06-18 00:00:00-04:00,61.54792404174805,9.688024520874023,-5.668386041105471,6.632461081738214,-0.213,False,False,0.0,False,True,0.0,0.0,-0.0016511844778654776,-0.0,1.1007704977018626
2004-06-21 00:00:00-04:00,61.59834289550781,9.7262544631958,-5.680005077990663,6.353168154726312,-0.431,False,False,0.0,False,False,0.0,0.0,-0.0023903159769743092,-0.0,1.1007704977018626
2004-06-22 00:00:00-04:00,62.03520584106445,9.67846965789795,-5.692106192423441,6.9443287681611565,0.155,False,False,0.0,False,False,0.0,0.0,0.005047215775747131,0.0,1.1007704977018626
2004-06-23 00:00:00-04:00,62.707313537597656,9.699973106384277,-5.7053794528621875,7.365286283116994,0.648,False,True,0.0,False,False,0.0,0.0,0.0035659454947510037,0.0,1.1007704977018626
2004-06-24 00:00:00-04:00,62.22004318237305,9.723864555358887,-5.718081423749393,6.618193901320247,-0.043,False,False,0.0,False,False,0.0,0.0,-0.006340862179146028,-0.0,1.1007704977018626
2004-06-25 00:00:00-04:00,62.42168045043945,9.611577033996582,-5.731717308329308,7.330838004340777,0.883,False,True,0.0,False,False,0.0,0.0,0.006064409864197751,0.0,1.1007704977018626
2004-06-28 00:00:00-04:00,62.654754638671875,9.65219497680664,-5.74579246970416,7.195245424819959,0.806,False,False,0.0,False,False,0.0,0.0,-0.0011479780265160639,-0.0,1.1007704977018626
2004-06-29 00:00:00-04:00,62.688499450683594,9.623518943786621,-5.760302433818267,7.254119856893325,0.889,False,False,0.0,False,False,0.0,0.0,0.0004984168397317865,0.0,1.1007704977018626
2004-06-30 00:00:00-04:00,63.24582290649414,9.563793182373047,-5.776564149849434,7.999958072623571,1.816,False,False,0.0,True,False,-1.0,-1.0,0.006294434908923761,0.0,1.1007704977018626
2004-07-01 00:00:00-04:00,63.60045623779297,9.329652786254883,-5.797000647000356,9.516452999584736,3.074,False,False,0.0,False,False,-1.0,-1.0,0.01288611031323483,-0.01288611031323483,1.0878843873886277
2004-07-02 00:00:00-04:00,63.70180892944336,9.473004341125488,-5.818780415664343,8.580476791799065,1.901,False,False,0.0,False,False,-1.0,-1.0,-0.00787705323542338,0.00787705323542338,1.0957614406240512
2004-07-06 00:00:00-04:00,63.043148040771484,9.499284744262695,-5.839626615668107,7.570872018365044,0.839,False,False,0.0,False,False,-1.0,-1.0,-0.008518762696202501,0.008518762696202501,1.1042802033202537
2004-07-07 00:00:00-04:00,63.19516372680664,9.475394248962402,-5.859965104690282,7.66968407470398,0.892,False,False,0.0,False,False,-1.0,-1.0,0.0008323072847875908,-0.0008323072847875908,1.1034478960354661
2004-07-08 00:00:00-04:00,62.75604248046875,9.410886764526367,-5.879444996461661,7.4252513805069285,0.614,False,False,0.0,False,False,-1.0,-1.0,-0.0020699402870394106,0.0020699402870394106,1.1055178363225056
2004-07-09 00:00:00-04:00,62.36764907836914,9.358325958251953,-5.897800446463135,7.1741100636432265,0.341,False,False,0.0,False,False,-1.0,-1.0,-0.002136260452427775,0.002136260452427775,1.1076540967749333
2004-07-12 00:00:00-04:00,61.99611282348633,9.346376419067383,-5.914448765151623,6.717448353090994,-0.137,False,False,0.0,False,False,-1.0,-1.0,-0.00389394651680193,0.00389394651680193,1.1115480432917353
2004-07-13 00:00:00-04:00,62.21564865112305,9.296202659606934,-5.930530597837071,7.084234334629777,0.208,False,True,0.0,False,False,-1.0,-1.0,0.0031256511433950663,-0.0031256511433950663,1.10842239214834
2004-07-14 00:00:00-04:00,62.452049255371094,9.329652786254883,-5.946000186210921,6.9779320510163245,0.055,False,False,0.0,False,False,-1.0,-1.0,-0.0009014308427447824,0.0009014308427447824,1.109323822991085
2004-07-15 00:00:00-04:00,62.24942398071289,9.3129301071167,-5.96055508056269,6.739191115813213,-0.266,False,False,0.0,False,True,0.0,0.0,-0.0020273575993526366,0.0020273575993526366,1.1113511805904375
2004-07-16 00:00:00-04:00,62.941802978515625,9.429999351501465,-5.974191124031984,6.605184553148206,-0.483,False,False,0.0,False,False,0.0,0.0,-0.001123476996826224,-0.0,1.1113511805904375
2004-07-19 00:00:00-04:00,62.637840270996094,9.480168342590332,-5.985766570013923,5.891765527814584,-1.344,False,False,0.0,False,False,0.0,0.0,-0.005975838748870804,-0.0,1.1113511805904375
2004-07-20 00:00:00-04:00,61.151702880859375,9.699973106384277,-5.990310079651834,3.045856209333934,-3.83,True,False,1.0,False,False,0.0,1.0,-0.023863556891470107,-0.0,1.1113511805904375
2004-07-21 00:00:00-04:00,60.47615432739258,9.640243530273438,-5.988989400329397,2.7408380079909094,-3.299,False,False,1.0,False,False,0.0,1.0,-0.002580275836804304,-0.002580275836804304,1.1087709047536332
2004-07-22 00:00:00-04:00,57.06478500366211,9.661742210388184,-5.976653207719156,-0.6800975702100018,-4.113,False,False,1.0,False,False,0.0,1.0,-0.029796581162389105,-0.029796581162389105,1.0789743235912441
2004-07-23 00:00:00-04:00,56.30480194091797,9.563793182373047,-5.956177993991336,-0.6588525510167358,-3.263,False,False,1.0,False,False,0.0,1.0,0.00018756342111769157,0.00018756342111769157,1.0791618870123618
2004-07-26 00:00:00-04:00,56.96344757080078,9.599629402160645,-5.930978947572425,0.028247682088739623,-2.551,False,False,1.0,False,False,0.0,1.0,0.006032558317689563,0.006032558317689563,1.0851944453300515
2004-07-27 00:00:00-04:00,56.92967224121094,9.544677734375,-5.90336943364723,0.5839134500882679,-2.09,False,False,1.0,False,False,0.0,1.0,0.004905439449097463,0.004905439449097463,1.0900998847791488
2004-07-28 00:00:00-04:00,57.26743698120117,9.527950286865234,-5.875340378417879,1.28748593722365,-1.682,False,False,1.0,False,False,0.0,1.0,0.006212703881337682,0.006212703881337682,1.0963125886604865
2004-07-29 00:00:00-04:00,57.41942596435547,9.52078914642334,-5.847885905684528,1.7429373039921927,-1.415,False,False,1.0,False,False,0.0,1.0,0.004027124837177781,0.004027124837177781,1.1003397134976642
2004-07-30 00:00:00-04:00,58.77046585083008,9.317706108093262,-5.826216917101799,4.4834888952743555,-0.415,False,False,1.0,False,False,0.0,1.0,0.02424034652875917,0.02424034652875917,1.1245800600264235
2004-08-02 00:00:00-04:00,58.43275451660156,9.575736999511719,-5.805588863019681,2.8399624370308345,-0.944,False,False,1.0,False,False,0.0,1.0,-0.014413668754986633,-0.014413668754986633,1.1101663912714368
2004-08-03 00:00:00-04:00,57.92604446411133,9.62829875946045,-5.784556785150921,2.230603545614187,-1.092,False,False,1.0,False,False,0.0,1.0,-0.0053630604226365735,-0.0053630604226365735,1.1048033308488003
2004-08-04 00:00:00-04:00,57.50387191772461,9.630690574645996,-5.762798326669639,2.0041443894816027,-1.109,False,False,1.0,False,False,0.0,1.0,-0.00200399949420076,-0.00200399949420076,1.1027993313545996
2004-08-05 00:00:00-04:00,56.79458236694336,9.547070503234863,-5.740503887322692,1.9895870305798127,-1.051,False,False,1.0,False,False,0.0,1.0,-0.00013044277766436954,-0.00013044277766436954,1.1026688885769351
2004-08-06 00:00:00-04:00,56.23729705810547,9.704757690429688,-5.715407878278282,0.7706484974418899,-1.37,False,False,1.0,False,False,0.0,1.0,-0.010912224509042863,-0.010912224509042863,1.0917566640678924
2004-08-09 00:00:00-04:00,56.119022369384766,9.68325138092041,-5.688761309681646,1.033316561683364,-1.207,False,False,1.0,False,False,0.0,1.0,0.0023620224476714026,0.0023620224476714026,1.0941186865155637
2004-08-10 00:00:00-04:00,57.16612243652344,9.719085693359375,-5.663089466453101,2.126070622904926,-0.806,False,False,1.0,False,False,0.0,1.0,0.0097388050927169,0.0097388050927169,1.1038574916082806
2004-08-11 00:00:00-04:00,57.52074432373047,9.800321578979492,-5.638402918467925,2.2625825308883165,-0.717,False,False,1.0,False,False,0.0,1.0,0.0012104383052118483,0.0012104383052118483,1.1050679299134925
2004-08-12 00:00:00-04:00,57.16612243652344,9.702362060546875,-5.615318046343241,2.6842736657785835,-0.544,False,False,1.0,False,False,0.0,1.0,0.0037769708695146883,0.0037769708695146883,1.1088449007830072
2004-08-13 00:00:00-04:00,57.2336540222168,9.61874008178711,-5.5948741855893855,3.4180134407321603,-0.272,False,False,1.0,False,False,0.0,1.0,0.006607333955357877,0.006607333955357877,1.115452234738365
2004-08-16 00:00:00-04:00,57.45320129394531,9.68325138092041,-5.576445253371601,3.455080093607691,-0.227,False,False,1.0,False,False,0.0,1.0,0.00033258154363697374,0.00033258154363697374,1.115784816282002
2004-08-17 00:00:00-04:00,57.45320129394531,9.668914794921875,-5.559984700445708,3.6941829642665382,-0.114,False,False,1.0,False,False,0.0,1.0,0.002149969414045002,0.002149969414045002,1.117934785696047
2004-08-18 00:00:00-04:00,58.12873077392578,9.848098754882812,-5.544629461656263,3.5246722763021765,-0.131,False,False,1.0,False,False,0.0,1.0,-0.0015036502605825395,-0.0015036502605825395,1.1164311354354646
2004-08-19 00:00:00-04:00,57.70653533935547,9.80270767211914,-5.530065903306717,3.496915881686249,-0.084,False,False,1.0,False,False,0.0,1.0,-0.000248010617111244,-0.000248010617111244,1.1161831248183531
2004-08-20 00:00:00-04:00,58.06116485595703,9.824206352233887,-5.516807635714482,3.862908237118404,0.11,False,False,1.0,False,False,0.0,1.0,0.0032602373201640563,0.0032602373201640563,1.1194433621385174
2004-08-23 00:00:00-04:00,57.58831024169922,9.797928810119629,-5.504134033633696,3.659196818799664,0.078,False,False,1.0,False,False,0.0,1.0,-0.0018267227812886434,-0.0018267227812886434,1.1176166393572287
2004-08-24 00:00:00-04:00,57.92604446411133,9.800321578979492,-5.492746613364668,4.095361301287049,0.314,False,True,0.0,False,False,0.0,0.0,0.0039028029162001036,0.0039028029162001036,1.1215194422734287
2004-08-25 00:00:00-04:00,57.60518264770508,9.81943130493164,-5.481698185261372,3.7780238831625965,0.235,False,False,0.0,False,False,0.0,0.0,-0.002847803555975303,-0.0,1.1215194422734287
2004-08-26 00:00:00-04:00,57.70653533935547,9.840934753417969,-5.471074629757036,3.8660468768361085,0.335,False,False,0.0,False,False,0.0,0.0,0.0007891110912098806,0.0,1.1215194422734287
2004-08-27 00:00:00-04:00,57.976741790771484,9.910219192504883,-5.460750785553713,3.859504550290964,0.389,False,False,0.0,False,False,0.0,0.0,-5.8364656172302466e-05,-0.0,1.1215194422734287
2004-08-30 00:00:00-04:00,58.094940185546875,9.92694091796875,-5.45089762686106,3.9842014938010593,0.527,False,False,0.0,False,False,0.0,0.0,0.00111132470974542,0.0,1.1215194422734287
2004-08-31 00:00:00-04:00,59.05757141113281,10.115687370300293,-5.441437826689222,4.013687511418382,0.629,False,False,0.0,False,False,0.0,0.0,0.0002584192948021051,0.0,1.1215194422734287
2004-09-01 00:00:00-04:00,60.45928955078125,10.082237243652344,-5.435490877406869,5.657380989057167,1.63,False,False,0.0,True,False,-1.0,-1.0,0.014260596840529032,0.0,1.1215194422734287
2004-09-02 00:00:00-04:00,60.999698638916016,10.096569061279297,-5.433097916308523,6.144050310214361,1.955,False,False,0.0,False,False,-1.0,-1.0,0.004200663447093396,-0.004200663447093396,1.1173187788263355
2004-09-03 00:00:00-04:00,60.9152717590332,10.0440092086792,-5.433713741365154,6.3390009034348935,2.032,False,False,0.0,False,False,-1.0,-1.0,0.001688007526845819,-0.001688007526845819,1.1156307712994895
2004-09-07 00:00:00-04:00,61.0672607421875,10.06337833404541,-5.436584129022111,6.356857806971249,1.873,False,False,0.0,False,False,-1.0,-1.0,0.00015423444358067732,-0.00015423444358067732,1.1154765368559088
2004-09-08 00:00:00-04:00,60.45928955078125,9.95686149597168,-5.440969688545154,6.28430795815698,1.695,False,False,0.0,False,False,-1.0,-1.0,-0.0006328809708530396,0.0006328809708530396,1.1161094178267619
2004-09-09 00:00:00-04:00,60.50994873046875,9.939918518066406,-5.446637058231242,6.370820174169296,1.663,False,False,0.0,False,False,-1.0,-1.0,0.0007545827498979871,-0.0007545827498979871,1.1153548350768638
2004-09-10 00:00:00-04:00,61.23611831665039,9.961702346801758,-5.454280054774151,6.902203894892708,1.862,False,False,0.0,False,False,-1.0,-1.0,0.004597936923027397,-0.004597936923027397,1.1107568981538365
2004-09-13 00:00:00-04:00,61.57387924194336,9.973806381225586,-5.4637230793786244,7.079763127587327,1.851,False,False,0.0,False,False,-1.0,-1.0,0.0015297863304139755,-0.0015297863304139755,1.1092271118234225
2004-09-14 00:00:00-04:00,61.01658248901367,9.91812801361084,-5.473800576668455,6.726727648639098,1.57,False,False,0.0,False,False,-1.0,-1.0,-0.0030617152617397744,0.0030617152617397744,1.1122888270851623
2004-09-15 00:00:00-04:00,60.86458206176758,9.910865783691406,-5.483932625129685,6.514061847300788,1.372,False,False,0.0,False,False,-1.0,-1.0,-0.0018458153240052946,0.0018458153240052946,1.1141346424091676
2004-09-16 00:00:00-04:00,60.526817321777344,10.070638656616211,-5.491620340761476,5.222693230644936,0.612,False,False,0.0,False,False,-1.0,-1.0,-0.01114873626082715,0.01114873626082715,1.1252833786699947
2004-09-17 00:00:00-04:00,61.55702590942383,10.075479507446289,-5.4992902046142005,6.149040147333338,1.088,False,False,0.0,False,False,-1.0,-1.0,0.00791986341428293,-0.00791986341428293,1.1173635152557118
2004-09-20 00:00:00-04:00,61.6583366394043,10.073062896728516,-5.507012847758966,6.18584985083622,1.045,False,False,0.0,False,False,-1.0,-1.0,0.00031426145932900396,-0.00031426145932900396,1.1170492537963828
2004-09-21 00:00:00-04:00,61.81032180786133,10.15537166595459,-5.514053906093233,5.81305500537588,0.79,False,False,0.0,False,False,-1.0,-1.0,-0.003164438300264122,0.003164438300264122,1.120213692096647
2004-09-22 00:00:00-04:00,61.371219635009766,10.215890884399414,-5.518991589751494,4.989803762190448,0.291,False,False,0.0,False,False,-1.0,-1.0,-0.0069913615065600445,0.0069913615065600445,1.127205053603207
2004-09-23 00:00:00-04:00,61.8609733581543,10.160213470458984,-5.523821929281514,5.737763383851522,0.672,False,False,0.0,False,False,-1.0,-1.0,0.0063394906040368645,-0.0063394906040368645,1.1208655629991702
2004-09-24 00:00:00-04:00,62.40142822265625,10.131160736083984,-5.529811008833064,6.378024052001749,1.018,False,False,0.0,False,False,-1.0,-1.0,0.005406473078414857,-0.005406473078414857,1.1154590899207553
2004-09-27 00:00:00-04:00,62.232513427734375,10.194103240966797,-5.5355386741530825,5.80266068905339,0.621,False,False,0.0,False,False,-1.0,-1.0,-0.004848743384582888,0.004848743384582888,1.1203078333053382
2004-09-28 00:00:00-04:00,62.85719299316406,10.266724586486816,-5.541390318381102,5.965264768120797,0.69,False,False,0.0,False,False,-1.0,-1.0,0.0013578728379234533,-0.0013578728379234533,1.1189499604674147
2004-09-29 00:00:00-04:00,62.95903015136719,10.266724586486816,-5.547406052292293,6.005340043072138,0.678,False,False,0.0,False,False,-1.0,-1.0,0.00033420370136347065,-0.00033420370136347065,1.1186157567660513
2004-09-30 00:00:00-04:00,63.485252380371094,10.312725067138672,-5.553936799088248,6.209029131109801,0.791,False,False,0.0,False,False,-1.0,-1.0,0.0016867058552875289,-0.0016867058552875289,1.1169290509107637
2004-10-01 00:00:00-04:00,63.60407257080078,10.380509376525879,-5.560218798970337,5.886169192553737,0.489,False,False,0.0,False,False,-1.0,-1.0,-0.002661182659039919,0.002661182659039919,1.1195902335698036
2004-10-04 00:00:00-04:00,63.84172058105469,10.399868965148926,-5.566439834120505,5.951475703816115,0.498,False,False,0.0,False,False,-1.0,-1.0,0.000536477917008188,-0.000536477917008188,1.1190537556527955
2004-10-05 00:00:00-04:00,63.87567901611328,10.443449974060059,-5.572092979360538,5.683804735350236,0.227,False,False,0.0,False,False,-1.0,-1.0,-0.002192810138619601,0.002192810138619601,1.121246565791415
2004-10-06 00:00:00-04:00,63.96052932739258,10.467658042907715,-5.577125363061597,5.581088164436238,0.087,False,False,0.0,False,False,-1.0,-1.0,-0.000839599441640383,0.000839599441640383,1.1220861652330554
2004-10-07 00:00:00-04:00,63.3325080871582,10.363563537597656,-5.581512134373746,5.48815244670358,-0.056,False,False,0.0,False,False,-1.0,-1.0,-0.0007669427551909854,0.0007669427551909854,1.1228531079882464
2004-10-08 00:00:00-04:00,63.31553649902344,10.269147872924805,-5.586313638005917,5.948855685804148,0.348,False,True,0.0,False,False,-1.0,-1.0,0.003817490673945638,-0.003817490673945638,1.1190356173143008
2004-10-11 00:00:00-04:00,63.9944953918457,10.286094665527344,-5.59242827813821,6.470248712743988,0.839,False,False,0.0,False,False,-1.0,-1.0,0.004290638777641647,-0.004290638777641647,1.1147449785366592
2004-10-12 00:00:00-04:00,64.0793685913086,10.341776847839355,-5.598938631446697,6.176394680139772,0.478,False,False,0.0,False,False,-1.0,-1.0,-0.002408988273021956,0.002408988273021956,1.117153966809681
2004-10-13 00:00:00-04:00,62.976043701171875,10.148107528686523,-5.605555648441063,6.090262222755854,0.331,False,False,0.0,False,False,-1.0,-1.0,-0.0007185979126787608,0.0007185979126787608,1.1178725647223597
2004-10-14 00:00:00-04:00,58.528663635253906,10.150530815124512,-5.603692967046746,1.648205494749405,-3.949,True,False,1.0,False,True,0.0,1.0,-0.038489650208390194,0.038489650208390194,1.15636221493075
2004-10-15 00:00:00-04:00,56.95000457763672,10.092425346374512,-5.593419471358778,0.49883613199067156,-3.844,False,False,1.0,False,False,0.0,1.0,-0.010135427457375177,-0.010135427457375177,1.146226787473375
2004-10-18 00:00:00-04:00,54.82819747924805,10.014960289001465,-5.57412883901485,-0.996481489263509,-3.735,False,False,1.0,False,False,0.0,1.0,-0.01351359015018589,-0.01351359015018589,1.132713197323189
2004-10-19 00:00:00-04:00,53.521121978759766,9.927815437316895,-5.547191267908823,-1.5503691245349245,-3.27,False,False,1.0,False,False,0.0,1.0,-0.005100601408798299,-0.005100601408798299,1.1276125959143908
2004-10-20 00:00:00-04:00,56.25406265258789,9.927815437316895,-5.520381815837569,1.4487308414322086,-1.706,False,False,1.0,False,False,0.0,1.0,0.027004468919072117,0.027004468919072117,1.1546170648334628
2004-10-21 00:00:00-04:00,60.769309997558594,9.823710441589355,-5.503733611181503,6.702224653668573,0.66,False,True,0.0,False,False,0.0,0.0,0.04574763772944889,0.04574763772944889,1.2003647025629116
2004-10-22 00:00:00-04:00,61.38041305541992,9.935072898864746,-5.494682361327508,6.790343239524844,0.691,False,False,0.0,False,False,0.0,0.0,0.0007598363279564092,0.0,1.2003647025629116
2004-10-25 00:00:00-04:00,61.94056701660156,10.051279067993164,-5.491137608656594,6.747610511241504,0.665,False,False,0.0,False,False,0.0,0.0,-0.00036482065081332795,-0.0,1.2003647025629116
2004-10-26 00:00:00-04:00,62.09333419799805,10.276406288146973,-5.489604635761142,5.679926599621474,0.196,False,False,0.0,False,False,0.0,0.0,-0.009009478240947576,-0.0,1.2003647025629116
2004-10-27 00:00:00-04:00,62.46677780151367,10.220731735229492,-5.490846918823505,6.346304445007199,0.495,False,True,0.0,False,False,0.0,0.0,0.005619304258075444,0.0,1.2003647025629116
2004-10-28 00:00:00-04:00,60.73534393310547,10.27883243560791,-5.490191549461145,4.302584956803798,-0.39,False,False,0.0,False,True,0.0,0.0,-0.017442626768341365,-0.0,1.2003647025629116
2004-10-29 00:00:00-04:00,61.02391052246094,10.31030559539795,-5.488396955911855,4.4368606781578634,-0.298,False,False,0.0,False,False,0.0,0.0,0.0011416939453205112,0.0,1.2003647025629116
2004-11-01 00:00:00-05:00,61.04093551635742,10.402297019958496,-5.48488856302171,3.9854955624322486,-0.469,False,False,0.0,False,False,0.0,0.0,-0.0038220065089058976,-0.0,1.2003647025629116
2004-11-02 00:00:00-05:00,61.108787536621094,10.160213470458984,-5.482870909992134,5.4016486601313005,0.197,False,False,0.0,False,False,0.0,0.0,0.012122945399507694,0.0,1.2003647025629116
2004-11-03 00:00:00-05:00,61.07485580444336,10.453131675720215,-5.478846788939193,3.803748888565096,-0.52,False,False,0.0,False,True,0.0,0.0,-0.013501937327109371,-0.0,1.2003647025629116
2004-11-04 00:00:00-05:00,60.87116241455078,10.748476028442383,-5.469974543405614,2.0772721585654637,-1.235,False,False,0.0,False,False,0.0,0.0,-0.014427576735816077,-0.0,1.2003647025629116
2004-11-05 00:00:00-05:00,61.22764205932617,10.702471733093262,-5.458962936350642,2.803245541029632,-0.858,False,False,0.0,False,False,0.0,0.0,0.006067371614343225,0.0,1.2003647025629116
2004-11-08 00:00:00-05:00,61.8726806640625,10.804153442382812,-5.4468146625195235,3.024459277981016,-0.718,False,False,0.0,False,False,0.0,0.0,0.0018324393969446832,0.0,1.2003647025629116
2004-11-09 00:00:00-05:00,62.789306640625,10.741209983825684,-5.436532780161769,4.394366464955809,-0.099,False,False,0.0,False,False,0.0,0.0,0.011304333879728314,0.0,1.2003647025629116
2004-11-10 00:00:00-05:00,63.60407257080078,10.772676467895508,-5.4290346263373515,5.118839008266512,0.234,False,True,0.0,False,False,0.0,0.0,0.005933955775942402,0.0,1.2003647025629116
2004-11-11 00:00:00-05:00,63.858707427978516,10.869516372680664,-5.423166419809357,4.911511236088728,0.162,False,False,0.0,False,False,0.0,0.0,-0.0016882557439546531,-0.0,1.2003647025629116
2004-11-12 00:00:00-05:00,62.976043701171875,10.913090705871582,-5.416454798629285,3.8657811794770893,-0.287,False,False,0.0,False,True,0.0,0.0,-0.008565498367217981,-0.0,1.2003647025629116
2004-11-15 00:00:00-05:00,64.04539489746094,10.876777648925781,-5.411706870066196,5.1834625705868405,0.324,False,True,0.0,False,False,0.0,0.0,0.010720934389083817,0.0,1.2003647025629116
2004-11-16 00:00:00-05:00,62.8232421875,10.825937271118164,-5.4066579345789085,4.291102541355443,-0.061,False,False,0.0,False,False,0.0,0.0,-0.00735327939929896,-0.0,1.2003647025629116
2004-11-17 00:00:00-05:00,62.585567474365234,10.654059410095215,-5.40282347066804,5.023565235611109,0.295,False,True,0.0,False,False,0.0,0.0,0.006096358802800535,0.0,1.2003647025629116
2004-11-18 00:00:00-05:00,61.7028923034668,10.673425674438477,-5.398055103097001,4.087152374037622,-0.116,False,False,0.0,False,False,0.0,0.0,-0.00784800197630257,-0.0,1.2003647025629116
2004-11-19 00:00:00-05:00,60.93907928466797,10.576594352722168,-5.392268269701916,3.9072451549757403,-0.174,False,False,0.0,False,False,0.0,0.0,-0.001525013360115105,-0.0,1.2003647025629116
2004-11-22 00:00:00-05:00,61.108787536621094,10.811420440673828,-5.383783680554817,2.9024386045045674,-0.61,False,False,0.0,False,True,0.0,0.0,-0.008421450791655823,-0.0,1.2003647025629116
2004-11-23 00:00:00-05:00,60.78627014160156,10.852561950683594,-5.372520913046678,2.4806541014193044,-0.764,False,False,0.0,False,False,0.0,0.0,-0.0035416728763657678,-0.0,1.2003647025629116
2004-11-24 00:00:00-05:00,61.41433334350586,10.859829902648926,-5.36063295078417,3.1987713274547787,-0.396,False,False,0.0,False,False,0.0,0.0,0.006002824159271536,0.0,1.2003647025629116
2004-11-26 00:00:00-05:00,61.44827651977539,10.86709213256836,-5.3485430548028114,3.3251663682246217,-0.303,False,False,0.0,False,False,0.0,0.0,0.001057067616998317,0.0,1.2003647025629116
2004-11-29 00:00:00-05:00,63.82469940185547,10.704893112182617,-5.342714019692339,6.631516892089444,1.274,False,True,0.0,False,False,0.0,0.0,0.02732117329800423,0.0,1.2003647025629116
2004-11-30 00:00:00-05:00,64.24910736083984,10.649218559265137,-5.342807128521707,7.35238652921241,1.567,False,False,0.0,True,False,-1.0,-1.0,0.005950428899439307,0.0,1.2003647025629116
2004-12-01 00:00:00-05:00,66.33702087402344,10.535439491271973,-5.352172477476339,9.949531590720262,2.486,False,False,0.0,False,False,-1.0,-1.0,0.02116239908538599,-0.02116239908538599,1.1792023034775256
2004-12-02 00:00:00-05:00,65.77684020996094,10.482184410095215,-5.367412159044324,9.514636153871024,2.084,False,False,0.0,False,False,-1.0,-1.0,-0.003563576226483273,0.003563576226483273,1.182765879704009
2004-12-03 00:00:00-05:00,65.77684020996094,10.487020492553711,-5.386485741354805,9.288653857524736,1.855,False,False,0.0,False,False,-1.0,-1.0,-0.0018482987547625447,0.0018482987547625447,1.1846141784587716
2004-12-06 00:00:00-05:00,65.6919937133789,10.654059410095215,-5.4061013664110105,8.09506857863908,1.348,False,False,0.0,False,False,-1.0,-1.0,-0.009681204848231739,0.009681204848231739,1.1942953833070034
2004-12-07 00:00:00-05:00,65.59009552001953,10.556002616882324,-5.426489556746376,8.308057558520183,1.444,False,False,0.0,False,False,-1.0,-1.0,0.001733419725418368,-0.001733419725418368,1.192561963581585
2004-12-08 00:00:00-05:00,65.77684020996094,10.514328956604004,-5.447792330401037,8.496959560860105,1.455,False,False,0.0,False,False,-1.0,-1.0,0.0015350807418009632,-0.0015350807418009632,1.1910268828397839
2004-12-09 00:00:00-05:00,67.77986145019531,10.568255424499512,-5.472549835663459,9.944556963601052,1.966,False,False,0.0,True,False,-1.0,-1.0,0.011524065521430649,-0.011524065521430649,1.1795028173183533
2004-12-10 00:00:00-05:00,69.93563842773438,10.582964897155762,-5.5031804510008495,11.69567289207857,2.425,False,False,0.0,False,False,-1.0,-1.0,0.013661850417164216,-0.013661850417164216,1.165840966901189
2004-12-13 00:00:00-05:00,69.10388946533203,10.776636123657227,-5.533877357272341,9.467306833062132,1.46,False,False,0.0,False,False,-1.0,-1.0,-0.017308978464262954,0.017308978464262954,1.183149945365452
2004-12-14 00:00:00-05:00,69.81681823730469,10.852627754211426,-5.5645407558498885,9.426928790927562,1.361,False,False,0.0,False,False,-1.0,-1.0,-0.00031010723527901985,0.00031010723527901985,1.183460052600731
2004-12-15 00:00:00-05:00,70.0204849243164,10.928624153137207,-5.594126002788122,8.884384374553235,1.108,False,False,0.0,False,False,-1.0,-1.0,-0.004136615896283373,0.004136615896283373,1.1875966684970143
2004-12-16 00:00:00-05:00,70.86922454833984,11.181119918823242,-5.621291115826892,8.016894483663648,0.746,False,False,0.0,False,False,-1.0,-1.0,-0.006487285414831305,0.006487285414831305,1.1940839539118457
2004-12-17 00:00:00-05:00,72.074462890625,11.588068962097168,-5.644123399883451,6.66997170218923,0.23,False,False,0.0,False,False,-1.0,-1.0,-0.009797301634254772,0.009797301634254772,1.2038812555461005
2004-12-20 00:00:00-05:00,70.44489288330078,12.394599914550781,-5.651526094979101,0.3964880293913069,-1.934,True,False,1.0,False,True,0.0,1.0,-0.044653259435424045,0.044653259435424045,1.2485345149815246
2004-12-21 00:00:00-05:00,69.59612274169922,12.49020767211914,-5.644938950835653,-0.9103370506724247,-2.152,False,False,1.0,False,False,0.0,1.0,-0.009327630200863224,-0.009327630200863224,1.2392068847806612
2004-12-22 00:00:00-05:00,69.78288269042969,12.544139862060547,-5.62838377107839,-0.8203505313294102,-1.962,False,False,1.0,False,False,0.0,1.0,0.0006409930124379313,0.0006409930124379313,1.2398478777930992
2004-12-23 00:00:00-05:00,70.12236785888672,12.664261817932129,-5.604618981511626,-0.855994312728626,-1.871,False,False,1.0,False,False,0.0,1.0,-0.0002526123103084631,-0.0002526123103084631,1.2395952654827909
2004-12-27 00:00:00-05:00,69.76587677001953,12.661809921264648,-5.575827112603421,-0.834186283598882,-1.76,False,False,1.0,False,False,0.0,1.0,0.0001553655335271832,0.0001553655335271832,1.239750631016318
2004-12-28 00:00:00-05:00,70.19026947021484,12.774584770202637,-5.543914572038501,-0.6309371890526592,-1.615,False,False,1.0,False,False,0.0,1.0,0.0014413656258699928,0.0014413656258699928,1.241191996642188
2004-12-29 00:00:00-05:00,70.28914642333984,12.84321403503418,-5.510164014929833,-0.47906938854727343,-1.483,False,False,1.0,False,False,0.0,1.0,0.0010766385965174318,0.0010766385965174318,1.2422686352387053
2004-12-30 00:00:00-05:00,70.35736846923828,12.823600769042969,-5.476416118014281,0.12999452667102673,-1.252,False,False,1.0,False,False,0.0,1.0,0.004332361426777094,0.004332361426777094,1.2466009966654825
2004-12-31 00:00:00-05:00,70.20389556884766,12.691228866577148,-5.444699694054686,1.1039656418170551,-0.961,False,False,1.0,False,False,0.0,1.0,0.0069917040086946245,0.0069917040086946245,1.2535927006741772
2005-01-03 00:00:00-05:00,70.54493713378906,12.49020767211914,-5.417960186459425,2.8734892456375007,-0.506,False,False,1.0,False,False,0.0,1.0,0.012802560300933566,0.012802560300933566,1.2663952609751106
2005-01-04 00:00:00-05:00,71.03943634033203,12.384791374206543,-5.397303585708518,4.1949574480751295,-0.166,False,False,1.0,False,False,0.0,1.0,0.009583918473801061,0.009583918473801061,1.2759791794489117
2005-01-05 00:00:00-05:00,69.91400146484375,12.220541000366211,-5.380863938128567,4.156933091551608,-0.175,False,False,1.0,False,False,0.0,1.0,-0.0002802687158646815,-0.0002802687158646815,1.275698910733047
2005-01-06 00:00:00-05:00,69.62413024902344,12.245061874389648,-5.366888198677701,3.906252183283385,-0.229,False,False,1.0,False,True,0.0,1.0,-0.0018522032544782139,-0.0018522032544782139,1.2738467074785689
2005-01-07 00:00:00-05:00,68.73739624023438,12.176419258117676,-5.353961146871675,3.5453206242523123,-0.316,False,False,1.0,False,False,0.0,1.0,-0.0026949375221800367,-0.0026949375221800367,1.2711517699563888
2005-01-10 00:00:00-05:00,68.63507080078125,12.301448822021484,-5.340594689818018,2.938018544825198,-0.46,False,False,1.0,False,False,0.0,1.0,-0.004520899883124833,-0.004520899883124833,1.266630870073264
2005-01-11 00:00:00-05:00,68.1406021118164,12.18132209777832,-5.327526846103825,3.244281614864647,-0.386,False,False,1.0,False,False,0.0,1.0,0.0023020907582183064,0.0023020907582183064,1.2689329608314823
2005-01-12 00:00:00-05:00,68.3281478881836,12.298988342285156,-5.314132138486754,2.9696986675721178,-0.459,False,False,1.0,False,False,0.0,1.0,-0.0020539302610049375,-0.0020539302610049375,1.2668790305704773
2005-01-13 00:00:00-05:00,67.45846557617188,12.404401779174805,-5.298151461797317,1.7380661571156537,-0.753,False,False,1.0,False,False,0.0,1.0,-0.009247957703353266,-0.009247957703353266,1.2576310728671243
2005-01-14 00:00:00-05:00,68.07237243652344,12.455883979797363,-5.2814023045215635,2.2878380807684238,-0.606,False,False,1.0,False,False,0.0,1.0,0.0041071614220543435,0.0041071614220543435,1.2617382342891785
2005-01-18 00:00:00-05:00,68.80558013916016,12.639744758605957,-5.264062719542143,2.269170970854333,-0.577,False,False,1.0,False,False,0.0,1.0,-0.00013792548794065333,-0.00013792548794065333,1.261600308801238
2005-01-19 00:00:00-05:00,68.20877075195312,12.497560501098633,-5.247051883663859,2.6334223834604984,-0.455,False,False,1.0,False,False,0.0,1.0,0.002722680501997627,0.002722680501997627,1.2643229893032355
2005-01-20 00:00:00-05:00,67.86775970458984,12.387239456176758,-5.231129350271157,3.068507816546685,-0.304,False,False,1.0,False,False,0.0,1.0,0.003279529913752476,0.003279529913752476,1.267602519216988
2005-01-21 00:00:00-05:00,67.35615539550781,12.328409194946289,-5.215949189440386,3.0517994480383095,-0.267,False,False,1.0,False,False,0.0,1.0,-0.00012690493404548462,-0.00012690493404548462,1.2674756142829424
2005-01-24 00:00:00-05:00,65.42930603027344,12.443631172180176,-5.196916692751193,0.7607914731311922,-0.821,False,False,1.0,False,False,0.0,1.0,-0.01760988742595989,-0.01760988742595989,1.2498657268569826
2005-01-25 00:00:00-05:00,65.41222381591797,12.404401779174805,-5.176041667233006,1.2065233498099417,-0.656,False,False,1.0,False,False,0.0,1.0,0.0034388135680132837,0.0034388135680132837,1.2533045404249958
2005-01-26 00:00:00-05:00,66.21368408203125,12.686331748962402,-5.153123127657585,0.8394545413163996,-0.709,False,False,1.0,False,False,0.0,1.0,-0.0027895328559270588,-0.0027895328559270588,1.2505150075690687
2005-01-27 00:00:00-05:00,65.05412292480469,12.73534870147705,-5.126735297058254,-0.23663878340271083,-0.954,False,False,1.0,False,False,0.0,1.0,-0.008255738825108992,-0.008255738825108992,1.2422592687439598
2005-01-28 00:00:00-05:00,64.66190338134766,12.796636581420898,-5.097296962112233,-0.5663533903833553,-1.004,False,False,1.0,False,False,0.0,1.0,-0.0025384109665587285,-0.0025384109665587285,1.239720857777401
2005-01-31 00:00:00-05:00,65.95787048339844,12.931472778320312,-5.067610787574053,0.4261995327622117,-0.686,False,False,1.0,False,False,0.0,1.0,0.007548531330482344,0.007548531330482344,1.2472693891078834
2005-02-01 00:00:00-05:00,66.43535614013672,13.139846801757812,-5.037394486665571,0.24476430533168525,-0.713,False,False,1.0,False,False,0.0,1.0,-0.0013680220967378618,-0.0013680220967378618,1.2459013670111456
2005-02-02 00:00:00-05:00,66.5035400390625,13.098167419433594,-5.008145802220025,0.9060078606510444,-0.432,False,False,1.0,False,False,0.0,1.0,0.005005588101743596,0.005005588101743596,1.250906955112889
2005-02-03 00:00:00-05:00,65.804443359375,13.169264793395996,-4.978331713277814,0.24347479785870974,-0.681,False,False,1.0,False,False,0.0,1.0,-0.005043436115370417,-0.005043436115370417,1.2458635189975187
2005-02-04 00:00:00-05:00,65.95787048339844,13.286933898925781,-4.948078758474754,0.21307509286563686,-0.681,False,False,1.0,False,False,0.0,1.0,-0.0002308207263030815,-0.0002308207263030815,1.2456326982712156
2005-02-07 00:00:00-05:00,66.4183120727539,13.29673957824707,-4.919094249361741,1.0103968781380814,-0.192,False,False,1.0,False,False,0.0,1.0,0.006048278872877988,0.006048278872877988,1.2516809771440935
2005-02-08 00:00:00-05:00,66.06021118164062,13.29919147491455,-4.891039804921458,1.0133363045614487,-0.202,False,False,1.0,False,True,0.0,1.0,2.242004236178972e-05,2.242004236178972e-05,1.2517033971864553
2005-02-09 00:00:00-05:00,67.2197494506836,13.29919147491455,-4.866501355684557,2.4992161085034326,0.663,False,True,0.0,False,False,0.0,0.0,0.011261760036354497,0.011261760036354497,1.2629651572228098
2005-02-10 00:00:00-05:00,64.71308898925781,13.29919147491455,-4.840315202151725,0.34081031690229224,-0.73,False,False,0.0,False,True,0.0,0.0,-0.016720762629419187,-0.0,1.2629651572228098
2005-02-11 00:00:00-05:00,64.78131103515625,13.262419700622559,-4.814149819217193,0.9340356310216151,-0.396,False,False,0.0,False,False,0.0,0.0,0.004611924382760039,0.0,1.2629651572228098
2005-02-14 00:00:00-05:00,65.03709411621094,13.318799018859863,-4.788621442297493,1.258407548847785,-0.23,False,False,0.0,False,False,0.0,0.0,0.0025181069905011425,0.0,1.2629651572228098
2005-02-15 00:00:00-05:00,64.54257202148438,13.15700626373291,-4.764719569692867,1.8531267981045545,0.136,False,False,0.0,False,False,0.0,0.0,0.004674289240515643,0.0,1.2629651572228098
2005-02-16 00:00:00-05:00,64.93473815917969,13.318799018859863,-4.741774351283665,1.779998581647952,0.037,False,False,0.0,False,False,0.0,0.0,-0.0005709150958279175,-0.0,1.2629651572228098
2005-02-17 00:00:00-05:00,65.71917724609375,13.213387489318848,-4.722446213277227,3.3196655325952733,1.12,False,True,0.0,False,False,0.0,0.0,0.012017504732919349,0.0,1.2629651572228098
2005-02-18 00:00:00-05:00,66.16254425048828,13.029531478881836,-4.708469690894636,4.813390195615597,2.023,False,False,0.0,True,False,-1.0,-1.0,0.011714412739160598,0.0,1.2629651572228098
2005-02-22 00:00:00-05:00,66.24779510498047,12.625039100646973,-4.702102589459945,6.883566057795285,2.926,False,False,0.0,False,False,-1.0,-1.0,0.016480714136664895,-0.016480714136664895,1.246484443086145
2005-02-23 00:00:00-05:00,66.87871551513672,12.786827087402344,-4.700742796671773,6.7711301917426425,2.573,False,False,0.0,False,False,-1.0,-1.0,-0.0008854172876144348,0.0008854172876144348,1.2473698603737593
2005-02-24 00:00:00-05:00,67.35615539550781,12.992755889892578,-4.701900902415295,6.265504751960265,2.134,False,False,0.0,False,False,-1.0,-1.0,-0.003936457864344545,0.003936457864344545,1.251306318238104
2005-02-25 00:00:00-05:00,67.30500793457031,13.321249961853027,-4.701810467762947,4.671015420242995,1.271,False,False,0.0,False,False,-1.0,-1.0,-0.012271060468441501,0.012271060468441501,1.2635773787065454
2005-02-28 00:00:00-05:00,67.44142150878906,13.372733116149902,-4.700678757622938,4.580499018342422,1.19,False,False,0.0,False,False,-1.0,-1.0,-0.0006946644175572418,0.0006946644175572418,1.2642720431241026
2005-03-01 00:00:00-05:00,68.97614288330078,13.230549812316895,-4.702928805509137,6.753809058232157,2.086,False,False,0.0,True,False,-1.0,-1.0,0.016565055436738124,-0.016565055436738124,1.2477069876873645
2005-03-02 00:00:00-05:00,68.80558013916016,13.358028411865234,-4.705990834277288,5.9428208689067645,1.6,False,False,0.0,False,False,-1.0,-1.0,-0.006159325719174459,0.006159325719174459,1.253866313406539
2005-03-03 00:00:00-05:00,68.17467498779297,13.343317985534668,-4.708488307661765,5.347818267490041,1.265,False,False,0.0,False,False,-1.0,-1.0,-0.0045419514845256755,0.0045419514845256755,1.2584082648910648
2005-03-04 00:00:00-05:00,68.53276824951172,13.750259399414062,-4.7076707881300175,3.8010737456799433,0.549,False,False,0.0,False,False,-1.0,-1.0,-0.011606579052308462,0.011606579052308462,1.2700148439433732
2005-03-07 00:00:00-05:00,68.53276824951172,13.779976844787598,-4.704374080223882,3.7066023548076714,0.487,False,False,0.0,False,False,-1.0,-1.0,-0.0007083994145462312,0.0007083994145462312,1.2707232433579194
2005-03-08 00:00:00-05:00,67.2197494506836,13.693307876586914,-4.6978270534823485,2.8909572563906636,0.118,False,False,0.0,False,False,-1.0,-1.0,-0.006200335543196461,0.006200335543196461,1.276923578901116
2005-03-09 00:00:00-05:00,66.38420104980469,13.42092227935791,-4.6901042379582,3.438676590080533,0.349,False,True,0.0,False,False,-1.0,-1.0,0.004235061441072294,-0.004235061441072294,1.2726885174600435
2005-03-10 00:00:00-05:00,65.44634246826172,13.63387680053711,-4.67820635142176,1.6642534254872388,-0.415,False,False,0.0,False,True,0.0,0.0,-0.013730903825461637,0.013730903825461637,1.2864194212855051
2005-03-11 00:00:00-05:00,64.83246612548828,13.45806884765625,-4.664216126464915,2.0611243751749058,-0.227,False,False,0.0,False,False,0.0,0.0,0.003110181085457468,0.0,1.2864194212855051
2005-03-14 00:00:00-05:00,64.79832458496094,13.651211738586426,-4.6474349167812585,1.3552064946801892,-0.549,False,False,0.0,False,False,0.0,0.0,-0.005504600274050108,-0.0,1.2864194212855051
2005-03-15 00:00:00-05:00,63.92868423461914,13.51997184753418,-4.628755831288131,1.3480357064939454,-0.554,False,False,0.0,False,False,0.0,0.0,-5.668189081110582e-05,-0.0,1.2864194212855051
2005-03-16 00:00:00-05:00,63.0760498046875,13.326827049255371,-4.609374995680957,1.6477064320851582,-0.435,False,False,0.0,False,False,0.0,0.0,0.0024069088483045916,0.0,1.2864194212855051
2005-03-17 00:00:00-05:00,63.43416213989258,13.411019325256348,-4.58992478195191,1.878592187662484,-0.369,False,False,0.0,False,False,0.0,0.0,0.0018472377827576537,0.0,1.2864194212855051
2005-03-18 00:00:00-05:00,63.485313415527344,13.443212509155273,-4.5707269356919635,2.040059897700189,-0.341,False,False,0.0,False,False,0.0,0.0,0.0012924595957676372,0.0,1.2864194212855051
2005-03-21 00:00:00-05:00,63.672908782958984,13.4407320022583,-4.5525401948893744,2.4834360939421245,-0.163,False,False,0.0,False,False,0.0,0.0,0.003550918947845367,0.0,1.2864194212855051
2005-03-22 00:00:00-05:00,63.21250534057617,13.00245189666748,-4.53833219093718,4.203059336817951,0.62,False,True,0.0,False,False,0.0,0.0,0.014069675896690219,0.0,1.2864194212855051
2005-03-23 00:00:00-05:00,62.138214111328125,12.925691604614258,-4.525781200630135,3.6393620420221495,0.309,False,False,0.0,False,False,0.0,0.0,-0.004672670785542461,-0.0,1.2864194212855051
2005-03-24 00:00:00-05:00,61.60958480834961,13.128738403320312,-4.5119680388882335,2.373136741643819,-0.363,False,False,0.0,False,True,0.0,0.0,-0.010478004699479881,-0.0,1.2864194212855051
2005-03-28 00:00:00-05:00,61.72893142700195,13.255019187927246,-4.49680082891665,2.1237501554246094,-0.536,False,False,0.0,False,False,0.0,0.0,-0.0020553707500110935,-0.0,1.2864194212855051
2005-03-29 00:00:00-05:00,61.668922424316406,13.032170295715332,-4.482833564583681,3.247872003313276,0.024,False,False,0.0,False,False,0.0,0.0,0.009360663686189506,0.0,1.2864194212855051
2005-03-30 00:00:00-05:00,62.9554443359375,13.222833633422852,-4.470768042975439,3.839222290049804,0.304,False,True,0.0,False,False,0.0,0.0,0.004844287820949843,0.0,1.2864194212855051
2005-03-31 00:00:00-05:00,63.24709701538086,13.467972755432129,-4.458791619367848,3.196212963585573,-0.061,False,False,0.0,False,False,0.0,0.0,-0.005215083985145723,-0.0,1.2864194212855051
2005-04-01 00:00:00-05:00,63.48724365234375,13.477880477905273,-4.447542049035536,3.5438034949848785,0.082,False,False,0.0,False,False,0.0,0.0,0.002816078795570781,0.0,1.2864194212855051
2005-04-04 00:00:00-04:00,63.21277618408203,13.391214370727539,-4.4372785391549785,3.792228043628981,0.182,False,False,0.0,False,False,0.0,0.0,0.0020257507493369044,0.0,1.2864194212855051
2005-04-05 00:00:00-04:00,63.02407455444336,13.435784339904785,-4.427221782298977,3.54087746254541,-0.007,False,False,0.0,False,False,0.0,0.0,-0.002051719687376432,-0.0,1.2864194212855051
2005-04-06 00:00:00-04:00,62.44084167480469,13.386260032653809,-4.416892577477124,3.3151690963973977,-0.175,False,False,0.0,False,False,0.0,0.0,-0.0018566656084082695,-0.0,1.2864194212855051
2005-04-07 00:00:00-04:00,62.303585052490234,13.510066986083984,-4.405373666091804,2.786691724859587,-0.53,False,False,0.0,False,True,0.0,0.0,-0.004338165295072834,-0.0,1.2864194212855051
2005-04-08 00:00:00-04:00,64.07049560546875,13.341686248779297,-4.397954762194329,5.394363031947243,1.062,False,True,0.0,False,False,0.0,0.0,0.021244341663586283,0.0,1.2864194212855051
2005-04-11 00:00:00-04:00,63.12699890136719,13.61406135559082,-4.389530483926806,3.367661570951384,-0.173,False,False,0.0,False,False,0.0,0.0,-0.016492488287495048,-0.0,1.2864194212855051
2005-04-12 00:00:00-04:00,62.818199157714844,13.893882751464844,-4.377808225141231,1.9934449692041767,-0.995,False,False,0.0,False,True,0.0,0.0,-0.011114394832507117,-0.0,1.2864194212855051
2005-04-13 00:00:00-04:00,61.89191818237305,13.723021507263184,-4.363875109357034,2.006366201655993,-0.953,False,False,0.0,False,False,0.0,0.0,0.00010610527903487978,0.0,1.2864194212855051
2005-04-14 00:00:00-04:00,60.896995544433594,13.586833000183105,-4.3481019967874355,1.8200598463200137,-1.046,False,False,0.0,False,False,0.0,0.0,-0.0015528903104736166,-0.0,1.2864194212855051
2005-04-15 00:00:00-04:00,61.325843811035156,13.297118186950684,-4.334616384781679,3.6879374475002678,0.368,False,True,0.0,False,False,0.0,0.0,0.01570123334578213,0.0,1.2864194212855051
2005-04-18 00:00:00-04:00,60.55388259887695,13.307024002075195,-4.321481752505725,3.0478211937532933,-0.082,False,False,0.0,False,False,0.0,0.0,-0.005421959659114215,-0.0,1.2864194212855051
2005-04-19 00:00:00-04:00,60.9312858581543,13.467972755432129,-4.308300029104662,2.9072184439452613,-0.119,False,False,0.0,False,False,0.0,0.0,-0.0011819791706734223,-0.0,1.2864194212855051
2005-04-20 00:00:00-04:00,60.382347106933594,13.485307693481445,-4.294274054669444,2.4727401595819813,-0.458,False,False,0.0,False,True,0.0,0.0,-0.0036729318391671346,-0.0,1.2864194212855051
2005-04-21 00:00:00-04:00,59.18154525756836,13.653687477111816,-4.276496182617969,0.7916028830409161,-2.029,True,False,1.0,False,False,0.0,1.0,-0.014298851791360104,-0.0,1.2864194212855051
2005-04-22 00:00:00-04:00,58.90712356567383,13.604162216186523,-4.256552148617312,1.000297654226621,-1.684,False,False,1.0,False,False,0.0,1.0,0.0017865569319405604,0.0017865569319405604,1.2882059782174458
2005-04-25 00:00:00-04:00,58.99288558959961,13.789875984191895,-4.2343470591079875,0.6017647704727977,-1.897,False,False,1.0,False,False,0.0,1.0,-0.0033951208171081482,-0.0033951208171081482,1.2848108574003376
2005-04-26 00:00:00-04:00,58.958553314208984,13.591781616210938,-4.212714619930676,1.7002561886921796,-0.83,False,False,1.0,False,False,0.0,1.0,0.009452083876503767,0.009452083876503767,1.2942629412768414
2005-04-27 00:00:00-04:00,58.203800201416016,13.822065353393555,-4.18881316752672,0.3057508467062249,-1.931,True,False,1.0,False,False,0.0,1.0,-0.012011051911036307,-0.012011051911036307,1.282251889365805
2005-04-28 00:00:00-04:00,56.14530944824219,14.000353813171387,-4.158846304619497,-2.080010271031121,-3.246,False,False,1.0,False,False,0.0,1.0,-0.0208599107577085,-0.0208599107577085,1.2613919786080967
2005-04-29 00:00:00-04:00,57.3803825378418,14.386639595031738,-4.124867766522521,-1.9626033962812386,-2.704,False,False,1.0,False,False,0.0,1.0,0.001005855779239969,0.001005855779239969,1.2623978343873365
2005-05-02 00:00:00-04:00,59.19873809814453,14.4312105178833,-4.092192380636451,0.1434483735018759,-1.309,False,False,1.0,False,False,0.0,1.0,0.017809556330201252,0.017809556330201252,1.2802073907175378
2005-05-03 00:00:00-04:00,59.86771011352539,14.188544273376465,-4.064428566968559,2.1993854451159365,-0.042,False,False,1.0,False,False,0.0,1.0,0.017491972359187122,0.017491972359187122,1.297699363076725
2005-05-04 00:00:00-04:00,60.81120681762695,14.41140365600586,-4.040699130498776,2.579060595537193,0.179,False,False,1.0,False,False,0.0,1.0,0.0031893855534679424,0.0031893855534679424,1.300888748630193
2005-05-05 00:00:00-04:00,60.365196228027344,14.188544273376465,-4.021175415817793,3.3105708096835684,0.609,False,True,0.0,False,False,0.0,0.0,0.006229869913696832,0.006229869913696832,1.3071186185438899
2005-05-06 00:00:00-04:00,60.450958251953125,14.205876350402832,-4.0049743893699725,3.5567872900332063,0.73,False,False,0.0,False,False,0.0,0.0,0.0020982249710670485,0.0,1.3071186185438899
2005-05-09 00:00:00-04:00,60.86268615722656,14.082064628601074,-3.9930714536165883,4.631995880775726,1.32,False,False,0.0,False,False,0.0,0.0,0.009182488570150048,0.0,1.3071186185438899
2005-05-10 00:00:00-04:00,59.91920852661133,14.030065536499023,-3.9829719793963667,4.037850625641063,0.967,False,False,0.0,False,False,0.0,0.0,-0.005130762944119315,-0.0,1.3071186185438899
2005-05-11 00:00:00-04:00,59.14727783203125,13.965686798095703,-3.9733857781859996,3.6562165258778165,0.736,False,False,0.0,False,False,0.0,0.0,-0.0033290267691616334,-0.0,1.3071186185438899
2005-05-12 00:00:00-04:00,58.1866455078125,13.755212783813477,-3.9641674689007362,3.6586784624115793,0.709,False,False,0.0,False,False,0.0,0.0,2.1842212628824065e-05,0.0,1.3071186185438899
2005-05-13 00:00:00-04:00,57.92933654785156,13.272357940673828,-3.9584437398817167,5.391454344121854,1.621,False,False,0.0,True,False,-1.0,-1.0,0.015685883118022024,0.0,1.3071186185438899
2005-05-16 00:00:00-04:00,58.203800201416016,13.207975387573242,-3.9561049207630474,5.951663777320292,1.803,False,False,0.0,False,False,-1.0,-1.0,0.005071791071744417,-0.005071791071744417,1.3020468274721453
2005-05-17 00:00:00-04:00,57.860687255859375,13.272357940673828,-3.954980032053389,5.3687766222291415,1.423,False,False,0.0,False,False,-1.0,-1.0,-0.005282042890144469,0.005282042890144469,1.3073288703622898
2005-05-18 00:00:00-04:00,58.10087203979492,13.495219230651855,-3.953528985231434,4.747131649360156,1.05,False,False,0.0,False,False,-1.0,-1.0,-0.005577561657738781,0.005577561657738781,1.3129064320200285
2005-05-19 00:00:00-04:00,58.34100341796875,13.643779754638672,-3.95126475551224,4.43081734149353,0.863,False,False,0.0,False,False,-1.0,-1.0,-0.002817914975255412,0.002817914975255412,1.315724346995284
2005-05-20 00:00:00-04:00,58.1866455078125,13.789875984191895,-3.9471823597448967,3.75549027994046,0.513,False,False,0.0,False,False,-1.0,-1.0,-0.005996628038742037,0.005996628038742037,1.321720975034026
2005-05-23 00:00:00-04:00,58.58116149902344,13.713112831115723,-3.9432594063909434,4.506800336826025,0.88,False,False,0.0,False,False,-1.0,-1.0,0.006669092106073789,-0.006669092106073789,1.315051882927952
2005-05-24 00:00:00-04:00,58.70123291015625,13.638833999633789,-3.9402940304971144,4.960216718458149,1.07,False,False,0.0,False,False,-1.0,-1.0,0.00403243785368792,-0.00403243785368792,1.3110194450742643
2005-05-25 00:00:00-04:00,58.1523323059082,13.643779754638672,-3.9370066075085943,4.436681260503761,0.773,False,False,0.0,False,False,-1.0,-1.0,-0.0046799400710591695,0.0046799400710591695,1.3156993851453234
2005-05-26 00:00:00-04:00,58.32386779785156,13.747783660888672,-3.9331508224273968,4.251761185473356,0.709,False,False,0.0,False,False,-1.0,-1.0,-0.0016452553216494414,0.0016452553216494414,1.3173446404669729
2005-05-27 00:00:00-04:00,58.752716064453125,13.737872123718262,-3.929865640589527,4.764724430640051,0.938,False,False,0.0,False,False,-1.0,-1.0,0.004549938133611554,-0.004549938133611554,1.3127947023333613
2005-05-31 00:00:00-04:00,58.78701400756836,13.742835998535156,-3.927070713989927,4.817925230554437,0.913,False,False,0.0,False,False,-1.0,-1.0,0.0004718219111920226,-0.0004718219111920226,1.3123228804221694
2005-06-01 00:00:00-04:00,58.40964889526367,14.027593612670898,-3.921939742721518,3.3942720109831583,0.185,False,False,0.0,False,False,-1.0,-1.0,-0.01255149125853696,0.01255149125853696,1.324874371680706
2005-06-02 00:00:00-04:00,58.1180305480957,14.096928596496582,-3.9143534299840947,2.937669744158434,-0.06,False,False,0.0,False,False,-1.0,-1.0,-0.004030086053084382,0.004030086053084382,1.3289044577337905
2005-06-03 00:00:00-04:00,58.06657409667969,14.13902473449707,-3.9049369608205584,2.8545738209859977,-0.09,False,False,0.0,False,False,-1.0,-1.0,-0.0007335537512970505,0.0007335537512970505,1.3296380114850876
2005-06-06 00:00:00-04:00,57.77491760253906,14.104013442993164,-3.8942755476733315,2.8500029274348293,-0.089,False,False,0.0,False,False,-1.0,-1.0,-4.055812203790741e-05,4.055812203790741e-05,1.3296785696071256
2005-06-07 00:00:00-04:00,57.5518913269043,14.231546401977539,-3.881744451148026,2.30866504977233,-0.352,False,False,0.0,False,True,0.0,0.0,-0.004799302391463868,0.004799302391463868,1.3344778719985895
2005-06-08 00:00:00-04:00,57.12306213378906,14.156525611877441,-3.8680669206871303,2.364673702625794,-0.322,False,False,0.0,False,False,0.0,0.0,0.0005006071388120627,0.0,1.3344778719985895
2005-06-09 00:00:00-04:00,56.60845947265625,14.061498641967773,-3.8537325434353455,2.419204546633125,-0.325,False,False,0.0,False,False,0.0,0.0,0.0004921657843149632,0.0,1.3344778719985895
2005-06-10 00:00:00-04:00,55.21898651123047,14.266555786132812,-3.8353328873341037,0.5019959156886458,-1.286,False,False,0.0,False,False,0.0,0.0,-0.017439319514870398,-0.0,1.3344778719985895
2005-06-13 00:00:00-04:00,56.1624641418457,14.239056587219238,-3.816657015258063,1.8168689275788665,-0.649,False,False,0.0,False,False,0.0,0.0,0.011898435458476731,0.0,1.3344778719985895
2005-06-14 00:00:00-04:00,55.59637451171875,14.171528816223145,-3.7977424657209347,1.7765577221601845,-0.672,False,False,0.0,False,False,0.0,0.0,-0.0003684208428319828,-0.0,1.3344778719985895
2005-06-15 00:00:00-04:00,53.76089096069336,14.179027557373047,-3.7757656768657326,0.22420537823084175,-1.469,False,False,0.0,False,False,0.0,0.0,-0.014467729784232126,-0.0,1.3344778719985895
2005-06-16 00:00:00-04:00,54.12112045288086,13.978976249694824,-3.754403903201332,1.638397458267896,-0.891,False,False,0.0,False,False,0.0,0.0,0.013265863915437475,0.0,1.3344778719985895
2005-06-17 00:00:00-04:00,54.447044372558594,14.349079132080078,-3.731996337885099,0.8963335996122481,-1.544,True,False,1.0,False,False,0.0,1.0,-0.006871104474864947,-0.0,1.3344778719985895
2005-06-20 00:00:00-04:00,54.29265594482422,14.29407024383545,-3.709609581361541,1.267236011637337,-1.376,False,False,1.0,False,False,0.0,1.0,0.0034561038202613236,0.0034561038202613236,1.3379339758188507
2005-06-21 00:00:00-04:00,54.6357421875,14.324076652526855,-3.68825374069432,1.8049128918256514,-0.998,False,False,1.0,False,False,0.0,1.0,0.005003201207293532,0.005003201207293532,1.3429371770261442
2005-06-22 00:00:00-04:00,55.21898651123047,14.741692543029785,-3.666349084417943,1.1707955533223924,-1.36,False,False,1.0,False,False,0.0,1.0,-0.005803365229987379,-0.005803365229987379,1.3371338117961569
2005-06-23 00:00:00-04:00,55.49345016479492,14.924243927001953,-3.6439703981439715,1.1099470801198663,-1.32,False,False,1.0,False,False,0.0,1.0,-0.0005537874085785099,-0.0005537874085785099,1.3365800243875783
2005-06-24 00:00:00-04:00,55.37335968017578,14.9117431640625,-3.621806123742737,1.3659169728953273,-1.096,False,False,1.0,False,False,0.0,1.0,0.002340172015457948,0.002340172015457948,1.3389201964030364
2005-06-27 00:00:00-04:00,55.25328826904297,14.914238929748535,-3.600188431535092,1.559217809011983,-0.919,False,False,1.0,False,False,0.0,1.0,0.0017742590400685958,0.0017742590400685958,1.340694455443105
2005-06-28 00:00:00-04:00,55.79726028442383,15.066783905029297,-3.5795197085828416,1.865410351412713,-0.687,False,False,1.0,False,False,0.0,1.0,0.002790440401767504,0.002790440401767504,1.3434848958448724
2005-06-29 00:00:00-04:00,56.24628448486328,14.9117431640625,-3.5619308153555997,3.1316869981208484,0.114,False,False,1.0,False,False,0.0,1.0,0.011578881075930875,0.011578881075930875,1.3550637769208034
2005-06-30 00:00:00-04:00,56.50531768798828,15.209321975708008,-3.5453534287881516,2.5828958718689137,-0.211,False,False,1.0,False,True,0.0,1.0,-0.0049696854134329265,-0.0049696854134329265,1.3500940915073705
2005-07-01 00:00:00-04:00,56.97159194946289,15.334364891052246,-3.5299597086807304,2.8419017258400814,-0.001,False,False,1.0,False,False,0.0,1.0,0.0023312589099346317,0.0023312589099346317,1.3524253504173052
2005-07-05 00:00:00-04:00,56.626216888427734,15.3568696975708,-3.51502160287811,2.646488148882142,-0.07,False,False,1.0,False,False,0.0,1.0,-0.0017667547241557824,-0.0017667547241557824,1.3506585956931492
2005-07-06 00:00:00-04:00,56.28082275390625,14.986763954162598,-3.502594468405003,3.788266228764847,0.796,False,True,0.0,False,False,0.0,0.0,0.010496852147560696,0.010496852147560696,1.36115544784071
2005-07-07 00:00:00-04:00,56.194461822509766,15.196819305419922,-3.4906222760340704,3.1481058301463776,0.375,False,False,0.0,False,False,0.0,0.0,-0.005860084274573343,-0.0,1.36115544784071
2005-07-08 00:00:00-04:00,56.4535026550293,15.366869926452637,-3.478668557315565,2.997255417520357,0.301,False,False,0.0,False,False,0.0,0.0,-0.0013724934573457878,-0.0,1.36115544784071
2005-07-11 00:00:00-04:00,56.574398040771484,15.566924095153809,-3.466018904165213,2.6191448472634278,0.033,False,False,0.0,False,False,0.0,0.0,-0.0034208971622961422,-0.0,1.36115544784071
2005-07-12 00:00:00-04:00,55.952674865722656,15.766977310180664,-3.4508911057880995,1.5425531008574325,-0.768,False,False,0.0,False,True,0.0,0.0,-0.009755024150118445,-0.0,1.36115544784071
2005-07-13 00:00:00-04:00,56.76435470581055,15.91702938079834,-3.4351478591157965,2.0870053048778985,-0.276,False,False,0.0,False,False,0.0,0.0,0.004885533727113222,0.0,1.36115544784071
2005-07-14 00:00:00-04:00,57.16157913208008,15.686963081359863,-3.4216785439486963,3.4858341368757095,0.994,False,True,0.0,False,False,0.0,0.0,0.012620557587545243,0.0,1.36115544784071
2005-07-15 00:00:00-04:00,56.833431243896484,15.604433059692383,-3.409989564890994,3.622477344305416,1.161,False,False,0.0,False,False,0.0,0.0,0.0012417099450511416,0.0,1.36115544784071
2005-07-18 00:00:00-04:00,56.72981643676758,15.47690200805664,-3.4003876740319225,4.102349616371868,1.68,False,False,0.0,True,False,-1.0,-1.0,0.004388114424331386,0.0,1.36115544784071
2005-07-19 00:00:00-04:00,56.53986740112305,15.66695499420166,-3.3908746228559283,3.4151872938586862,1.147,False,False,0.0,False,False,-1.0,-1.0,-0.0062660389170951115,0.0062660389170951115,1.367421486757805
2005-07-20 00:00:00-04:00,56.17717361450195,15.829495429992676,-3.380037837998647,2.6728801047000417,0.414,False,False,0.0,False,False,-1.0,-1.0,-0.006767845184978929,0.006767845184978929,1.374189331942784
2005-07-21 00:00:00-04:00,55.90087127685547,15.406875610351562,-3.3707789322541193,3.967699557622595,1.671,False,False,0.0,True,False,-1.0,-1.0,0.01200752023152394,-0.01200752023152394,1.36218181171126
2005-07-22 00:00:00-04:00,55.55547332763672,15.526922225952148,-3.361427019471007,3.3628574280962553,1.034,False,False,0.0,False,False,-1.0,-1.0,-0.005613483578823232,0.005613483578823232,1.3677952952900831
2005-07-25 00:00:00-04:00,55.43461608886719,15.549422264099121,-3.351925801416259,3.3141064047169166,0.962,False,False,0.0,False,False,-1.0,-1.0,-0.0004532654583308472,0.0004532654583308472,1.368248560748414
2005-07-26 00:00:00-04:00,55.22740173339844,15.524415016174316,-3.3423784400301617,3.33893168925691,0.944,False,False,0.0,False,False,-1.0,-1.0,0.00023176102782929112,-0.00023176102782929112,1.3680167997205848
2005-07-27 00:00:00-04:00,56.574398040771484,15.624444961547852,-3.3348853061747943,4.468666121368756,1.868,False,False,0.0,True,False,-1.0,-1.0,0.010395041232705892,-0.010395041232705892,1.357621758487879
2005-07-28 00:00:00-04:00,58.95755386352539,15.892012596130371,-3.331598143202344,6.011754206509188,2.775,False,False,0.0,False,False,-1.0,-1.0,0.0137894713303402,-0.0137894713303402,1.3438322871575388
2005-07-29 00:00:00-04:00,57.2651481628418,16.079570770263672,-3.3269379958484717,3.7694132103171114,0.936,False,False,0.0,False,False,-1.0,-1.0,-0.02024488188538995,0.02024488188538995,1.3640771690429287
2005-08-01 00:00:00-04:00,57.6278190612793,15.629444122314453,-3.3248954758625477,5.661551008749484,2.221,False,False,0.0,True,False,-1.0,-1.0,0.017264962446992806,-0.017264962446992806,1.3468122065959358
2005-08-02 00:00:00-04:00,57.88687515258789,16.029560089111328,-3.3226506800893265,4.626246420969409,1.342,False,False,0.0,False,False,-1.0,-1.0,-0.00931469040329198,0.00931469040329198,1.356126896999228
2005-08-03 00:00:00-04:00,56.98887252807617,16.187103271484375,-3.3177852634135983,3.2835398365912667,0.291,False,False,0.0,False,False,-1.0,-1.0,-0.012129872396797053,0.012129872396797053,1.3682567693960248
2005-08-04 00:00:00-04:00,56.4535026550293,16.074565887451172,-3.3111074682323176,3.228887496497272,0.214,False,False,0.0,False,False,-1.0,-1.0,-0.0004982975746073306,0.0004982975746073306,1.3687550669706323
2005-08-05 00:00:00-04:00,56.643470764160156,15.549422264099121,-3.306950380164155,5.222302896564592,1.711,False,False,0.0,True,False,-1.0,-1.0,0.01844650965668929,-0.01844650965668929,1.350308557313943
2005-08-08 00:00:00-04:00,55.72819519042969,15.114295959472656,-3.305441182915499,5.768778875215446,1.982,False,False,0.0,False,False,-1.0,-1.0,0.0051706720481772914,-0.0051706720481772914,1.3451378852657656
2005-08-09 00:00:00-04:00,55.90087127685547,15.35936450958252,-3.3045122807322627,5.145662630696769,1.403,False,False,0.0,False,False,-1.0,-1.0,-0.005842294644322675,0.005842294644322675,1.3509801799100885
2005-08-10 00:00:00-04:00,55.175567626953125,15.216828346252441,-3.303526759776297,4.9063679861856855,1.161,False,False,0.0,False,False,-1.0,-1.0,-0.002269383779884715,0.002269383779884715,1.353249563689973
2005-08-11 00:00:00-04:00,55.43461608886719,15.404378890991211,-3.301887891818402,4.571083947720325,0.853,False,False,0.0,False,False,-1.0,-1.0,-0.0031541851297339015,0.0031541851297339015,1.356403748819707
2005-08-12 00:00:00-04:00,55.29646301269531,15.324360847473145,-3.3001006901499434,4.724529203842415,0.933,False,False,0.0,False,False,-1.0,-1.0,0.0014493962384330577,-0.0014493962384330577,1.354954352581274
2005-08-15 00:00:00-04:00,55.78000259399414,15.421886444091797,-3.2985539596949804,4.910077997868804,1.043,False,False,0.0,False,False,-1.0,-1.0,0.0017397929742194753,-0.0017397929742194753,1.3532145596070544
2005-08-16 00:00:00-04:00,55.22740173339844,15.19182300567627,-3.2975732129433597,5.131253134103694,1.179,False,False,0.0,False,False,-1.0,-1.0,0.0020999589886236134,-0.0020999589886236134,1.351114600618431
2005-08-17 00:00:00-04:00,55.24464416503906,15.216828346252441,-3.296864303465259,5.0768259783210965,1.065,False,False,0.0,False,False,-1.0,-1.0,-0.0005163256276186469,0.0005163256276186469,1.3516309262460495
2005-08-18 00:00:00-04:00,55.78000259399414,15.17681884765625,-3.297536876059391,5.733882782574469,1.543,False,False,0.0,True,False,-1.0,-1.0,0.006208833786200965,-0.006208833786200965,1.3454220924598486
2005-08-19 00:00:00-04:00,55.72819519042969,15.404378890991211,-3.2976494653417103,4.9299533766313886,0.788,False,False,0.0,False,False,-1.0,-1.0,-0.0075467595514451735,0.0075467595514451735,1.3529688520112937
2005-08-22 00:00:00-04:00,56.43623733520508,15.484400749206543,-3.2981915772391233,5.365717205576885,1.107,False,False,0.0,False,False,-1.0,-1.0,0.0040533622185381256,-0.0040533622185381256,1.3489154897927556
2005-08-23 00:00:00-04:00,57.05793762207031,15.65445613861084,-3.299104179994208,5.412255939643302,1.087,False,False,0.0,False,False,-1.0,-1.0,0.00042812497287743106,-0.00042812497287743106,1.348487364819878
2005-08-24 00:00:00-04:00,57.21335983276367,15.431883811950684,-3.3018179451149967,6.260088935535286,1.688,False,False,0.0,True,False,-1.0,-1.0,0.007838212119302893,-0.007838212119302893,1.3406491527005753
2005-08-25 00:00:00-04:00,57.52418518066406,15.691964149475098,-3.3046353735615512,5.667965371648954,1.12,False,False,0.0,False,False,-1.0,-1.0,-0.0054134336396194855,0.0054134336396194855,1.3460625863401947
2005-08-26 00:00:00-04:00,57.52418518066406,15.581930160522461,-3.3080868277032778,5.977807266447286,1.306,False,False,0.0,False,False,-1.0,-1.0,0.0028407471824345443,-0.0028407471824345443,1.3432218391577602
2005-08-29 00:00:00-04:00,58.83667755126953,15.75197696685791,-3.3131941354641414,6.6473198427096705,1.831,False,False,0.0,True,False,-1.0,-1.0,0.006030230429246199,-0.006030230429246199,1.337191608728514
2005-08-30 00:00:00-04:00,59.251129150390625,15.789491653442383,-3.3197357084363466,6.834189890400296,1.916,False,False,0.0,False,False,-1.0,-1.0,0.001673442107047798,-0.001673442107047798,1.3355181666214662
2005-08-31 00:00:00-04:00,60.44270324707031,16.14208984375,-3.327057102530763,6.737048582732179,1.695,False,False,0.0,False,False,-1.0,-1.0,-0.0008510092431071989,0.0008510092431071989,1.3363691758645735
2005-09-01 00:00:00-04:00,62.186912536621094,16.217113494873047,-3.337342207550215,8.0648551855491,2.511,False,False,0.0,False,False,-1.0,-1.0,0.011416201210440081,-0.011416201210440081,1.3249529746541333
2005-09-02 00:00:00-04:00,63.033145904541016,16.224613189697266,-3.3506808355766275,8.669645425178608,2.589,False,False,0.0,False,False,-1.0,-1.0,0.005151682422441269,-0.005151682422441269,1.319801292231692
2005-09-06 00:00:00-04:00,63.77570724487305,16.73163414001465,-3.363875567342986,7.492571959555995,1.62,False,False,0.0,False,False,-1.0,-1.0,-0.009804138044447868,0.009804138044447868,1.32960543027614
2005-09-07 00:00:00-04:00,62.48051071166992,16.620643615722656,-3.374874946691021,6.387916975087464,0.794,False,False,0.0,False,False,-1.0,-1.0,-0.009316235664139371,0.009316235664139371,1.3389216659402792
2005-09-08 00:00:00-04:00,61.496177673339844,16.446592330932617,-3.3834121920275773,5.850576663555174,0.361,False,False,0.0,False,False,-1.0,-1.0,-0.0045870936703618585,0.0045870936703618585,1.343508759610641
2005-09-09 00:00:00-04:00,64.24195098876953,16.71398162841797,-3.3934543821978727,7.523816787839841,1.522,False,False,0.0,True,False,-1.0,-1.0,0.013832993930688455,-0.013832993930688455,1.3296757656799527
2005-09-12 00:00:00-04:00,65.15724182128906,16.756855010986328,-3.405514097541587,8.091535850914738,1.821,False,False,0.0,False,False,-1.0,-1.0,0.004644946577811305,-0.004644946577811305,1.3250308191021414
2005-09-13 00:00:00-04:00,64.79458618164062,16.59037208557129,-3.418819725213818,8.075094846852792,1.705,False,False,0.0,False,False,-1.0,-1.0,-0.00013530122927298715,0.00013530122927298715,1.3251661203314145
2005-09-14 00:00:00-04:00,63.55119323730469,16.560108184814453,-3.4304608247388617,6.7423908558613235,0.674,False,False,0.0,False,False,-1.0,-1.0,-0.011072649048716634,0.011072649048716634,1.336238769380131
2005-09-15 00:00:00-04:00,64.00019073486328,16.8703670501709,-3.4396183665033013,5.972566379443336,0.101,False,False,0.0,False,False,-1.0,-1.0,-0.006308598378561699,0.006308598378561699,1.3425473677586925
2005-09-16 00:00:00-04:00,63.87933349609375,17.07720947265625,-3.445436886597708,5.040886058848109,-0.642,False,False,0.0,False,True,0.0,0.0,-0.0075920564526938275,0.0075920564526938275,1.3501394242113864
2005-09-19 00:00:00-04:00,64.88094329833984,17.072168350219727,-3.4507892632733896,5.968488054605835,0.065,False,False,0.0,False,False,0.0,0.0,0.00749314589212494,0.0,1.3501394242113864
2005-09-20 00:00:00-04:00,64.32837677001953,16.993976593017578,-3.45517037321896,5.6112923226487155,-0.235,False,False,0.0,False,True,0.0,0.0,-0.00290295739820947,-0.0,1.3501394242113864
2005-09-21 00:00:00-04:00,66.45244598388672,16.191823959350586,-3.4674943882501417,10.307387269304371,2.984,False,True,0.0,True,False,-1.0,-1.0,0.03830497984608897,0.0,1.3501394242113864
2005-09-22 00:00:00-04:00,66.4006118774414,16.055606842041016,-3.4851493447894297,10.444424211705474,2.75,False,False,0.0,False,False,-1.0,-1.0,0.0011199781533411668,-0.0011199781533411668,1.3490194460580454
2005-09-23 00:00:00-04:00,64.48375701904297,16.075794219970703,-3.502141045333793,8.18405824494382,1.165,False,False,0.0,False,False,-1.0,-1.0,-0.018714201807843903,0.018714201807843903,1.3677336478658892
2005-09-26 00:00:00-04:00,63.896575927734375,16.375965118408203,-3.5153734101627503,6.32894358472948,-0.07,False,False,0.0,False,False,-1.0,-1.0,-0.015272932550462583,0.015272932550462583,1.3830065804163518
2005-09-27 00:00:00-04:00,64.82913970947266,16.295238494873047,-3.5279975787793605,7.339577753928317,0.56,False,True,0.0,False,False,-1.0,-1.0,0.0082623029466628,-0.0082623029466628,1.374744277469689
2005-09-28 00:00:00-04:00,65.44573974609375,16.31037712097168,-3.540872655748733,7.692771393495384,0.747,False,False,0.0,False,False,-1.0,-1.0,0.002866861552510196,-0.002866861552510196,1.371877415917179
2005-09-29 00:00:00-04:00,65.37623596191406,16.426416397094727,-3.5526899189194663,7.018272023982206,0.252,False,False,0.0,False,False,-1.0,-1.0,-0.005451195951152856,0.005451195951152856,1.3773286118683317
2005-09-30 00:00:00-04:00,65.21996307373047,16.23470687866211,-3.56441048584937,7.352803640736347,0.441,False,False,0.0,False,False,-1.0,-1.0,0.002717844157384253,-0.002717844157384253,1.3746107677109474
2005-10-03 00:00:00-04:00,64.45568084716797,16.244787216186523,-3.5743225253514788,6.391571980810738,-0.279,False,False,0.0,False,True,0.0,0.0,-0.00784552162694005,0.00784552162694005,1.3824562893378873
2005-10-04 00:00:00-04:00,65.74101257324219,16.030376434326172,-3.586430052311578,8.249188779307488,1.013,False,True,0.0,False,False,0.0,0.0,0.01507404076103475,0.0,1.3824562893378873
2005-10-05 00:00:00-04:00,65.25467681884766,15.566239356994629,-3.601626742403762,9.190892872037857,1.593,False,False,0.0,True,False,-1.0,-1.0,0.0077622489338155555,0.0,1.3824562893378873
2005-10-06 00:00:00-04:00,64.17781066894531,15.571288108825684,-3.616447872142256,7.8650589212686555,0.594,False,False,0.0,False,False,-1.0,-1.0,-0.011003633182363661,0.011003633182363661,1.393459922520251
2005-10-07 00:00:00-04:00,63.8477897644043,15.715068817138672,-3.6291606349186343,6.815280638207284,-0.219,False,False,0.0,False,True,0.0,0.0,-0.008684444799490763,0.008684444799490763,1.4021443673197418
2005-10-10 00:00:00-04:00,63.60462951660156,15.387147903442383,-3.641841030690507,7.567082936541681,0.308,False,True,0.0,False,False,0.0,0.0,0.00628375647168938,0.0,1.4021443673197418
2005-10-11 00:00:00-04:00,63.326751708984375,15.117240905761719,-3.6553984425398007,8.067212846564018,0.651,False,False,0.0,False,False,0.0,0.0,0.004217434474191542,0.0,1.4021443673197418
2005-10-12 00:00:00-04:00,63.04883575439453,14.668240547180176,-3.671533385703359,9.193900875894805,1.443,False,False,0.0,False,False,0.0,0.0,0.009637738998760404,0.0,1.4021443673197418
2005-10-13 00:00:00-04:00,62.51039505004883,14.274735450744629,-3.6904788144675504,9.829786286946877,1.793,False,False,0.0,True,False,-1.0,-1.0,0.0055202697259547325,0.0,1.4021443673197418
2005-10-14 00:00:00-04:00,62.64935302734375,14.660674095153809,-3.708598646471271,8.278796921699907,0.579,False,False,0.0,False,False,-1.0,-1.0,-0.013254064002770195,0.013254064002770195,1.415398431322512
2005-10-17 00:00:00-04:00,62.388824462890625,15.286248207092285,-3.721268254178856,5.504594284339653,-1.481,False,False,0.0,False,True,0.0,0.0,-0.02325925705265163,0.02325925705265163,1.4386576883751636
2005-10-18 00:00:00-04:00,62.52775192260742,15.033997535705566,-3.731948315168913,6.421650148977449,-0.783,False,False,0.0,False,False,0.0,0.0,0.007730136348650714,0.0,1.4386576883751636
2005-10-19 00:00:00-04:00,63.13568115234375,15.276153564453125,-3.7405611633471154,5.994294403823787,-1.069,False,False,0.0,False,False,0.0,0.0,-0.0035530941401556476,-0.0,1.4386576883751636
2005-10-20 00:00:00-04:00,61.954586029052734,15.036523818969727,-3.747091852451516,5.611350137798112,-1.267,False,False,0.0,False,False,0.0,0.0,-0.003237120175244217,-0.0,1.4386576883751636
2005-10-21 00:00:00-04:00,62.701454162597656,15.427510261535645,-3.7508519221863046,4.835147643567744,-1.685,True,False,1.0,False,False,0.0,1.0,-0.0064378942583168345,-0.0,1.4386576883751636
2005-10-24 00:00:00-04:00,64.69888305664062,15.93704891204834,-3.7528779594027664,4.889083456690571,-1.536,False,False,1.0,False,False,0.0,1.0,0.0004331891718073037,0.0004331891718073037,1.4390908775469708
2005-10-25 00:00:00-04:00,64.09097290039062,16.005157470703125,-3.752174821923398,4.036824017899185,-1.941,False,False,1.0,False,False,0.0,1.0,-0.0068650255970742514,-0.0068650255970742514,1.4322258519498967
2005-10-26 00:00:00-04:00,64.38623046875,15.725159645080566,-3.752151893470925,5.383042931328376,-1.078,False,False,1.0,False,False,0.0,1.0,0.010910327118666335,0.010910327118666335,1.443136179068563
2005-10-27 00:00:00-04:00,64.24730682373047,15.616694450378418,-3.7530434064110634,5.637174686801501,-0.875,False,False,1.0,False,False,0.0,1.0,0.0020685093033275858,0.0020685093033275858,1.4452046883718905
2005-10-28 00:00:00-04:00,64.40361022949219,15.929487228393555,-3.752673506124433,4.625445541352164,-1.4,False,False,1.0,False,False,0.0,1.0,-0.00814716286766235,-0.00814716286766235,1.4370575255042284
2005-10-31 00:00:00-05:00,64.50785064697266,15.8638916015625,-3.7521350701866503,4.984386619110531,-1.115,False,False,1.0,False,False,0.0,1.0,0.002893955278143912,0.002893955278143912,1.4399514807823721
2005-11-01 00:00:00-05:00,64.7683334350586,15.65958309173584,-3.7533427263406005,5.992551140165624,-0.502,False,False,1.0,False,False,0.0,1.0,0.008160360492269708,0.008160360492269708,1.4481118412746419
2005-11-02 00:00:00-05:00,64.62937927246094,15.765523910522461,-3.7546702322320873,5.4350359500790475,-0.817,False,False,1.0,False,False,0.0,1.0,-0.004502490947641696,-0.004502490947641696,1.4436093503270002
2005-11-03 00:00:00-05:00,63.55252456665039,16.08083152770996,-3.75198918840575,3.2174185341082975,-1.989,True,False,1.0,False,False,0.0,1.0,-0.01790023269671932,-0.01790023269671932,1.425709117630281
2005-11-04 00:00:00-05:00,63.81307601928711,16.02533721923828,-3.7476675437835145,3.7554398445618418,-1.59,False,False,1.0,False,False,0.0,1.0,0.004343410164711647,0.004343410164711647,1.4300525277949925
2005-11-07 00:00:00-05:00,64.17781066894531,15.891644477844238,-3.7439818480151232,4.679782208786712,-1.064,False,False,1.0,False,False,0.0,1.0,0.007473912210613415,0.007473912210613415,1.4375264400056058
2005-11-08 00:00:00-05:00,64.26463317871094,15.730204582214355,-3.7420442018430218,5.401512328031174,-0.638,False,False,1.0,False,False,0.0,1.0,0.005861636354320121,0.005861636354320121,1.443388076359926
2005-11-09 00:00:00-05:00,63.239906311035156,15.79831600189209,-3.7389849596755105,4.170240391759691,-1.295,False,False,1.0,False,False,0.0,1.0,-0.010066848520678176,-0.010066848520678176,1.4333212278392478
2005-11-10 00:00:00-05:00,64.21253204345703,15.611650466918945,-3.7382817130419044,5.851784592571832,-0.26,False,False,1.0,False,False,0.0,1.0,0.013718684918516503,0.013718684918516503,1.4470399127577644
2005-11-11 00:00:00-05:00,65.42835998535156,15.419944763183594,-3.7425330363048817,7.718707291140511,0.834,False,True,0.0,False,False,0.0,0.0,0.015161221607716711,0.015161221607716711,1.462201134365481
2005-11-14 00:00:00-05:00,65.16783905029297,15.316521644592285,-3.750040337567978,7.730265051838877,0.83,False,False,0.0,False,False,0.0,0.0,9.426794797201206e-05,0.0,1.462201134365481
2005-11-15 00:00:00-05:00,65.04627227783203,15.520843505859375,-3.7578556596086794,6.721182667437759,0.249,False,False,0.0,False,False,0.0,0.0,-0.008179227082824463,-0.0,1.462201134365481
2005-11-16 00:00:00-05:00,65.39366912841797,15.626784324645996,-3.765566428934106,6.549974683337275,0.155,False,False,0.0,False,False,0.0,0.0,-0.0013780716136912968,-0.0,1.462201134365481
2005-11-17 00:00:00-05:00,65.94940948486328,15.95975399017334,-3.771761660647809,5.753021271356587,-0.298,False,False,0.0,False,True,0.0,0.0,-0.006317716693871175,-0.0,1.462201134365481
2005-11-18 00:00:00-05:00,66.8699722290039,15.61921215057373,-3.7807229063340375,7.818059072438878,0.914,False,True,0.0,False,False,0.0,0.0,0.016399355797121432,0.0,1.462201134365481
2005-11-21 00:00:00-05:00,67.51261901855469,15.624261856079102,-3.792310578492315,8.26056550061194,1.178,False,False,0.0,False,False,0.0,0.0,0.0034907708852847555,0.0,1.462201134365481
2005-11-22 00:00:00-05:00,66.73101043701172,15.576336860656738,-3.8041783684203243,7.475846692473212,0.77,False,False,0.0,False,False,0.0,0.0,-0.00622861050616492,-0.0,1.462201134365481
2005-11-23 00:00:00-05:00,66.53994750976562,15.770573616027832,-3.814251932014831,6.387006625849345,0.122,False,False,0.0,False,False,0.0,0.0,-0.008594326646342104,-0.0,1.462201134365481
2005-11-25 00:00:00-05:00,66.60945129394531,15.841196060180664,-3.8225361415909527,6.0559068278765125,-0.073,False,False,0.0,False,False,0.0,0.0,-0.002603743298071511,-0.0,1.462201134365481
2005-11-28 00:00:00-05:00,65.32414245605469,15.780659675598145,-3.8275534453570357,4.922824144712166,-0.744,False,False,0.0,False,True,0.0,0.0,-0.009012356576371158,-0.0,1.462201134365481
2005-11-29 00:00:00-05:00,64.31675720214844,15.924436569213867,-3.827564145195297,3.364954757388638,-1.617,True,False,1.0,False,False,0.0,1.0,-0.012436236129118596,-0.0,1.462201134365481
2005-11-30 00:00:00-05:00,64.7683334350586,15.821012496948242,-3.825895396548799,4.238794554243292,-1.032,False,False,1.0,False,False,0.0,1.0,0.006974099246088695,0.006974099246088695,1.4691752336115698
2005-12-01 00:00:00-05:00,65.20259857177734,16.005157470703125,-3.8227190225416727,4.019378649745541,-1.177,False,False,1.0,False,False,0.0,1.0,-0.0017360801006997383,-0.0017360801006997383,1.46743915351087
2005-12-02 00:00:00-05:00,65.13310241699219,16.02533721923828,-3.818412405215827,3.94175598128583,-1.185,False,False,1.0,False,False,0.0,1.0,-0.0006144706679086562,-0.0006144706679086562,1.4668246828429614
2005-12-05 00:00:00-05:00,65.48047637939453,16.348217010498047,-3.8119173824408756,3.1624237851614225,-1.647,True,False,1.0,False,False,0.0,1.0,-0.0060981311943365925,-0.0060981311943365925,1.4607265516486247
2005-12-06 00:00:00-05:00,65.81044006347656,16.386384963989258,-3.8045577381685978,3.4674923481216737,-1.336,False,False,1.0,False,False,0.0,1.0,0.0023804955003354413,0.0023804955003354413,1.4631070471489602
2005-12-07 00:00:00-05:00,65.68891906738281,16.25407600402832,-3.7975651367227026,3.9630067048438065,-0.933,False,False,1.0,False,False,0.0,1.0,0.0038889849098506695,0.0038889849098506695,1.466996032058811
2005-12-08 00:00:00-05:00,65.51520538330078,16.539052963256836,-3.788750890563718,2.8528537396809455,-1.589,True,False,1.0,False,False,0.0,1.0,-0.008661055733256798,-0.008661055733256798,1.458334976325554
2005-12-09 00:00:00-05:00,64.64678192138672,16.615386962890625,-3.7769769781855667,1.890847878904225,-2.034,False,False,1.0,False,False,0.0,1.0,-0.007550905437915003,-0.007550905437915003,1.4507840708876392
2005-12-12 00:00:00-05:00,64.26463317871094,16.39146614074707,-3.764545945683656,2.5582057747506326,-1.515,False,False,1.0,False,False,0.0,1.0,0.005297708003406383,0.005297708003406383,1.4560817788910456
2005-12-13 00:00:00-05:00,64.62937927246094,16.71462631225586,-3.750522951636799,1.940789660312987,-1.769,False,False,1.0,False,False,0.0,1.0,-0.0048494027971591625,-0.0048494027971591625,1.4512323760938863
2005-12-14 00:00:00-05:00,65.32414245605469,16.681537628173828,-3.737405369578863,2.9784741516859725,-1.107,False,False,1.0,False,False,0.0,1.0,0.008127876787725757,0.008127876787725757,1.459360252881612
2005-12-15 00:00:00-05:00,64.52515411376953,16.941085815429688,-3.722078660065649,1.4691001218178243,-1.801,True,False,1.0,False,False,0.0,1.0,-0.011830692405870563,-0.011830692405870563,1.4475295604757417
2005-12-16 00:00:00-05:00,64.69888305664062,16.92072296142578,-3.7063026284171037,1.9855630699906115,-1.432,False,False,1.0,False,False,0.0,1.0,0.004053481031148244,0.004053481031148244,1.4515830415068898
2005-12-19 00:00:00-05:00,64.68151092529297,16.574674606323242,-3.6930319459074106,3.4707081111208993,-0.629,False,False,1.0,False,False,0.0,1.0,0.011796947700904163,0.011796947700904163,1.4633799892077939
2005-12-20 00:00:00-05:00,63.98675537109375,16.765506744384766,-3.6792108506233667,2.3029210409540823,-1.163,False,False,1.0,False,False,0.0,1.0,-0.00929244521684102,-0.00929244521684102,1.4540875439909529
2005-12-21 00:00:00-05:00,64.45568084716797,16.559404373168945,-3.667669566345656,3.7212573908850572,-0.411,False,False,1.0,False,False,0.0,1.0,0.011329460565773155,0.011329460565773155,1.465417004556726
2005-12-22 00:00:00-05:00,64.12574005126953,16.877464294433594,-3.655212565327956,2.435020491381934,-1.047,False,False,1.0,False,False,0.0,1.0,-0.010223121072380442,-0.010223121072380442,1.4551938834843456
2005-12-23 00:00:00-05:00,64.4904556274414,16.95379066467285,-3.6427187098782614,2.7325651698782067,-0.872,False,False,1.0,False,False,0.0,1.0,0.002356820407737715,0.002356820407737715,1.4575507038920834
2005-12-27 00:00:00-05:00,64.42096710205078,16.760421752929688,-3.6317358726995788,3.551542180361679,-0.443,False,False,1.0,False,False,0.0,1.0,0.006536630600759021,0.006536630600759021,1.4640873344928425
2005-12-28 00:00:00-05:00,64.98873901367188,16.80112648010254,-3.622770838063054,4.122107954947431,-0.139,False,False,1.0,False,False,0.0,1.0,0.004533503610195919,0.004533503610195919,1.4686208381030383
2005-12-29 00:00:00-05:00,64.81404876708984,16.595029830932617,-3.6163604527935904,4.800439173575221,0.192,False,False,1.0,False,False,0.0,1.0,0.00543414198052337,0.00543414198052337,1.4740549800835616
2005-12-30 00:00:00-05:00,64.5345230102539,16.53141975402832,-3.6116436898079987,4.828925172050226,0.223,False,True,0.0,False,False,0.0,0.0,0.0002292817994740328,0.0002292817994740328,1.4742842618830356
2006-01-03 00:00:00-05:00,63.923091888427734,16.951263427734375,-3.604340339538544,2.8249693097003146,-0.745,False,False,0.0,False,True,0.0,0.0,-0.01602892653771476,-0.0,1.4742842618830356
2006-01-04 00:00:00-05:00,64.58695983886719,16.9792423248291,-3.596642657787761,3.5186925964714106,-0.333,False,False,0.0,False,False,0.0,0.0,0.005520847026303614,0.0,1.4742842618830356
2006-01-05 00:00:00-05:00,63.608638763427734,16.885101318359375,-3.5878081988237227,3.0281338154487187,-0.561,False,False,0.0,False,False,0.0,0.0,-0.0039500939161209,-0.0,1.4742842618830356
2006-01-06 00:00:00-05:00,62.83993148803711,17.203155517578125,-3.575128743305802,1.3364357215837543,-1.438,False,False,0.0,False,False,0.0,0.0,-0.013605046372114304,-0.0,1.4742842618830356
2006-01-09 00:00:00-05:00,65.39058685302734,17.162445068359375,-3.565242014565082,4.20231662264721,0.226,False,True,0.0,False,False,0.0,0.0,0.022641071084841768,0.0,1.4742842618830356
2006-01-10 00:00:00-05:00,64.7266845703125,17.081026077270508,-3.5567460004637814,3.973813386163066,0.174,False,False,0.0,False,False,0.0,0.0,-0.0018210395718269734,-0.0,1.4742842618830356
2006-01-11 00:00:00-05:00,64.42974853515625,16.946165084838867,-3.549704712759368,4.275866470305466,0.512,False,True,0.0,False,False,0.0,0.0,0.0024245005759398973,0.0,1.4742842618830356
2006-01-12 00:00:00-05:00,65.5652847290039,16.971601486206055,-3.5456256651317877,5.390338921122925,1.541,False,False,0.0,True,False,-1.0,-1.0,0.008863292568010184,0.0,1.4742842618830356
2006-01-13 00:00:00-05:00,65.25078582763672,17.345643997192383,-3.540599996732579,3.836798747852889,0.354,False,False,0.0,False,False,-1.0,-1.0,-0.012264974211934372,0.012264974211934372,1.4865492360949701
2006-01-17 00:00:00-05:00,64.30743408203125,17.668798446655273,-3.5314344759619507,1.911230098689856,-1.366,False,False,0.0,False,True,0.0,0.0,-0.015197421941187965,0.015197421941187965,1.5017466580361583
2006-01-18 00:00:00-05:00,63.53871536254883,17.83672523498535,-3.5175728119727943,0.7967356213353085,-2.224,True,False,1.0,False,False,0.0,1.0,-0.00882553328075039,-0.0,1.5017466580361583
2006-01-19 00:00:00-05:00,61.879066467285156,17.887615203857422,-3.4979994609562564,-0.6918018736010438,-2.971,False,False,1.0,False,False,0.0,1.0,-0.011960934308489612,-0.011960934308489612,1.4897857237276686
2006-01-20 00:00:00-05:00,60.7435302734375,17.93088150024414,-3.4732680308646664,-1.5352272065831443,-3.006,False,False,1.0,False,False,0.0,1.0,-0.00685587423534474,-0.00685587423534474,1.4829298494923238
2006-01-23 00:00:00-05:00,60.53388214111328,18.037736892700195,-3.4451438524129254,-1.608716226214618,-2.63,False,False,1.0,False,False,0.0,1.0,-0.0005990473424644508,-0.0005990473424644508,1.4823308021498594
2006-01-24 00:00:00-05:00,61.58209228515625,18.12171173095703,-3.417216868515394,-0.34372672824341777,-1.719,False,False,1.0,False,False,0.0,1.0,0.010242173838672881,0.010242173838672881,1.4925729759885322
2006-01-25 00:00:00-05:00,62.03630447387695,17.8443660736084,-3.392871764685268,1.4926586640233026,-0.623,False,False,1.0,False,False,0.0,1.0,0.014981123650451131,0.014981123650451131,1.5075540996389833
2006-01-26 00:00:00-05:00,62.018863677978516,17.722232818603516,-3.3722077998451376,2.2558119364122646,-0.163,False,False,1.0,False,False,0.0,1.0,0.006266556653833708,0.006266556653833708,1.513820656292817
2006-01-27 00:00:00-05:00,62.106201171875,17.78838539123535,-3.3541970696659376,2.4404510185050086,-0.03,False,False,1.0,False,False,0.0,1.0,0.0015162693878460146,0.0015162693878460146,1.515336925680663
2006-01-30 00:00:00-05:00,62.31583786010742,17.508481979370117,-3.3404231002008715,3.8301002067688046,0.76,False,True,0.0,False,False,0.0,0.0,0.011503568412558647,0.011503568412558647,1.5268404940932216
2006-01-31 00:00:00-05:00,60.638702392578125,17.714599609375,-3.3254879731604023,1.7290144422495999,-0.457,False,False,0.0,False,True,0.0,0.0,-0.017575190753238542,-0.0,1.5268404940932216
2006-02-01 00:00:00-05:00,60.44652557373047,17.712045669555664,-3.309993110333537,1.81977643758826,-0.391,False,False,0.0,False,False,0.0,0.0,0.0007622364931157362,0.0,1.5268404940932216
2006-02-02 00:00:00-05:00,60.09712219238281,17.36090850830078,-3.2960945847147856,2.873925672443761,0.204,False,True,0.0,False,False,0.0,0.0,0.00898522307495902,0.0,1.5268404940932216
2006-02-03 00:00:00-05:00,60.07966995239258,17.2387752532959,-3.284263625799268,3.462987434664292,0.535,False,False,0.0,False,False,0.0,0.0,0.005047816403442049,0.0,1.5268404940932216
2006-02-06 00:00:00-05:00,60.341678619384766,17.284578323364258,-3.274236625423222,3.7478792180292118,0.66,False,False,0.0,False,False,0.0,0.0,0.002436316062387752,0.0,1.5268404940932216
2006-02-07 00:00:00-05:00,61.12787628173828,17.06829261779785,-3.26823153070868,5.344744172889143,1.474,False,False,0.0,False,False,0.0,0.0,0.01365880747110634,0.0,1.5268404940932216
2006-02-08 00:00:00-05:00,62.2634162902832,16.836753845214844,-3.268164312309133,7.2381382382184825,2.268,False,False,0.0,True,False,-1.0,-1.0,0.016143022786175867,0.0,1.5268404940932216
2006-02-09 00:00:00-05:00,60.76099395751953,17.091201782226562,-3.2676750379437265,4.91250052527846,1.021,False,False,0.0,False,False,-1.0,-1.0,-0.019943812163127943,0.019943812163127943,1.5467843062563496
2006-02-10 00:00:00-05:00,60.83087158203125,17.345643997192383,-3.265608783068845,4.186784196814415,0.645,False,False,0.0,False,False,-1.0,-1.0,-0.006177625724188375,0.006177625724188375,1.552961931980538
2006-02-13 00:00:00-05:00,59.88750076293945,17.304935455322266,-3.261216243026928,3.452364171509892,0.261,False,False,0.0,False,False,-1.0,-1.0,-0.006313646612629339,0.006313646612629339,1.5592755785931671
2006-02-14 00:00:00-05:00,59.41579055786133,17.383811950683594,-3.254246192925686,2.8445866988132025,-0.046,False,False,0.0,False,False,-1.0,-1.0,-0.005240048470538547,0.005240048470538547,1.5645156270637057
2006-02-15 00:00:00-05:00,60.918216705322266,17.373634338378906,-3.248591967111729,4.478367754128051,0.756,False,True,0.0,False,False,-1.0,-1.0,0.013921335923315216,-0.013921335923315216,1.5505942911403905
2006-02-16 00:00:00-05:00,61.14535903930664,17.208248138427734,-3.245262504914662,5.300076580399583,1.131,False,False,0.0,False,False,-1.0,-1.0,0.007023714168488243,-0.007023714168488243,1.5435705769719021
2006-02-17 00:00:00-05:00,61.58209228515625,17.3380126953125,-3.243486822368189,5.346476581857793,1.137,False,False,0.0,False,False,-1.0,-1.0,0.00039382875673287275,-0.00039382875673287275,1.5431767482151693
2006-02-21 00:00:00-05:00,61.12787628173828,17.50340461730957,-3.240985197171923,4.399601016927278,0.685,False,False,0.0,False,False,-1.0,-1.0,-0.008034163278753682,0.008034163278753682,1.5512109114939232
2006-02-22 00:00:00-05:00,61.12787628173828,17.633176803588867,-3.2373749647680428,4.042671148471101,0.49,False,False,0.0,False,False,-1.0,-1.0,-0.00301937707894712,0.00301937707894712,1.5542302885728703
2006-02-23 00:00:00-05:00,61.11038589477539,17.676424026489258,-3.2329197716733447,3.963925167056516,0.445,False,False,0.0,False,False,-1.0,-1.0,-0.000665889406521737,0.000665889406521737,1.554896177979392
2006-02-24 00:00:00-05:00,60.900753021240234,17.658613204956055,-3.2278205993324383,3.9019175626392766,0.401,False,False,0.0,False,False,-1.0,-1.0,-0.0005259357154401055,0.0005259357154401055,1.5554221136948323
2006-02-27 00:00:00-05:00,61.11038589477539,17.96649742126465,-3.221100603187833,3.2384902139671894,0.052,False,False,0.0,False,False,-1.0,-1.0,-0.005575849949142591,0.005575849949142591,1.5609979636439748
2006-02-28 00:00:00-05:00,60.167015075683594,17.65607452392578,-3.2137179203526833,3.425371975060841,0.156,False,False,0.0,False,False,-1.0,-1.0,0.001598527979098187,-0.001598527979098187,1.5593994356648766
2006-03-01 00:00:00-05:00,61.14535903930664,17.490684509277344,-3.208812495946046,5.021032023287567,0.918,False,True,0.0,False,False,-1.0,-1.0,0.013606756374140227,-0.013606756374140227,1.5457926792907364
2006-03-02 00:00:00-05:00,61.12787628173828,17.544118881225586,-3.205237320951025,4.89481168043249,0.842,False,False,0.0,False,False,-1.0,-1.0,-0.0010754885049947104,0.0010754885049947104,1.546868167795731
2006-03-03 00:00:00-05:00,60.97065734863281,17.691696166992188,-3.201480225501211,4.331041914431751,0.591,False,False,0.0,False,False,-1.0,-1.0,-0.004793541862127417,0.004793541862127417,1.5516617096578584
2006-03-06 00:00:00-05:00,59.93988037109375,17.093931198120117,-3.1992838892106725,5.251541685672372,1.009,False,False,0.0,False,False,-1.0,-1.0,0.008030306837331105,-0.008030306837331105,1.5436314028205276
2006-03-07 00:00:00-05:00,59.32844543457031,17.06827735900879,-3.1971783652672263,4.758118329966983,0.727,False,False,0.0,False,False,-1.0,-1.0,-0.004332121801713742,0.004332121801713742,1.5479635246222412
2006-03-08 00:00:00-05:00,58.87423324584961,17.188858032226562,-3.193722973999593,3.977782451510201,0.312,False,False,0.0,False,False,-1.0,-1.0,-0.006858848437451001,0.006858848437451001,1.5548223730596922
2006-03-09 00:00:00-05:00,58.54227828979492,17.011838912963867,-3.189951538049271,4.275336584339392,0.412,False,False,0.0,False,False,-1.0,-1.0,0.0026376756513494092,-0.0026376756513494092,1.5521846974083426
2006-03-10 00:00:00-05:00,58.96158218383789,17.30943489074707,-3.185163646662283,3.8281994255625946,0.106,False,False,0.0,False,False,-1.0,-1.0,-0.003918991157967886,0.003918991157967886,1.5561036885663106
2006-03-13 00:00:00-05:00,59.32844543457031,17.22734260559082,-3.18099523095108,4.528350764225564,0.496,False,True,0.0,False,False,-1.0,-1.0,0.006134761191366689,-0.006134761191366689,1.549968927374944
2006-03-14 00:00:00-05:00,59.50314712524414,17.447973251342773,-3.1764069137487816,4.081284258775149,0.1,False,False,0.0,False,False,-1.0,-1.0,-0.0038900714951658633,0.0038900714951658633,1.5538589988701097
2006-03-15 00:00:00-05:00,59.93988037109375,17.430015563964844,-3.1725674831424677,4.641979762191767,0.525,False,True,0.0,False,False,-1.0,-1.0,0.004865552760981657,-0.004865552760981657,1.5489934461091281
2006-03-16 00:00:00-05:00,59.520599365234375,17.522371292114258,-3.168057980293172,4.008711159591819,-0.09,False,False,0.0,False,False,-1.0,-1.0,-0.005505128298731793,0.005505128298731793,1.55449857440786
2006-03-17 00:00:00-05:00,58.786865234375,17.41461944580078,-3.162592537665621,3.7115197287988337,-0.416,False,False,0.0,False,True,0.0,0.0,-0.0026100971416384822,0.0026100971416384822,1.5571086715494986
2006-03-20 00:00:00-05:00,58.682037353515625,17.219648361206055,-3.1576085025964757,4.309129276449916,0.147,False,False,0.0,False,False,0.0,0.0,0.005286009783782787,0.0,1.5571086715494986
2006-03-21 00:00:00-05:00,58.192867279052734,16.93231201171875,-3.1538041226975158,4.791671849693472,0.575,False,True,0.0,False,False,0.0,0.0,0.004324088231328296,0.0,1.5571086715494986
2006-03-22 00:00:00-05:00,57.58142852783203,17.188858032226562,-3.148344703775061,3.4649783781301124,-0.968,False,False,0.0,False,True,0.0,0.0,-0.011877517167478674,-0.0,1.5571086715494986
2006-03-23 00:00:00-05:00,57.98326110839844,17.15037727355957,-3.1429447882509116,4.0805722399275055,-0.305,False,False,0.0,False,False,0.0,0.0,0.005501976449452833,0.0,1.5571086715494986
2006-03-24 00:00:00-05:00,59.10132598876953,17.011838912963867,-3.1404600718755646,5.676325133427497,1.529,False,True,0.0,True,False,-1.0,-1.0,0.014181151542524523,0.0,1.5571086715494986
2006-03-27 00:00:00-05:00,59.50314712524414,16.775808334350586,-3.1418372838967588,6.79628703287549,2.499,False,False,0.0,False,False,-1.0,-1.0,0.00998094490160768,-0.00998094490160768,1.5471277266478909
2006-03-28 00:00:00-05:00,59.22359848022461,16.68088150024414,-3.1455829024332904,6.7525028355408665,2.24,False,False,0.0,False,False,-1.0,-1.0,-0.0003919989009116213,0.0003919989009116213,1.5475197255488022
2006-03-29 00:00:00-05:00,59.83055877685547,16.829687118530273,-3.150930669635137,6.801381474715036,2.384,False,False,0.0,False,False,-1.0,-1.0,0.0004330919145509724,-0.0004330919145509724,1.5470866336342515
2006-03-30 00:00:00-05:00,60.024051666259766,16.555173873901367,-3.1589511427053365,7.727066239613507,2.832,False,False,0.0,False,False,-1.0,-1.0,0.008241419317850428,-0.008241419317850428,1.5388452143164009
2006-03-31 00:00:00-05:00,60.27036666870117,16.429466247558594,-3.1695160180813207,8.196910228537803,2.757,False,False,0.0,False,False,-1.0,-1.0,0.004182196901640095,-0.004182196901640095,1.5346630174147609
2006-04-03 00:00:00-04:00,61.044403076171875,16.4089412689209,-3.1828280169731666,8.817565076583215,2.768,False,False,0.0,False,False,-1.0,-1.0,0.005479368303471592,-0.005479368303471592,1.5291836491112893
2006-04-04 00:00:00-04:00,61.66012954711914,16.5603084564209,-3.1977244383303116,8.704826489733911,2.402,False,False,0.0,False,False,-1.0,-1.0,-0.0009836248425491088,0.0009836248425491088,1.5301672739538383
2006-04-05 00:00:00-04:00,61.90639877319336,16.79120635986328,-3.212341250420233,7.967313939085983,1.763,False,False,0.0,False,False,-1.0,-1.0,-0.006366347031257495,0.006366347031257495,1.5365336209850957
2006-04-06 00:00:00-04:00,61.76565933227539,16.47821044921875,-3.227836617043407,8.576688260939818,1.955,False,False,0.0,False,False,-1.0,-1.0,0.005300998487092637,-0.005300998487092637,1.531232622498003
2006-04-07 00:00:00-04:00,61.378662109375,16.042083740234375,-3.24518784542205,9.319086940323707,2.149,False,False,0.0,False,False,-1.0,-1.0,0.006544518825356243,-0.006544518825356243,1.524688103672647
2006-04-10 00:00:00-04:00,60.90367126464844,16.060033798217773,-3.262311448736186,8.510839137632502,1.585,False,False,0.0,False,False,-1.0,-1.0,-0.00713391656843199,0.00713391656843199,1.531822020241079
2006-04-11 00:00:00-04:00,60.428680419921875,15.900972366333008,-3.2788985552820984,8.291005100372004,1.375,False,False,0.0,False,False,-1.0,-1.0,-0.0019529284377766522,0.0019529284377766522,1.5337749486788557
2006-04-12 00:00:00-04:00,60.129638671875,15.926627159118652,-3.2940511048019583,7.666514882611331,0.995,False,False,0.0,False,False,-1.0,-1.0,-0.005546450802965383,0.005546450802965383,1.539321399481821
2006-04-13 00:00:00-04:00,60.16477966308594,15.764998435974121,-3.3088779116610527,8.000324560920127,1.097,False,False,0.0,False,False,-1.0,-1.0,0.0029717079352173945,-0.0029717079352173945,1.5363496915466035
2006-04-17 00:00:00-04:00,61.25551223754883,15.729084014892578,-3.3252224740873615,8.952808574419763,1.483,False,False,0.0,False,False,-1.0,-1.0,0.008387627490843218,-0.008387627490843218,1.5279620640557603
2006-04-18 00:00:00-04:00,62.18788146972656,16.213966369628906,-3.3409515546025617,8.017805320841212,0.957,False,False,0.0,False,False,-1.0,-1.0,-0.008035576360348497,0.008035576360348497,1.5359976404161086
2006-04-19 00:00:00-04:00,62.97953414916992,16.267841339111328,-3.3569151831233452,8.36977056126549,1.072,False,False,0.0,False,False,-1.0,-1.0,0.0029931741000040657,-0.0029931741000040657,1.5330044663161047
2006-04-20 00:00:00-04:00,62.873966217041016,16.360200881958008,-3.3718415012316862,7.709961914767767,0.698,False,False,0.0,False,False,-1.0,-1.0,-0.005589799990586589,0.005589799990586589,1.5385942663066912
2006-04-21 00:00:00-04:00,62.41658401489258,16.224227905273438,-3.385667064950002,7.486749941765538,0.545,False,False,0.0,False,False,-1.0,-1.0,-0.0019021626449202858,0.0019021626449202858,1.5404964289516117
2006-04-24 00:00:00-04:00,62.34621810913086,16.957962036132812,-3.393939172991954,4.791926460589309,-0.813,False,False,0.0,False,True,0.0,0.0,-0.02247549644803564,0.02247549644803564,1.5629719253996472
2006-04-25 00:00:00-04:00,61.32590866088867,16.7142391204834,-3.3980780847290104,4.529619002653746,-0.939,False,False,0.0,False,False,0.0,0.0,-0.002220644905599394,-0.0,1.5629719253996472
2006-04-26 00:00:00-04:00,61.32590866088867,15.918933868408203,-3.4042598811935747,7.13372074129299,0.334,False,True,0.0,False,False,0.0,0.0,0.022542803385138026,0.0,1.5629719253996472
2006-04-27 00:00:00-04:00,61.67771911621094,16.15752410888672,-3.410750727148742,6.568432012902235,0.008,False,False,0.0,False,False,0.0,0.0,-0.004840339235412929,-0.0,1.5629719253996472
2006-04-28 00:00:00-04:00,61.8360481262207,16.0856876373291,-3.417962014193641,6.855778809645578,0.116,False,False,0.0,False,False,0.0,0.0,0.0024598172843794236,0.0,1.5629719253996472
2006-05-01 00:00:00-04:00,61.58974075317383,15.89841365814209,-3.426110334031309,7.12002142430871,0.223,False,True,0.0,False,False,0.0,0.0,0.002276786523703859,0.0,1.5629719253996472
2006-05-02 00:00:00-04:00,61.48419189453125,16.267841339111328,-3.432227169736404,5.6492648574723034,-0.636,False,False,0.0,False,True,0.0,0.0,-0.01253637582885376,-0.0,1.5629719253996472
2006-05-03 00:00:00-04:00,61.22031784057617,16.296064376831055,-3.4362455990706344,5.223038343518716,-0.899,False,False,0.0,False,False,0.0,0.0,-0.0036361990318389136,-0.0,1.5629719253996472
2006-05-04 00:00:00-04:00,60.07683563232422,16.46025848388672,-3.435802974502565,3.5226305723051468,-1.844,True,False,1.0,False,False,0.0,1.0,-0.01457937579155289,-0.0,1.5629719253996472
2006-05-05 00:00:00-04:00,59.443546295166016,16.755287170410156,-3.4296293829373177,1.9791210959746763,-2.531,False,False,1.0,False,False,0.0,1.0,-0.013202773571389603,-0.013202773571389603,1.5497691518282575
2006-05-08 00:00:00-04:00,59.900917053222656,16.68088150024414,-3.4213007015344514,2.8306054742243276,-1.975,False,False,1.0,False,False,0.0,1.0,0.007279434337882134,0.007279434337882134,1.5570485861661396
2006-05-09 00:00:00-04:00,60.35831069946289,16.614187240600586,-3.413092590122476,3.6525513376616416,-1.503,False,False,1.0,False,False,0.0,1.0,0.007021333386129134,0.007021333386129134,1.5640699195522687
2006-05-10 00:00:00-04:00,60.58698654174805,16.75271987915039,-3.4047655024573786,3.5479038248848482,-1.559,False,False,1.0,False,False,0.0,1.0,-0.0008896625844626047,-0.0008896625844626047,1.5631802569678062
2006-05-11 00:00:00-04:00,60.762908935546875,16.414073944091797,-3.398992137583367,4.971600653866851,-0.868,False,False,1.0,False,False,0.0,1.0,0.012214889027383713,0.012214889027383713,1.5753951459951898
2006-05-12 00:00:00-04:00,60.56943130493164,16.075429916381836,-3.3966803201230804,5.9663348704396455,-0.364,False,False,1.0,False,False,0.0,1.0,0.008636905311511163,0.008636905311511163,1.584032051306701
2006-05-15 00:00:00-04:00,60.604576110839844,16.09851837158203,-3.396514856784317,5.925719289546201,-0.371,False,False,1.0,False,False,0.0,1.0,-0.0003523106474228123,-0.0003523106474228123,1.5836797406592782
2006-05-16 00:00:00-04:00,61.58974075317383,16.039508819580078,-3.399789208855469,7.058791753023357,0.204,False,True,0.0,False,False,0.0,0.0,0.009757713856885853,0.009757713856885853,1.593437454516164
2006-05-17 00:00:00-04:00,61.22031784057617,15.559762001037598,-3.4073339163304457,8.20301304441108,0.761,False,False,0.0,False,False,0.0,0.0,0.0100161511153482,0.0,1.593437454516164
2006-05-18 00:00:00-04:00,61.449031829833984,15.764998435974121,-3.416547844157599,7.587160410258683,0.451,False,False,0.0,False,False,0.0,0.0,-0.005340801405573515,-0.0,1.593437454516164
2006-05-19 00:00:00-04:00,61.32590866088867,15.77783489227295,-3.4262737836149886,7.266726607288049,0.305,False,False,0.0,False,False,0.0,0.0,-0.0027770815188204864,-0.0,1.593437454516164
2006-05-22 00:00:00-04:00,61.16755676269531,15.77783489227295,-3.4357806087759064,6.958377591356019,0.179,False,False,0.0,False,False,0.0,0.0,-0.002672540642060855,-0.0,1.593437454516164
2006-05-23 00:00:00-04:00,61.449031829833984,15.79577922821045,-3.445277988011541,7.0281813513906,0.245,False,True,0.0,False,False,0.0,0.0,0.0006024323028901081,0.0,1.593437454516164
2006-05-24 00:00:00-04:00,60.74531936645508,15.857356071472168,-3.45289744298374,5.991495134786142,-0.276,False,False,0.0,False,True,0.0,0.0,-0.008975704791470822,-0.0,1.593437454516164
2006-05-25 00:00:00-04:00,61.78325271606445,16.029253005981445,-3.4599066004366983,6.323534440599467,-0.064,False,False,0.0,False,False,0.0,0.0,0.002832061512986685,0.0,1.593437454516164
2006-05-26 00:00:00-04:00,61.30828094482422,16.349943161010742,-3.463530397486318,4.679755809489976,-0.909,False,False,0.0,False,True,0.0,0.0,-0.013937791650829166,-0.0,1.593437454516164
2006-05-30 00:00:00-04:00,60.56943130493164,16.080564498901367,-3.4652335991476817,4.846518910077222,-0.767,False,False,0.0,False,False,0.0,0.0,0.0014339989657251471,0.0,1.593437454516164
2006-05-31 00:00:00-04:00,61.13237380981445,16.349943161010742,-3.4650171114511394,4.479540985658701,-0.92,False,False,0.0,False,False,0.0,0.0,-0.0031156537811997294,-0.0,1.593437454516164
2006-06-01 00:00:00-04:00,61.85363006591797,16.90921974182129,-3.4614145296900576,3.323811165855794,-1.476,False,False,0.0,False,False,0.0,0.0,-0.009600404621481744,-0.0,1.593437454516164
2006-06-02 00:00:00-04:00,61.90639877319336,17.196550369262695,-3.4540818969940963,2.5081054519759434,-1.785,True,False,1.0,False,False,0.0,1.0,-0.006724436621503408,-0.0,1.593437454516164
2006-06-05 00:00:00-04:00,60.90367126464844,17.093931198120117,-3.443480154204288,2.041058426588286,-1.905,False,False,1.0,False,False,0.0,1.0,-0.003899653636971231,-0.003899653636971231,1.5895378008791927
2006-06-06 00:00:00-04:00,60.393497467041016,16.92056655883789,-3.431337045821838,2.333330597406423,-1.632,False,False,1.0,False,False,0.0,1.0,0.0024673966183724363,0.0024673966183724363,1.5920051974975653
2006-06-07 00:00:00-04:00,59.83055877685547,16.889509201049805,-3.4177952178718654,2.1056749973045754,-1.647,False,False,1.0,False,False,0.0,1.0,-0.0019365806903632917,-0.0019365806903632917,1.590068616807202
2006-06-08 00:00:00-04:00,59.725006103515625,16.899860382080078,-3.4035456766890158,2.2055593634390007,-1.495,False,False,1.0,False,False,0.0,1.0,0.0008519325538383821,0.0008519325538383821,1.5909205493610403
2006-06-09 00:00:00-04:00,59.77778625488281,17.106870651245117,-3.388113512197513,1.817766649984165,-1.585,True,False,1.0,False,False,0.0,1.0,-0.0032936974714534197,-0.0032936974714534197,1.587626851889587
2006-06-12 00:00:00-04:00,59.232421875,17.288002014160156,-3.3703486171831645,0.9658281927155556,-1.856,False,False,1.0,False,False,0.0,1.0,-0.007250600809104333,-0.007250600809104333,1.5803762510804826
2006-06-13 00:00:00-04:00,58.77505111694336,17.192264556884766,-3.3514763423035467,1.1555831839202995,-1.642,False,False,1.0,False,False,0.0,1.0,0.001630274283991713,0.001630274283991713,1.5820065253644744
2006-06-14 00:00:00-04:00,57.684303283691406,16.8920955657959,-3.3323963070987737,1.3931464010735866,-1.435,False,False,1.0,False,False,0.0,1.0,0.0020843365475922858,0.0020843365475922858,1.5840908619120668
2006-06-15 00:00:00-04:00,58.810184478759766,17.000778198242188,-3.3151025764932633,2.450860871376591,-0.897,False,False,1.0,False,False,0.0,1.0,0.009183980099245273,0.009183980099245273,1.5932748420113119
2006-06-16 00:00:00-04:00,58.07133102416992,16.907625198364258,-3.298695819612393,2.298218462752587,-0.912,False,False,1.0,False,False,0.0,1.0,-0.0013407980558071673,-0.0013407980558071673,1.5919340439555048
2006-06-19 00:00:00-04:00,57.666725158691406,16.50395393371582,-3.285008545811059,3.451095446762892,-0.339,False,False,1.0,False,False,0.0,1.0,0.01030436823879409,0.01030436823879409,1.602238412194299
2006-06-20 00:00:00-04:00,57.684303283691406,17.05512237548828,-3.270179170304312,1.9109973443786288,-1.007,False,False,1.0,False,False,0.0,1.0,-0.013574216070049178,-0.013574216070049178,1.5886641961242498
2006-06-21 00:00:00-04:00,57.578773498535156,17.013715744018555,-3.255158458801699,2.1964327787455176,-0.827,False,False,1.0,False,False,0.0,1.0,0.002526846838773345,0.002526846838773345,1.5911910429630232
2006-06-22 00:00:00-04:00,57.27971267700195,17.233665466308594,-3.238664443679415,1.4656530970024875,-1.117,False,False,1.0,False,False,0.0,1.0,-0.0064617146210523444,-0.0064617146210523444,1.5847293283419708
2006-06-23 00:00:00-04:00,57.03342056274414,17.238849639892578,-3.2213108665022165,1.501726891760356,-1.087,False,False,1.0,False,False,0.0,1.0,0.0003204704672796363,0.0003204704672796363,1.5850497988092505
2006-06-26 00:00:00-04:00,57.08617401123047,17.25177764892578,-3.203988673674928,1.8116738233139884,-0.924,False,False,1.0,False,False,0.0,1.0,0.0027585001047989942,0.0027585001047989942,1.5878082989140494
2006-06-27 00:00:00-04:00,56.71677017211914,16.97748565673828,-3.1881570930659446,2.589878853163654,-0.557,False,False,1.0,False,False,0.0,1.0,0.00702074452775388,0.00702074452775388,1.5948290434418033
2006-06-28 00:00:00-04:00,56.77876663208008,16.946443557739258,-3.174005490027052,2.9906617433821054,-0.37,False,False,1.0,False,False,0.0,1.0,0.0036248008531482695,0.0036248008531482695,1.5984538442949516
2006-06-29 00:00:00-04:00,57.38130569458008,16.949018478393555,-3.1623635025637564,3.7823482542296105,-0.0,False,False,1.0,False,False,0.0,1.0,0.007133579327388757,0.007133579327388757,1.6055874236223404
2006-06-30 00:00:00-04:00,56.88509750366211,17.109455108642578,-3.15084549455354,2.9758479603295953,-0.327,False,False,1.0,False,True,0.0,1.0,-0.007279254902399753,-0.007279254902399753,1.5983081687199405
2006-07-03 00:00:00-04:00,57.36357879638672,17.368223190307617,-3.139147426820478,2.84216566008881,-0.352,False,False,1.0,False,False,0.0,1.0,-0.001194818875450383,-0.001194818875450383,1.5971133498444903
2006-07-05 00:00:00-04:00,57.328147888183594,17.23626136779785,-3.1283899667085544,3.4064007615985332,-0.043,False,False,1.0,False,False,0.0,1.0,0.005071780979522003,0.005071780979522003,1.6021851308240123
2006-07-06 00:00:00-04:00,57.55852508544922,17.171566009521484,-3.119315328094197,3.9949960245675484,0.326,False,True,0.0,False,False,0.0,0.0,0.005296835695585005,0.005296835695585005,1.6074819665195972
2006-07-07 00:00:00-04:00,56.814247131347656,17.244020462036133,-3.1098433218327908,3.1880452559365935,-0.032,False,False,0.0,False,False,0.0,0.0,-0.007306659615097829,-0.0,1.6074819665195972
2006-07-10 00:00:00-04:00,56.90282440185547,17.244020462036133,-3.100574894143646,3.4364474831669156,0.19,False,False,0.0,False,False,0.0,0.0,0.0022506480454532814,0.0,1.6074819665195972
2006-07-11 00:00:00-04:00,56.26487350463867,17.502775192260742,-3.0891623278649223,2.195959747618062,-0.542,False,False,0.0,False,True,0.0,0.0,-0.011243045003132238,-0.0,1.6074819665195972
2006-07-12 00:00:00-04:00,56.371185302734375,17.331995010375977,-3.0779195701407476,3.0246986707163686,0.118,False,False,0.0,False,False,0.0,0.0,0.0075533768488192715,0.0,1.6074819665195972
2006-07-13 00:00:00-04:00,56.26487350463867,17.36563491821289,-3.066757418583409,3.0086837907982016,0.193,False,False,0.0,False,False,0.0,0.0,-0.00014622648326760243,-0.0,1.6074819665195972
2006-07-14 00:00:00-04:00,55.85728454589844,17.417383193969727,-3.0549907930201803,2.647339249816504,-0.031,False,False,0.0,False,False,0.0,0.0,-0.0033130440876258022,-0.0,1.6074819665195972
2006-07-17 00:00:00-04:00,55.60917282104492,17.567474365234375,-3.0419634899792487,2.1695571908555777,-0.476,False,False,0.0,False,True,0.0,0.0,-0.00438136054280499,-0.0,1.6074819665195972
2006-07-18 00:00:00-04:00,56.087642669677734,17.53641700744629,-3.029587831743426,2.9595270915399965,0.5,False,True,0.0,False,False,0.0,0.0,0.0072331128159357876,0.0,1.6074819665195972
2006-07-19 00:00:00-04:00,56.40665054321289,17.645097732543945,-3.0179794250193215,3.154108633940183,0.851,False,False,0.0,False,False,0.0,0.0,0.0017744207124678305,0.0,1.6074819665195972
2006-07-20 00:00:00-04:00,56.17625045776367,17.68391227722168,-3.0066005568057976,3.0077899585640893,0.678,False,False,0.0,False,False,0.0,0.0,-0.0013381413156204958,-0.0,1.6074819665195972
2006-07-21 00:00:00-04:00,56.26487350463867,17.821060180664062,-2.9951485128823223,2.888151606536333,0.501,False,False,0.0,False,False,0.0,0.0,-0.0010911766796925456,-0.0,1.6074819665195972
2006-07-24 00:00:00-04:00,57.22181701660156,17.90903663635254,-2.985243007278166,3.7589906308416587,1.54,False,False,0.0,True,False,-1.0,-1.0,0.007867749287854203,0.0,1.6074819665195972
2006-07-25 00:00:00-04:00,57.39902877807617,17.958209991455078,-2.976663266306279,3.943484767897445,1.645,False,False,0.0,False,False,-1.0,-1.0,0.0016642898205759308,-0.0016642898205759308,1.6058176766990213
2006-07-26 00:00:00-04:00,58.55088424682617,17.999601364135742,-2.9709893915668175,5.0742595415472636,2.615,False,False,0.0,False,False,-1.0,-1.0,0.010093724159601341,-0.010093724159601341,1.59572395253942
2006-07-27 00:00:00-04:00,58.16102600097656,17.694271087646484,-2.968195396756674,5.6409720096595635,2.746,False,False,0.0,False,False,-1.0,-1.0,0.005120228933000641,-0.005120228933000641,1.5906037236064194
2006-07-28 00:00:00-04:00,57.84204864501953,17.86763572692871,-2.9657767253482072,4.850630469094263,1.822,False,False,0.0,False,False,-1.0,-1.0,-0.007130892529439001,0.007130892529439001,1.5977346161358583
2006-07-31 00:00:00-04:00,57.6470947265625,17.448440551757812,-2.965507031579019,5.903621580236205,2.514,False,False,0.0,False,False,-1.0,-1.0,0.009625977189966798,-0.009625977189966798,1.5881086389458914
2006-08-01 00:00:00-04:00,57.57623291015625,17.960792541503906,-2.963765906314707,4.344648325255498,1.094,False,False,0.0,False,False,-1.0,-1.0,-0.014069163080937412,0.014069163080937412,1.602177802026829
2006-08-02 00:00:00-04:00,58.94075393676758,17.99184226989746,-2.9634133687097606,5.623488026436078,2.063,False,False,0.0,True,False,-1.0,-1.0,0.011391967388364966,-0.011391967388364966,1.590785834638464
2006-08-03 00:00:00-04:00,64.13308715820312,17.55194664001465,-2.975293328457588,11.910897418723962,4.482,False,False,0.0,False,False,-1.0,-1.0,0.05403630638786375,-0.05403630638786375,1.5367495282506
2006-08-04 00:00:00-04:00,64.23939514160156,16.81964683532715,-2.998157095202937,13.811451643457843,3.889,False,False,0.0,False,False,-1.0,-1.0,0.016574503666688594,-0.016574503666688594,1.5201750245839116
2006-08-07 00:00:00-04:00,64.41661071777344,17.33976173400879,-3.0247455296969843,11.968243926819525,2.7,False,False,0.0,False,False,-1.0,-1.0,-0.015772113732710636,0.015772113732710636,1.5359471383166223
2006-08-08 00:00:00-04:00,64.02677917480469,17.401865005493164,-3.0518188766832584,10.91943906154684,2.106,False,False,0.0,False,False,-1.0,-1.0,-0.008953880147366871,0.008953880147366871,1.544901018463989
2006-08-09 00:00:00-04:00,64.55838775634766,17.401865005493164,-3.0792930789652115,10.972945283845647,1.932,False,False,0.0,False,False,-1.0,-1.0,0.0004528905334723241,-0.0004528905334723241,1.544448127930517
2006-08-10 00:00:00-04:00,64.75333404541016,17.523481369018555,-3.10588374386718,10.327438125416037,1.611,False,False,0.0,False,False,-1.0,-1.0,-0.005416272270067436,0.005416272270067436,1.5498644002005841
2006-08-11 00:00:00-04:00,64.64701080322266,17.59334945678711,-3.130552965822949,9.570098482518205,1.301,False,False,0.0,False,False,-1.0,-1.0,-0.006325716892136127,0.006325716892136127,1.5561901170927204
2006-08-14 00:00:00-04:00,64.0090560913086,17.870220184326172,-3.150672576711366,7.705843416758192,0.708,False,False,0.0,False,False,-1.0,-1.0,-0.015495136820901112,0.015495136820901112,1.5716852539136215
2006-08-15 00:00:00-04:00,64.62928009033203,18.1212215423584,-3.1670660471843655,7.2381746100228455,0.532,False,False,0.0,False,False,-1.0,-1.0,-0.0038327104487356285,0.0038327104487356285,1.5755179643623571
2006-08-16 00:00:00-04:00,65.30268859863281,17.927154541015625,-3.1828691320492775,8.242901784557148,0.784,False,False,0.0,False,False,-1.0,-1.0,0.008211072644170717,-0.008211072644170717,1.5673068917181863
2006-08-17 00:00:00-04:00,65.1431884765625,18.05653953552246,-3.196813279578541,7.419803106169361,0.508,False,False,0.0,False,False,-1.0,-1.0,-0.006699126154628924,0.006699126154628924,1.5740060178728155
2006-08-18 00:00:00-04:00,65.12548065185547,18.452442169189453,-3.2069368751573863,5.949663422772659,0.046,False,False,0.0,False,False,-1.0,-1.0,-0.011827227136476664,0.011827227136476664,1.585833245009292
2006-08-21 00:00:00-04:00,64.89511108398438,18.50160789489746,-3.213694425574661,5.436596927984262,-0.133,False,False,0.0,False,False,-1.0,-1.0,-0.004125866807648374,0.004125866807648374,1.5899591118169405
2006-08-22 00:00:00-04:00,64.62928009033203,18.67755889892578,-3.216711961243393,4.5489529733294916,-0.415,False,False,0.0,False,True,0.0,0.0,-0.007117687037366957,0.007117687037366957,1.5970767988543073
2006-08-23 00:00:00-04:00,64.50521850585938,18.527484893798828,-3.217982481054714,4.8840966996088895,-0.322,False,False,0.0,False,False,0.0,0.0,0.002700021006312558,0.0,1.5970767988543073
2006-08-24 00:00:00-04:00,64.70012664794922,18.6309871673584,-3.217911259229697,4.747263271542636,-0.382,False,False,0.0,False,False,0.0,0.0,-0.0010977147683302105,-0.0,1.5970767988543073
2006-08-25 00:00:00-04:00,64.50521850585938,18.491256713867188,-3.2174788476384277,5.009991162739638,-0.317,False,False,0.0,False,False,0.0,0.0,0.0021187656979635397,0.0,1.5970767988543073
2006-08-28 00:00:00-04:00,64.68244171142578,18.41621208190918,-3.217576224623451,5.426875569051653,-0.221,False,False,0.0,False,False,0.0,0.0,0.0033636526319172485,0.0,1.5970767988543073
2006-08-29 00:00:00-04:00,64.02677917480469,18.346351623535156,-3.217236429397411,5.0022283850330425,-0.381,False,False,0.0,False,False,0.0,0.0,-0.0034509759800309073,-0.0,1.5970767988543073
2006-08-30 00:00:00-04:00,64.32799530029297,17.746017456054688,-3.2205305699345756,7.176403588476241,0.288,False,True,0.0,False,False,0.0,0.0,0.017897453036504522,0.0,1.5970767988543073
2006-08-31 00:00:00-04:00,64.18621826171875,18.11863899230957,-3.2235851733120855,5.779242245515391,-0.206,False,False,0.0,False,True,0.0,0.0,-0.01139672843333739,-0.0,1.5970767988543073
2006-09-01 00:00:00-04:00,64.55838775634766,17.76413345336914,-3.229022158653822,7.197607206135061,0.228,False,True,0.0,False,False,0.0,0.0,0.011633650231711349,0.0,1.5970767988543073
2006-09-05 00:00:00-04:00,63.955848693847656,17.893522262573242,-3.233967455703612,6.088780028777727,-0.193,False,False,0.0,False,False,0.0,0.0,-0.0091019588218404,-0.0,1.5970767988543073
2006-09-06 00:00:00-04:00,63.8849983215332,17.750009536743164,-3.239140849703345,6.390217348444473,-0.123,False,False,0.0,False,False,0.0,0.0,0.0024834228684423253,0.0,1.5970767988543073
2006-09-07 00:00:00-04:00,63.60142517089844,17.77610206604004,-3.2436587122584397,5.941816834392412,-0.327,False,False,0.0,False,True,0.0,0.0,-0.003697812076001154,-0.0,1.5970767988543073
2006-09-08 00:00:00-04:00,63.83180618286133,17.601295471191406,-3.2490189859372,6.6448630198699945,-0.109,False,False,0.0,False,False,0.0,0.0,0.005809398868173611,0.0,1.5970767988543073
2006-09-11 00:00:00-04:00,63.4774055480957,17.496929168701172,-3.2547009618642675,6.5301333530530385,-0.189,False,False,0.0,False,False,0.0,0.0,-0.0009527089377948789,-0.0,1.5970767988543073
2006-09-12 00:00:00-04:00,63.86726760864258,17.259490966796875,-3.26241385337908,7.559665176293365,0.181,False,False,0.0,False,False,0.0,0.0,0.008566947672913244,0.0,1.5970767988543073
2006-09-13 00:00:00-04:00,64.59385681152344,17.25688362121582,-3.272410789586373,8.122244654820427,0.377,False,True,0.0,False,False,0.0,0.0,0.004646902897429088,0.0,1.5970767988543073
2006-09-14 00:00:00-04:00,65.1431884765625,17.259490966796875,-3.2844463612726416,8.455316173248477,0.48,False,False,0.0,False,False,0.0,0.0,0.0027338801476073536,0.0,1.5970767988543073
2006-09-15 00:00:00-04:00,66.77352142333984,16.17669677734375,-3.3062172719860103,13.289847134405505,2.21,False,False,0.0,True,False,-1.0,-1.0,0.04020159402955034,0.0,1.5970767988543073
2006-09-18 00:00:00-04:00,67.14569854736328,16.025365829467773,-3.3348400523935027,13.703666724995927,2.127,False,False,0.0,False,False,-1.0,-1.0,0.003431689022768905,-0.003431689022768905,1.5936451098315385
2006-09-19 00:00:00-04:00,66.3659439086914,16.046241760253906,-3.3655053944178945,12.36223070442319,1.54,False,False,0.0,False,False,-1.0,-1.0,-0.011144303745202828,0.011144303745202828,1.604789413576741
2006-09-20 00:00:00-04:00,66.4722671508789,16.0201416015625,-3.3969870534996147,12.052053535140509,1.34,False,False,0.0,False,False,-1.0,-1.0,-0.0025657275565506674,0.0025657275565506674,1.6073551411332918
2006-09-21 00:00:00-04:00,66.41912078857422,15.855772972106934,-3.4290082578757555,12.049544332216335,1.335,False,False,0.0,False,False,-1.0,-1.0,-2.077349107495747e-05,2.077349107495747e-05,1.607375914624367
2006-09-22 00:00:00-04:00,65.69256591796875,15.902739524841309,-3.4590469497692635,10.684243271591313,0.939,False,False,0.0,False,False,-1.0,-1.0,-0.011311441670929985,0.011311441670929985,1.6186873562952968
2006-09-25 00:00:00-04:00,66.08243560791016,16.01232147216797,-3.4871180655806673,10.24558013042801,0.815,False,False,0.0,False,False,-1.0,-1.0,-0.0035979797557719024,0.0035979797557719024,1.622285336051069
2006-09-26 00:00:00-04:00,66.15328979492188,16.10624885559082,-3.5127874133272967,9.575461539085268,0.589,False,False,0.0,False,False,-1.0,-1.0,-0.005460054483212629,0.005460054483212629,1.6277453905342814
2006-09-27 00:00:00-04:00,68.83724212646484,16.2080078125,-3.540308775948112,11.45588982723553,1.282,False,False,0.0,False,False,-1.0,-1.0,0.014898187519092405,-0.014898187519092405,1.612847203015189
2006-09-28 00:00:00-04:00,70.08558654785156,16.080156326293945,-3.571164090775722,12.660709701330568,1.651,False,False,0.0,True,False,-1.0,-1.0,0.009448792216907663,-0.009448792216907663,1.6033984107982815
2006-09-29 00:00:00-04:00,67.7672348022461,15.965354919433594,-3.5999311479623373,10.293056339503366,0.783,False,False,0.0,False,False,-1.0,-1.0,-0.018904716100717128,0.018904716100717128,1.6223031268989985
2006-10-02 00:00:00-04:00,67.39273071289062,15.834900856018066,-3.6267672106120448,9.963231504991704,0.637,False,False,0.0,False,False,-1.0,-1.0,-0.0026423565315325977,0.0026423565315325977,1.624945483430531
2006-10-03 00:00:00-04:00,67.62456512451172,15.782716751098633,-3.6524144697778405,9.979542090393963,0.612,False,False,0.0,False,False,-1.0,-1.0,0.0001302038718416218,-0.0001302038718416218,1.6248152795586894
2006-10-04 00:00:00-04:00,68.21305084228516,15.759237289428711,-3.6778135239808494,10.253514811600937,0.683,False,False,0.0,False,False,-1.0,-1.0,0.002171412412133625,-0.002171412412133625,1.622643867146556
2006-10-05 00:00:00-04:00,68.4983901977539,15.738362312316895,-3.7030148698891683,10.21900052754117,0.639,False,False,0.0,False,False,-1.0,-1.0,-0.0002722423763510648,0.0002722423763510648,1.6229161095229068
2006-10-06 00:00:00-04:00,68.51622772216797,15.571371078491211,-3.728506226819193,10.458273695901198,0.679,False,False,0.0,False,False,-1.0,-1.0,0.0018903789465973602,-0.0018903789465973602,1.6210257305763096
2006-10-09 00:00:00-04:00,68.46272277832031,15.537450790405273,-3.753644199882348,10.140660737958157,0.526,False,False,0.0,False,False,-1.0,-1.0,-0.002505134653162568,0.002505134653162568,1.6235308652294722
2006-10-10 00:00:00-04:00,68.21305084228516,15.555721282958984,-3.7773536033686894,9.453591001101024,0.236,False,False,0.0,False,False,-1.0,-1.0,-0.005411169182673988,0.005411169182673988,1.6289420344121461
2006-10-11 00:00:00-04:00,67.60675048828125,15.584421157836914,-3.7982879377495653,8.412631587660186,-0.195,False,False,0.0,False,False,-1.0,-1.0,-0.008209402809756629,0.008209402809756629,1.637151437221903
2006-10-12 00:00:00-04:00,67.78504180908203,15.673136711120605,-3.8166376624345917,7.966357948932902,-0.419,False,False,0.0,False,True,0.0,0.0,-0.0034973401943145083,0.0034973401943145083,1.6406487774162173
2006-10-13 00:00:00-04:00,68.4983901977539,15.83751106262207,-3.833015905871172,7.792958385312865,-0.54,False,False,0.0,False,False,0.0,0.0,-0.001342062184556393,-0.0,1.6406487774162173
2006-10-16 00:00:00-04:00,69.05123901367188,15.866206169128418,-3.848462946556545,7.990732469354292,-0.506,False,False,0.0,False,False,0.0,0.0,0.0015200325166130463,0.0,1.6406487774162173
2006-10-17 00:00:00-04:00,68.07038879394531,15.858377456665039,-3.861203141585097,6.83797193782798,-1.059,False,False,0.0,False,False,0.0,0.0,-0.008915201226538529,-0.0,1.6406487774162173
2006-10-18 00:00:00-04:00,67.3213882446289,15.915778160095215,-3.870153718057446,5.724880222558909,-1.498,False,False,0.0,False,False,0.0,0.0,-0.008634113241860253,-0.0,1.6406487774162173
2006-10-19 00:00:00-04:00,66.71503448486328,15.863605499267578,-3.875724174783201,5.232075152128196,-1.685,True,False,1.0,False,False,0.0,1.0,-0.003844093466328978,-0.0,1.6406487774162173
2006-10-20 00:00:00-04:00,66.96473693847656,15.939262390136719,-3.878918180284108,5.137642273056514,-1.645,False,False,1.0,False,False,0.0,1.0,-0.0007332210272629225,-0.0007332210272629225,1.6399155563889543
2006-10-23 00:00:00-04:00,67.39273071289062,15.994057655334473,-3.8808947815908748,5.321475821839485,-1.539,False,False,1.0,False,False,0.0,1.0,0.0014199589787491746,0.0014199589787491746,1.6413355153677034
2006-10-24 00:00:00-04:00,67.3213882446289,15.947091102600098,-3.8822379721562488,5.410985620679746,-1.467,False,False,1.0,False,False,0.0,1.0,0.0006926298725619911,0.0006926298725619911,1.6420281452402654
2006-10-25 00:00:00-04:00,67.78504180908203,16.121904373168945,-3.8827602041150766,5.1875530943928325,-1.529,True,False,1.0,False,False,0.0,1.0,-0.0017136691962438744,-0.0017136691962438744,1.6403144760440216
2006-10-26 00:00:00-04:00,67.35707092285156,16.01232147216797,-3.882741125559054,5.1853718271926965,-1.481,False,False,1.0,False,False,0.0,1.0,-1.684002094534125e-05,-1.684002094534125e-05,1.6402976360230763
2006-10-27 00:00:00-04:00,66.89337158203125,15.8766508102417,-3.882492069456577,5.252400721736514,-1.415,False,False,1.0,False,False,0.0,1.0,0.0005214862679512562,0.0005214862679512562,1.6408191222910276
2006-10-30 00:00:00-05:00,67.83856201171875,15.889694213867188,-3.8836927122714746,6.127872393100539,-1.05,False,False,1.0,False,False,0.0,1.0,0.006757828859267705,0.006757828859267705,1.6475769511502953
2006-10-31 00:00:00-05:00,67.82074737548828,15.9288330078125,-3.8854769699189102,5.929633565948649,-1.082,False,False,1.0,False,False,0.0,1.0,-0.0015283014624939471,-0.0015283014624939471,1.6460486496878013
2006-11-01 00:00:00-05:00,67.83856201171875,16.014930725097656,-3.887019182623628,5.5882190748756315,-1.153,False,False,1.0,False,False,0.0,1.0,-0.002624470481998562,-0.002624470481998562,1.6434241792058026
2006-11-02 00:00:00-05:00,68.8907470703125,16.01232147216797,-3.8902519000497096,6.598783039004296,-0.74,False,False,1.0,False,False,0.0,1.0,0.0077034843665171005,0.0077034843665171005,1.65112766357232
2006-11-03 00:00:00-05:00,69.47927856445312,15.994057655334473,-3.8956359291616387,7.172252909249394,-0.479,False,False,1.0,False,False,0.0,1.0,0.004351513411357667,0.004351513411357667,1.6554791769836776
2006-11-06 00:00:00-05:00,69.40792083740234,16.111465454101562,-3.901294215314805,6.552353861071595,-0.681,False,False,1.0,False,False,0.0,1.0,-0.004686849397551081,-0.004686849397551081,1.6507923275861265
2006-11-07 00:00:00-05:00,70.12125396728516,16.29149627685547,-3.9069881599076437,6.470570906431384,-0.67,False,False,1.0,False,False,0.0,1.0,-0.0006113610706183306,-0.0006113610706183306,1.6501809665155083
2006-11-08 00:00:00-05:00,70.29957580566406,16.492401123046875,-3.911457838937247,5.790244150024904,-0.913,False,False,1.0,False,False,0.0,1.0,-0.0050466009199115185,-0.0050466009199115185,1.6451343655955966
2006-11-09 00:00:00-05:00,70.47792053222656,16.41934585571289,-3.9158396969207425,6.182394232954948,-0.693,False,False,1.0,False,False,0.0,1.0,0.002909698402388815,0.002909698402388815,1.6480440639979856
2006-11-10 00:00:00-05:00,71.81544494628906,16.552417755126953,-3.921497892913306,6.905173596937928,-0.33,False,False,1.0,False,False,0.0,1.0,0.005286345418883186,0.005286345418883186,1.6533304094168688
2006-11-13 00:00:00-05:00,71.13778686523438,16.826370239257812,-3.92466157975396,5.099978060503787,-1.09,False,False,1.0,False,False,0.0,1.0,-0.013159742646770181,-0.013159742646770181,1.6401706667700986
2006-11-14 00:00:00-05:00,71.10209655761719,17.011625289916992,-3.9247798007990116,4.335213240989347,-1.375,False,False,1.0,False,False,0.0,1.0,-0.005547040532337352,-0.005547040532337352,1.6346236262377611
2006-11-15 00:00:00-05:00,70.78107452392578,17.089889526367188,-3.921844049256443,3.7571929824926116,-1.626,True,False,1.0,False,False,0.0,1.0,-0.004194480917091172,-0.004194480917091172,1.63042914532067
2006-11-16 00:00:00-05:00,70.63841247558594,17.100339889526367,-3.916754763714753,3.660574752142125,-1.581,False,False,1.0,False,False,0.0,1.0,-0.0007020844574005676,-0.0007020844574005676,1.6297270608632695
2006-11-17 00:00:00-05:00,71.69060516357422,17.02466583251953,-3.9129019469520983,5.07475708129968,-0.827,False,False,1.0,False,False,0.0,1.0,0.010224991646946171,0.010224991646946171,1.6399520525102154
2006-11-20 00:00:00-05:00,71.49443817138672,16.98813819885254,-3.9098478046591927,5.073403329356154,-0.782,False,False,1.0,False,False,0.0,1.0,-9.815809016544124e-06,-9.815809016544124e-06,1.639942236701199
2006-11-21 00:00:00-05:00,71.1556167602539,16.88377571105957,-3.9075120650180093,5.182059466230612,-0.683,False,False,1.0,False,False,0.0,1.0,0.0007923633874688914,0.0007923633874688914,1.6407346000886678
2006-11-22 00:00:00-05:00,71.31609344482422,17.027278900146484,-3.904979005516796,4.824926818673077,-0.851,False,False,1.0,False,False,0.0,1.0,-0.0025915372482814,-0.0025915372482814,1.6381430628403866
2006-11-24 00:00:00-05:00,71.74409484863281,17.061199188232422,-3.9029284766211187,5.155454691575372,-0.62,False,False,1.0,False,False,0.0,1.0,0.002389368452005943,0.002389368452005943,1.6405324312923923
2006-11-27 00:00:00-05:00,71.11991119384766,17.00118637084961,-3.900549397719296,4.805943934516705,-0.848,False,False,1.0,False,False,0.0,1.0,-0.002543119360323803,-0.002543119360323803,1.6379893119320688
2006-11-28 00:00:00-05:00,71.06641387939453,17.048152923583984,-3.897617684844569,4.619231550498952,-0.988,False,False,1.0,False,False,0.0,1.0,-0.0013577739886530334,-0.0013577739886530334,1.6366315379434155
2006-11-29 00:00:00-05:00,71.92241668701172,17.5125789642334,-3.8927230860471056,3.7507962567174644,-1.679,True,False,1.0,False,False,0.0,1.0,-0.006198945448722523,-0.006198945448722523,1.6304325924946932
2006-11-30 00:00:00-05:00,71.79761505126953,17.53867530822754,-3.886362119249067,3.6359717115650625,-1.709,False,False,1.0,False,False,0.0,1.0,-0.000820414072441291,-0.000820414072441291,1.629612178422252
2006-12-01 00:00:00-05:00,71.44093322753906,17.533445358276367,-3.878700753775355,3.4339455001135235,-1.809,False,False,1.0,False,False,0.0,1.0,-0.0014487574290676182,-0.0014487574290676182,1.6281634209931841
2006-12-04 00:00:00-05:00,72.40396118164062,17.669126510620117,-3.871254852958918,4.002269429857421,-1.265,False,False,1.0,False,False,0.0,1.0,0.0040362294972106985,0.0040362294972106985,1.6321996504903948
2006-12-05 00:00:00-05:00,73.77713775634766,17.650859832763672,-3.866759669439082,5.525504824094824,0.311,False,True,0.0,False,False,0.0,0.0,0.010724836854197043,0.010724836854197043,1.642924487344592
2006-12-06 00:00:00-05:00,74.04462432861328,17.43509864807129,-3.8661913595427744,6.63719658266416,1.401,False,False,0.0,False,False,0.0,0.0,0.00785914196552864,0.0,1.642924487344592
2006-12-07 00:00:00-05:00,73.54528045654297,17.432466506958008,-3.867188161287933,6.130652358786563,0.852,False,False,0.0,False,False,0.0,0.0,-0.003593533998941767,-0.0,1.642924487344592
2006-12-08 00:00:00-05:00,72.90330505371094,17.398252487182617,-3.8682147530898203,5.603128104809471,0.31,False,False,0.0,False,False,0.0,0.0,-0.0037625617170282694,-0.0,1.642924487344592
2006-12-11 00:00:00-05:00,72.76060485839844,17.464040756225586,-3.868526272720605,5.200504365076341,-0.09,False,False,0.0,False,False,0.0,0.0,-0.002869310973914608,-0.0,1.642924487344592
2006-12-12 00:00:00-05:00,73.15294647216797,17.37984275817871,-3.8696547766177667,5.898954926116019,0.591,False,True,0.0,False,False,0.0,0.0,0.004974473276733971,0.0,1.642924487344592
2006-12-13 00:00:00-05:00,73.02812957763672,17.440353393554688,-3.8706184595395867,5.523175791650075,0.208,False,False,0.0,False,False,0.0,0.0,-0.002673954954034783,-0.0,1.642924487344592
2006-12-14 00:00:00-05:00,72.90330505371094,17.598241806030273,-3.8701532998832366,4.795411455959751,-0.503,False,False,0.0,False,True,0.0,0.0,-0.005161039283760304,-0.0,1.642924487344592
2006-12-15 00:00:00-05:00,73.11731719970703,17.708755493164062,-3.868444596716484,4.611977697603166,-0.661,False,False,0.0,False,False,0.0,0.0,-0.0012952289035419566,-0.0,1.642924487344592
2006-12-18 00:00:00-05:00,72.70710754394531,17.569290161132812,-3.866255585011574,4.779741333776684,-0.461,False,False,0.0,False,False,0.0,0.0,0.0011929054924814313,0.0,1.642924487344592
2006-12-19 00:00:00-05:00,72.36830139160156,17.740327835083008,-3.86207478975749,3.8538284976944084,-1.292,False,False,0.0,False,False,0.0,0.0,-0.0065722217693261,-0.0,1.642924487344592
2006-12-20 00:00:00-05:00,71.60139465332031,17.64297103881836,-3.8561195474639987,3.5679891551916256,-1.465,False,False,0.0,False,False,0.0,0.0,-0.0020470494618301397,-0.0,1.642924487344592
2006-12-21 00:00:00-05:00,71.2625961303711,17.537710189819336,-3.8493869942707426,3.753162616391066,-1.22,False,False,0.0,False,False,0.0,0.0,0.0013343716430033344,0.0,1.642924487344592
2006-12-22 00:00:00-05:00,71.42311096191406,17.47719383239746,-3.8430805854154593,4.25684665708458,-0.703,False,False,0.0,False,False,0.0,0.0,0.003634362588936355,0.0,1.642924487344592
2006-12-26 00:00:00-05:00,72.02943420410156,17.592971801757812,-3.8375078295796325,4.5162671692822585,-0.396,False,False,0.0,False,False,0.0,0.0,0.0018590775139235513,0.0,1.642924487344592
2006-12-27 00:00:00-05:00,71.98457336425781,17.598241806030273,-3.832445520557921,4.54027038504195,-0.325,False,False,0.0,False,False,0.0,0.0,0.00017215383490978676,0.0,1.642924487344592
2006-12-28 00:00:00-05:00,71.91285705566406,17.532451629638672,-3.82817297421578,4.795599555335883,-0.014,False,False,0.0,False,False,0.0,0.0,0.0018365026246964893,0.0,1.642924487344592
2006-12-29 00:00:00-05:00,71.2311782836914,17.4666748046875,-3.823764291540165,4.442730873583059,-0.363,False,False,0.0,False,True,0.0,0.0,-0.0025566558377405875,-0.0,1.642924487344592
2007-01-03 00:00:00-05:00,72.28955078125,17.542978286743164,-3.82074823717315,5.262247417409213,0.704,False,True,0.0,False,False,0.0,0.0,0.005882393403548094,0.0,1.642924487344592
2007-01-04 00:00:00-05:00,72.46892547607422,17.487728118896484,-3.8193642363906894,5.6769221230371585,1.188,False,False,0.0,False,False,0.0,0.0,0.0029776816018281583,0.0,1.642924487344592
2007-01-05 00:00:00-05:00,71.71553039550781,17.0930233001709,-3.820340545508902,6.414360436536555,1.92,False,False,0.0,True,False,-1.0,-1.0,0.005382105331624193,0.0,1.642924487344592
2007-01-08 00:00:00-05:00,71.2311782836914,17.100915908813477,-3.821833009672788,5.874333367749529,1.21,False,False,0.0,False,False,-1.0,-1.0,-0.003953692689422245,0.003953692689422245,1.6468781800340142
2007-01-09 00:00:00-05:00,70.4957504272461,17.464040756225586,-3.8198920857632634,3.7849993570929,-1.268,False,False,0.0,False,True,0.0,0.0,-0.015227660408615775,0.015227660408615775,1.66210584044263
2007-01-10 00:00:00-05:00,69.68856048583984,17.366683959960938,-3.8151370324968132,3.432281378524465,-1.567,True,False,1.0,False,False,0.0,1.0,-0.002594566881861947,-0.0,1.66210584044263
2007-01-11 00:00:00-05:00,70.01139831542969,17.2772216796875,-3.8099613973352495,4.18585066261663,-0.673,False,False,1.0,False,False,0.0,1.0,0.005547601786249981,0.005547601786249981,1.66765344222888
2007-01-12 00:00:00-05:00,71.76931762695312,17.224592208862305,-3.8081056938621063,6.176249961931703,1.503,False,True,0.0,True,False,-1.0,-1.0,0.014490133489487113,0.014490133489487113,1.6821435757183671
2007-01-16 00:00:00-05:00,72.37924194335938,17.32721710205078,-3.808727540601803,6.384592964792006,1.612,False,False,0.0,False,False,-1.0,-1.0,0.0015056525582405895,-0.0015056525582405895,1.6806379231601265
2007-01-17 00:00:00-05:00,72.36127471923828,17.290369033813477,-3.81106846803406,6.466494493799203,1.593,False,False,0.0,False,False,-1.0,-1.0,0.0005923901780646784,-0.0005923901780646784,1.6800455329820618
2007-01-18 00:00:00-05:00,72.48685455322266,17.342998504638672,-3.814265772385348,6.336048966449098,1.373,False,False,0.0,False,False,-1.0,-1.0,-0.000940909758707562,0.000940909758707562,1.6809864427407692
2007-01-19 00:00:00-05:00,73.49137115478516,17.366683959960938,-3.8194928370175774,7.159446166966305,1.978,False,False,0.0,True,False,-1.0,-1.0,0.00588884129635618,-0.00588884129635618,1.6750976014444132
2007-01-22 00:00:00-05:00,73.3119888305664,17.37194061279297,-3.825459933999788,6.856326040503177,1.584,False,False,0.0,False,False,-1.0,-1.0,-0.00216874307429794,0.00216874307429794,1.6772663445187113
2007-01-23 00:00:00-05:00,73.5810546875,17.48508644104004,-3.8314172931582893,6.588392124931673,1.267,False,False,0.0,False,False,-1.0,-1.0,-0.00190600292012534,0.00190600292012534,1.6791723474388365
2007-01-24 00:00:00-05:00,74.11921691894531,17.687707901000977,-3.8367725147616087,6.255505395253024,0.915,False,False,0.0,False,False,-1.0,-1.0,-0.0023445546118112197,0.0023445546118112197,1.6815169020506477
2007-01-25 00:00:00-05:00,73.07876586914062,17.711381912231445,-3.839598637383156,5.0741680127640905,-0.22,False,False,0.0,False,True,0.0,0.0,-0.008373328727739077,0.008373328727739077,1.6898902307783867
2007-01-26 00:00:00-05:00,72.73799133300781,17.735071182250977,-3.8400220174763704,4.634927511653373,-0.61,False,False,0.0,False,False,0.0,0.0,-0.0031186964669450124,-0.0,1.6898902307783867
2007-01-29 00:00:00-05:00,72.72004699707031,17.664020538330078,-3.839405920042916,4.900701970446164,-0.317,False,False,0.0,False,False,0.0,0.0,0.0018911029496127474,0.0,1.6898902307783867
2007-01-30 00:00:00-05:00,73.3299560546875,17.80611801147461,-3.838284636859477,4.98500684913769,-0.205,False,False,0.0,False,False,0.0,0.0,0.0005950586558478347,0.0,1.6898902307783867
2007-01-31 00:00:00-05:00,73.29405212402344,17.637704849243164,-3.8379625811591676,5.601200895098572,0.4,False,True,0.0,False,False,0.0,0.0,0.004370576495451453,0.0,1.6898902307783867
2007-02-01 00:00:00-05:00,73.97566986083984,17.685070037841797,-3.839015670596894,6.082408849961581,0.838,False,False,0.0,False,False,0.0,0.0,0.003391919230702678,0.0,1.6898902307783867
2007-02-02 00:00:00-05:00,74.63938903808594,17.92715072631836,-3.840413199483175,5.791722759608518,0.56,False,False,0.0,False,False,0.0,0.0,-0.0020258697881265085,-0.0,1.6898902307783867
2007-02-05 00:00:00-05:00,75.23133850097656,18.132394790649414,-3.841633094488259,5.573330590891274,0.346,False,False,0.0,False,False,0.0,0.0,-0.0015073031532466816,-0.0,1.6898902307783867
2007-02-06 00:00:00-05:00,74.63938903808594,18.303428649902344,-3.8405053309648705,4.344973733200845,-0.83,False,False,0.0,False,True,0.0,0.0,-0.008475295761806181,-0.0,1.6898902307783867
2007-02-07 00:00:00-05:00,73.93983459472656,18.33763313293457,-3.8365166759825597,3.587199282172776,-1.486,False,False,0.0,False,False,0.0,0.0,-0.005251656247307994,-0.0,1.6898902307783867
2007-02-08 00:00:00-05:00,73.24024963378906,18.5323543548584,-3.828363087674097,2.291668293952867,-2.389,True,False,1.0,False,False,0.0,1.0,-0.0089849607592483,-0.0,1.6898902307783867
2007-02-09 00:00:00-05:00,72.37924194335938,18.706016540527344,-3.815253443435107,1.0110479241583619,-2.957,False,False,1.0,False,False,0.0,1.0,-0.008908822346772488,-0.008908822346772488,1.6809814084316144
2007-02-12 00:00:00-05:00,72.36127471923828,18.81390953063965,-3.798824218326052,0.8905395528490629,-2.68,False,False,1.0,False,False,0.0,1.0,-0.0008378411134289573,-0.0008378411134289573,1.6801435673181855
2007-02-13 00:00:00-05:00,72.5945053100586,18.950729370117188,-3.7804417334793388,0.9523771193949528,-2.37,False,False,1.0,False,False,0.0,1.0,0.00042872302996159613,0.00042872302996159613,1.680572290348147
2007-02-14 00:00:00-05:00,73.276123046875,19.35069465637207,-3.7600203514359816,0.5171173244925171,-2.342,False,False,1.0,False,False,0.0,1.0,-0.0029805143363153884,-0.0029805143363153884,1.6775917760118315
2007-02-15 00:00:00-05:00,73.54520416259766,19.234909057617188,-3.7403818327040548,1.5992997697716618,-1.624,False,False,1.0,False,False,0.0,1.0,0.0074381345775978895,0.0074381345775978895,1.6850299105894293
2007-02-16 00:00:00-05:00,73.45552825927734,19.390161514282227,-3.720718563828368,1.3101943574570782,-1.652,False,False,1.0,False,False,0.0,1.0,-0.0019856023379498104,-0.0019856023379498104,1.6830443082514797
2007-02-20 00:00:00-05:00,73.2222900390625,19.59276580810547,-3.6999941908941167,0.7291703655233874,-1.79,False,False,1.0,False,False,0.0,1.0,-0.003987388794909611,-0.003987388794909611,1.67905691945657
2007-02-21 00:00:00-05:00,72.63035583496094,19.632246017456055,-3.6780980676190587,0.4210296951338677,-1.785,False,False,1.0,False,False,0.0,1.0,-0.002127460280140337,-0.002127460280140337,1.6769294591764297
2007-02-22 00:00:00-05:00,72.1460189819336,19.719083786010742,-3.654883756586705,0.07505995767066054,-1.783,False,False,1.0,False,False,0.0,1.0,-0.0023989528989322045,-0.0023989528989322045,1.6745305062774976
2007-02-23 00:00:00-05:00,71.30297088623047,19.774330139160156,-3.629898083377588,-0.47583218598265375,-1.85,False,False,1.0,False,False,0.0,1.0,-0.003850190897222971,-0.003850190897222971,1.6706803153802745
2007-02-26 00:00:00-05:00,71.03389739990234,20.182188034057617,-3.601654004033726,-1.6553609431228296,-2.111,False,False,1.0,False,False,0.0,1.0,-0.008206950028636698,-0.008206950028636698,1.6624733653516377
2007-02-27 00:00:00-05:00,70.69306182861328,19.495412826538086,-3.576385552392887,0.9699490578474865,-1.025,False,False,1.0,False,False,0.0,1.0,0.01869663525915429,0.01869663525915429,1.6811700006107921
2007-02-28 00:00:00-05:00,71.14151763916016,19.708555221557617,-3.5531540327043385,1.11398517490656,-0.926,False,False,1.0,False,False,0.0,1.0,0.0010203094584369545,0.0010203094584369545,1.6821903100692293
2007-03-01 00:00:00-05:00,71.41060638427734,19.719083786010742,-3.5323477421649323,1.7559452952011725,-0.657,False,False,1.0,False,False,0.0,1.0,0.004550802134309038,0.004550802134309038,1.686741112203538
2007-03-02 00:00:00-05:00,70.8544921875,19.43752098083496,-3.514491050336837,2.541498659621027,-0.34,False,False,1.0,False,False,0.0,1.0,0.005644661613176255,0.005644661613176255,1.6923857738167145
2007-03-05 00:00:00-05:00,69.9755630493164,19.261232376098633,-3.49853497154087,2.589467986560095,-0.286,False,False,1.0,False,False,0.0,1.0,0.0003492191896805004,0.0003492191896805004,1.6927349930063949
2007-03-06 00:00:00-05:00,70.549560546875,19.455944061279297,-3.4840225887793617,2.764611951350261,-0.181,False,False,1.0,False,False,0.0,1.0,0.0012660901887458563,0.0012660901887458563,1.6940010831951406
2007-03-07 00:00:00-05:00,71.84107971191406,19.451961517333984,-3.473108519298399,4.282306448996792,0.453,False,True,0.0,False,False,0.0,0.0,0.010887346473174192,0.010887346473174192,1.704888429668315
2007-03-08 00:00:00-05:00,71.80522918701172,19.526235580444336,-3.4641761471807317,4.162909645004746,0.44,False,False,0.0,False,False,0.0,0.0,-0.0008562129996566956,-0.0,1.704888429668315
2007-03-09 00:00:00-05:00,71.69760131835938,19.892250061035156,-3.454329794320413,2.983209256453577,0.004,False,False,0.0,False,False,0.0,0.0,-0.008401706721421523,-0.0,1.704888429668315
2007-03-12 00:00:00-04:00,70.38813018798828,20.276832580566406,-3.439716572041978,0.6415731320933133,-0.959,False,False,0.0,False,True,0.0,0.0,-0.01670989653179159,-0.0,1.704888429668315
2007-03-13 00:00:00-04:00,70.136962890625,20.16809844970703,-3.423062473970551,1.100301916089208,-0.709,False,False,0.0,False,False,0.0,0.0,0.0032960899576800332,0.0,1.704888429668315
2007-03-14 00:00:00-04:00,70.58544158935547,20.42536163330078,-3.4050478236461106,1.0361084126998747,-0.694,False,False,0.0,False,False,0.0,0.0,-0.0004580840372885308,-0.0,1.704888429668315
2007-03-15 00:00:00-04:00,71.51819610595703,20.75424575805664,-3.386556274658724,1.2327749082011081,-0.556,False,False,0.0,False,False,0.0,0.0,0.0013868933616835452,0.0,1.704888429668315
2007-03-16 00:00:00-04:00,71.2850112915039,20.57124137878418,-3.3691829138533222,1.976736321351794,-0.155,False,False,0.0,False,False,0.0,0.0,0.005291585629246268,0.0,1.704888429668315
2007-03-19 00:00:00-04:00,70.83654022216797,20.666715621948242,-3.351765059316937,1.5665649096823557,-0.319,False,False,0.0,False,True,0.0,0.0,-0.002927568429663697,-0.0,1.704888429668315
2007-03-20 00:00:00-04:00,71.2850112915039,20.76751136779785,-3.335153386528645,2.0221754234207623,-0.041,False,False,0.0,False,False,0.0,0.0,0.00324167550728171,0.0,1.704888429668315
2007-03-21 00:00:00-04:00,70.99800109863281,21.146787643432617,-3.31692676933786,0.8556550786280752,-0.619,False,False,0.0,False,True,0.0,0.0,-0.008264967237271647,-0.0,1.704888429668315
2007-03-22 00:00:00-04:00,71.60792541503906,21.229007720947266,-3.2990510774159474,1.5723446207765193,-0.157,False,False,0.0,False,False,0.0,0.0,0.005059812209741668,0.0,1.704888429668315
2007-03-23 00:00:00-04:00,71.26708221435547,21.573806762695312,-3.279497044391876,0.5158466998147304,-0.779,False,False,0.0,False,True,0.0,0.0,-0.007439166565672009,-0.0,1.704888429668315
2007-03-26 00:00:00-04:00,70.87244415283203,21.897390365600586,-3.25722203503378,-0.4522182557386003,-1.433,False,False,0.0,False,False,0.0,0.0,-0.006807908957945687,-0.0,1.704888429668315
2007-03-27 00:00:00-04:00,70.29841613769531,21.961044311523438,-3.232947581094846,-0.7004889475611122,-1.559,True,False,1.0,False,False,0.0,1.0,-0.0017570799621230463,-0.0,1.704888429668315
2007-03-28 00:00:00-04:00,70.49702453613281,21.971651077270508,-3.2087986106268525,-0.005578913790785123,-0.981,False,False,1.0,False,False,0.0,1.0,0.004928452959032257,0.004928452959032257,1.7098168826273472
2007-03-29 00:00:00-04:00,70.49702453613281,22.11222267150879,-3.1849012848044462,0.07177813976247194,-0.868,False,False,1.0,False,False,0.0,1.0,0.0005489341964288128,0.0005489341964288128,1.710365816823776
2007-03-30 00:00:00-04:00,71.45382690429688,22.024707794189453,-3.1642335010661298,1.762508650730311,0.443,False,True,0.0,False,False,0.0,0.0,0.011978665713771774,0.011978665713771774,1.7223444825375478
2007-04-02 00:00:00-04:00,70.69560241699219,22.73816680908203,-3.1409902830706713,-0.7247585851745271,-1.423,False,False,0.0,False,True,0.0,0.0,-0.017501673816676427,-0.0,1.7223444825375478
2007-04-03 00:00:00-04:00,71.23716735839844,22.74347686767578,-3.1181787579056865,0.3189409086924542,-0.614,False,False,0.0,False,False,0.0,0.0,0.007341961960837529,0.0,1.7223444825375478
2007-04-04 00:00:00-04:00,71.32745361328125,22.59759521484375,-3.0975040594934797,1.3313107005123044,0.133,False,False,0.0,False,False,0.0,0.0,0.007163487320627592,0.0,1.7223444825375478
2007-04-05 00:00:00-04:00,71.5801773071289,22.584331512451172,-3.0793608804409716,2.0348703367764926,0.653,False,True,0.0,False,False,0.0,0.0,0.004985347897059098,0.0,1.7223444825375478
2007-04-09 00:00:00-04:00,72.085693359375,23.021955490112305,-3.061901206146257,1.5947400763546824,0.315,False,False,0.0,False,False,0.0,0.0,-0.003086973012668241,-0.0,1.7223444825375478
2007-04-10 00:00:00-04:00,72.30233764648438,23.16783905029297,-3.0451569608843383,1.7526312938367425,0.41,False,False,0.0,False,False,0.0,0.0,0.001105277971962512,0.0,1.7223444825375478
2007-04-11 00:00:00-04:00,72.26622009277344,23.130712509155273,-3.029646324919043,2.18834194665223,0.697,False,False,0.0,False,False,0.0,0.0,0.003060967459881888,0.0,1.7223444825375478
2007-04-12 00:00:00-04:00,72.13982391357422,23.125411987304688,-3.015272551286492,2.4104039110627866,0.814,False,False,0.0,False,False,0.0,0.0,0.0015652579676952703,0.0,1.7223444825375478
2007-04-13 00:00:00-04:00,72.17594146728516,23.011356353759766,-3.002759199158434,3.078379490920142,1.244,False,False,0.0,False,False,0.0,0.0,0.004728243892697055,0.0,1.7223444825375478
2007-04-16 00:00:00-04:00,72.66341400146484,22.979530334472656,-2.992751997540338,3.891378690433015,1.804,False,False,0.0,True,False,-1.0,-1.0,0.005748199644889452,0.0,1.7223444825375478
2007-04-17 00:00:00-04:00,73.1869125366211,23.557720184326172,-2.9824775563468164,2.9265408081699036,0.989,False,False,0.0,False,False,-1.0,-1.0,-0.0067260798083860155,0.0067260798083860155,1.729070562345934
2007-04-18 00:00:00-04:00,73.31328582763672,23.46489906311035,-2.9731702537681213,3.54814592552556,1.378,False,False,0.0,False,False,-1.0,-1.0,0.004344506267700824,-0.004344506267700824,1.7247260560782331
2007-04-19 00:00:00-04:00,73.1869125366211,23.446325302124023,-2.9646580383030368,3.676575761011236,1.388,False,False,0.0,False,False,-1.0,-1.0,0.0009000161958599704,-0.0009000161958599704,1.723826039882373
2007-04-20 00:00:00-04:00,72.33843231201172,23.600168228149414,-2.9547428441681043,2.6060041187237886,0.602,False,False,0.0,False,False,-1.0,-1.0,-0.007535476581754862,0.007535476581754862,1.731361516464128
2007-04-23 00:00:00-04:00,72.46479797363281,23.80968475341797,-2.9436400886858882,2.3776554344985072,0.441,False,False,0.0,False,False,-1.0,-1.0,-0.0016018630360547785,0.0016018630360547785,1.7329633795001826
2007-04-24 00:00:00-04:00,72.30233764648438,23.998010635375977,-2.931151247156307,1.9605388433317614,0.154,False,False,0.0,False,False,-1.0,-1.0,-0.0029241762160621032,0.0029241762160621032,1.735887555716245
2007-04-25 00:00:00-04:00,72.5731201171875,24.00597381591797,-2.918848611308781,2.503316781480379,0.625,False,True,0.0,False,False,-1.0,-1.0,0.003805151528094281,-0.003805151528094281,1.7320824041881506
2007-04-26 00:00:00-04:00,74.37840270996094,23.4887638092041,-2.912686421993525,5.962999293479243,2.966,False,False,0.0,True,False,-1.0,-1.0,0.024228519470482816,-0.024228519470482816,1.7078538847176679
2007-04-27 00:00:00-04:00,74.50477600097656,23.189062118530273,-2.9117353520813185,6.984364048842252,3.065,False,False,0.0,False,False,-1.0,-1.0,0.007191433928608563,-0.007191433928608563,1.7006624507890593
2007-04-30 00:00:00-04:00,74.05345153808594,22.92913055419922,-2.914136212637427,7.234841865802721,2.736,False,False,0.0,False,False,-1.0,-1.0,0.0017780517641920624,-0.0017780517641920624,1.6988843990248672
2007-05-01 00:00:00-04:00,74.37840270996094,23.00869369506836,-2.9184144150517275,7.229499358763647,2.399,False,False,0.0,False,False,-1.0,-1.0,-3.774894886196592e-05,3.774894886196592e-05,1.6989221479737293
2007-05-02 00:00:00-04:00,75.38938903808594,23.27392578125,-2.923944223206717,7.337728198658112,2.189,False,False,0.0,False,False,-1.0,-1.0,0.0007545179011648589,-0.0007545179011648589,1.6981676300725643
2007-05-03 00:00:00-04:00,76.18373107910156,23.27392578125,-2.931248329344947,7.962075015514216,2.202,False,False,0.0,False,False,-1.0,-1.0,0.0043235701188846795,-0.0043235701188846795,1.6938440599536797
2007-05-04 00:00:00-04:00,77.06830596923828,23.804391860961914,-2.938137815428221,7.127722069274313,1.713,False,False,0.0,False,False,-1.0,-1.0,-0.00567552715337317,0.00567552715337317,1.6995195871070528
2007-05-07 00:00:00-04:00,77.66404724121094,24.19693374633789,-2.9436039319946405,6.437857923276908,1.349,False,False,0.0,False,False,-1.0,-1.0,-0.004633373966891131,0.004633373966891131,1.7041529610739439
2007-05-08 00:00:00-04:00,77.95291137695312,23.91314125061035,-2.9499207916024046,7.411038809252517,1.598,False,False,0.0,True,False,-1.0,-1.0,0.006553636835744533,-0.006553636835744533,1.6975993242381993
2007-05-09 00:00:00-04:00,78.54864501953125,24.059005737304688,-2.9567166726680014,7.412981628227385,1.489,False,False,0.0,False,False,-1.0,-1.0,1.2979443172731383e-05,-1.2979443172731383e-05,1.6975863447950266
2007-05-10 00:00:00-04:00,78.45840454101562,23.714221954345703,-2.9650157857074615,8.145362100610171,1.622,False,False,0.0,True,False,-1.0,-1.0,0.0049228564166230605,-0.0049228564166230605,1.6926634883784035
2007-05-11 00:00:00-04:00,78.38619995117188,23.862747192382812,-2.9729556791046323,7.443310166539277,1.295,False,False,0.0,False,False,-1.0,-1.0,-0.004701374228644777,0.004701374228644777,1.6973648626070483
2007-05-14 00:00:00-04:00,77.8265380859375,23.952913284301758,-2.979023805225026,6.47023920751181,0.908,False,False,0.0,False,False,-1.0,-1.0,-0.006522673645493914,0.006522673645493914,1.7038875362525423
2007-05-15 00:00:00-04:00,78.56671142578125,24.34811019897461,-2.9831275899251577,5.933192128681966,0.675,False,False,0.0,False,False,-1.0,-1.0,-0.003551893249515883,0.003551893249515883,1.7074394295020583
2007-05-16 00:00:00-04:00,79.18053436279297,24.634563446044922,-2.98560965325314,5.631343934604303,0.521,False,False,0.0,False,False,-1.0,-1.0,-0.0019763552542948555,0.0019763552542948555,1.7094157847563531
2007-05-17 00:00:00-04:00,79.1624755859375,24.170408248901367,-2.9893636499933436,6.908335761172495,0.947,False,False,0.0,False,False,-1.0,-1.0,0.008433630768357087,-0.008433630768357087,1.700982153987996
2007-05-18 00:00:00-04:00,79.19855499267578,24.44624137878418,-2.992352358058655,6.0467869571998705,0.575,False,False,0.0,False,False,-1.0,-1.0,-0.005655050720262832,0.005655050720262832,1.7066372047082587
2007-05-21 00:00:00-04:00,79.86653900146484,24.35872459411621,-2.99633467237937,6.879647925174339,0.86,False,False,0.0,False,False,-1.0,-1.0,0.005448755500944917,-0.005448755500944917,1.7011884492073137
2007-05-22 00:00:00-04:00,80.62474822998047,24.186321258544922,-3.002770882991553,7.998766988142165,1.264,False,False,0.0,False,False,-1.0,-1.0,0.007302536613201704,-0.007302536613201704,1.6938859125941121
2007-05-23 00:00:00-04:00,81.22052001953125,23.4489803314209,-3.014828202141552,10.52587280490097,2.138,False,False,0.0,True,False,-1.0,-1.0,0.01663498031676806,-0.01663498031676806,1.6772509322773441
2007-05-24 00:00:00-04:00,80.35397338867188,22.730209350585938,-3.0315074912585174,11.447173464496203,2.264,False,False,0.0,False,False,-1.0,-1.0,0.006172423196978919,-0.006172423196978919,1.671078509080365
2007-05-25 00:00:00-04:00,80.91360473632812,22.913225173950195,-3.0500900369244017,11.026204919457243,1.945,False,False,0.0,False,False,-1.0,-1.0,-0.002791550005162282,0.002791550005162282,1.6738700590855276
2007-05-29 00:00:00-04:00,81.50933837890625,23.056432723999023,-3.0692912884176105,10.742430277149325,1.722,False,False,0.0,False,False,-1.0,-1.0,-0.0018635515969587107,0.0018635515969587107,1.675733610682486
2007-05-30 00:00:00-04:00,81.65379333496094,23.411855697631836,-3.0865944354355483,9.39088981543047,1.156,False,False,0.0,False,False,-1.0,-1.0,-0.008780986659274296,0.008780986659274296,1.6845145973417606
2007-05-31 00:00:00-04:00,83.60350036621094,23.589555740356445,-3.1045083027345526,10.369528712454823,1.438,False,False,0.0,False,False,-1.0,-1.0,0.006239828303913,-0.006239828303913,1.6782747690378474
2007-06-01 00:00:00-04:00,83.36881256103516,23.555072784423828,-3.1218410632299856,9.833619095249773,1.168,False,False,0.0,False,False,-1.0,-1.0,-0.0034155253952754,0.0034155253952754,1.681690294433123
2007-06-04 00:00:00-04:00,82.93555450439453,23.47019386291504,-3.137911458267532,9.28816425419312,0.907,False,False,0.0,False,False,-1.0,-1.0,-0.003483488204360413,0.003483488204360413,1.6851737826374833
2007-06-05 00:00:00-04:00,82.82721710205078,23.098878860473633,-3.1543986011327982,9.964145936836786,1.105,False,False,0.0,False,False,-1.0,-1.0,0.0043418358984810045,-0.0043418358984810045,1.6808319467390023
2007-06-06 00:00:00-04:00,82.66476440429688,23.04414176940918,-3.170518339527552,9.60289030571218,0.911,False,False,0.0,False,False,-1.0,-1.0,-0.002319806261777891,0.002319806261777891,1.68315175300078
2007-06-07 00:00:00-04:00,81.7982177734375,22.010761260986328,-3.1897190602797147,11.590073048003035,1.59,False,False,0.0,True,False,-1.0,-1.0,0.013073023455222817,-0.013073023455222817,1.6700787295455575
2007-06-08 00:00:00-04:00,81.49127960205078,22.24039649963379,-3.2082703572852025,10.138074778006114,0.98,False,False,0.0,False,False,-1.0,-1.0,-0.009499840805174766,0.009499840805174766,1.6795785703507322
2007-06-11 00:00:00-04:00,81.23854064941406,22.69167137145996,-3.2230788619023354,8.101494310827078,0.084,False,False,0.0,False,False,-1.0,-1.0,-0.013192373916850795,0.013192373916850795,1.692770944267583
2007-06-12 00:00:00-04:00,80.58868408203125,22.515432357788086,-3.2351634655456825,7.747579907150154,-0.168,False,False,0.0,False,False,-1.0,-1.0,-0.0023066863853341713,0.0023066863853341713,1.695077630652917
2007-06-13 00:00:00-04:00,81.4551773071289,23.215038299560547,-3.243067197260031,6.167248114688803,-1.145,False,False,0.0,False,True,0.0,0.0,-0.01008230491122553,0.01008230491122553,1.7051599355641427
2007-06-14 00:00:00-04:00,82.15925598144531,23.428646087646484,-3.248402163055962,6.053591352861872,-1.213,False,False,0.0,False,False,0.0,0.0,-0.0007181424752171455,-0.0,1.7051599355641427
2007-06-15 00:00:00-04:00,82.66476440429688,23.71970558166504,-3.2514065811265933,5.542357573685976,-1.441,False,False,0.0,False,False,0.0,0.0,-0.0031994669861469447,-0.0,1.7051599355641427
2007-06-18 00:00:00-04:00,82.75499725341797,23.58620262145996,-3.253886852657793,6.008162639326628,-1.144,False,False,0.0,False,False,0.0,0.0,0.002920374394367922,0.0,1.7051599355641427
2007-06-19 00:00:00-04:00,82.66476440429688,23.730388641357422,-3.2550645257303517,5.420818156019848,-1.395,False,False,0.0,False,False,0.0,0.0,-0.0036729986809966525,-0.0,1.7051599355641427
2007-06-20 00:00:00-04:00,81.6718521118164,23.05748176574707,-3.2574591788449876,6.563046492932685,-0.774,False,False,0.0,False,False,0.0,0.0,0.0072855182102554115,0.0,1.7051599355641427
2007-06-21 00:00:00-04:00,82.32176208496094,23.32718849182129,-3.26004683517678,6.2740350686267305,-0.888,False,False,0.0,False,False,0.0,0.0,-0.0018249185871976824,-0.0,1.7051599355641427
2007-06-22 00:00:00-04:00,82.01482391357422,22.587520599365234,-3.266083374709151,8.242098408086946,0.114,False,False,0.0,False,False,0.0,0.0,0.012632995042281676,0.0,1.7051599355641427
2007-06-25 00:00:00-04:00,81.87041473388672,22.763771057128906,-3.272588564645071,7.373957884128217,-0.354,False,False,0.0,False,True,0.0,0.0,-0.005551946618656596,-0.0,1.7051599355641427
2007-06-26 00:00:00-04:00,81.54546356201172,22.85456085205078,-3.278090751611199,6.6261390007686884,-0.729,False,False,0.0,False,False,0.0,0.0,-0.004779470782719725,-0.0,1.7051599355641427
2007-06-27 00:00:00-04:00,80.96454620361328,23.527454376220703,-3.278270614531491,3.835183887318621,-1.994,True,False,1.0,False,False,0.0,1.0,-0.017653780209365987,-0.0,1.7051599355641427
2007-06-28 00:00:00-04:00,80.32918548583984,23.498079299926758,-3.2746577881793244,3.3810170990793154,-2.008,False,False,1.0,False,False,0.0,1.0,-0.0028876807566790264,-0.0028876807566790264,1.7022722548074636
2007-06-29 00:00:00-04:00,79.98430633544922,23.4393367767334,-3.268881589476117,3.363889876454934,-1.853,False,False,1.0,False,False,0.0,1.0,-0.00010936593940951812,-0.00010936593940951812,1.7021628888680542
2007-07-02 00:00:00-04:00,79.87529754638672,24.368576049804688,-3.256942004167159,0.5082586280360033,-2.666,False,False,1.0,False,False,0.0,1.0,-0.017932613347778154,-0.017932613347778154,1.6842302755202758
2007-07-03 00:00:00-04:00,79.87529754638672,24.35256004333496,-3.2422606139557537,0.9179512688891549,-2.261,False,False,1.0,False,False,0.0,1.0,0.0025793982331958425,0.0025793982331958425,1.686809673753472
2007-07-05 00:00:00-04:00,79.51227569580078,24.160308837890625,-3.2271610718995434,1.5430675290896545,-1.894,False,False,1.0,False,False,0.0,1.0,0.003969458788858333,0.003969458788858333,1.69077913254233
2007-07-06 00:00:00-04:00,79.73014831542969,24.133602142333984,-3.212957303671968,2.1899150483042575,-1.568,False,False,1.0,False,False,0.0,1.0,0.004112964645380839,0.004112964645380839,1.694892097187711
2007-07-09 00:00:00-04:00,79.36703491210938,24.555498123168945,-3.1969593617199474,0.8641053055478096,-1.842,False,False,1.0,False,False,0.0,1.0,-0.008398112628951957,-0.008398112628951957,1.686493984558759
2007-07-10 00:00:00-04:00,79.05843353271484,23.949342727661133,-3.1833903646263577,2.8183266543440624,-1.185,False,False,1.0,False,False,0.0,1.0,0.012583642728536263,0.012583642728536263,1.6990776272872954
2007-07-11 00:00:00-04:00,79.29443359375,24.02144432067871,-3.1716563856317435,3.1066663219719857,-1.041,False,False,1.0,False,False,0.0,1.0,0.001854486661642382,0.001854486661642382,1.7009321139489377
2007-07-12 00:00:00-04:00,79.4033432006836,24.592876434326172,-3.1585511363928527,1.7254853918736615,-1.356,False,False,1.0,False,False,0.0,1.0,-0.008792783103401721,-0.008792783103401721,1.692139330845536
2007-07-13 00:00:00-04:00,79.29443359375,24.699691772460938,-3.1445298083983757,1.6255165569944694,-1.311,False,False,1.0,False,False,0.0,1.0,-0.0006368928445884189,-0.0006368928445884189,1.6915024380009474
2007-07-16 00:00:00-04:00,79.1491928100586,23.818504333496094,-3.1349525866124224,4.479311040525829,-0.434,False,False,1.0,False,False,0.0,1.0,0.01855292974119869,0.01855292974119869,1.7100553677421462
2007-07-17 00:00:00-04:00,78.51383972167969,23.746416091918945,-3.1274261165287514,4.248677861853778,-0.46,False,False,1.0,False,False,0.0,1.0,-0.001509586895349691,-0.001509586895349691,1.7085457808467965
2007-07-18 00:00:00-04:00,78.24150848388672,24.245742797851562,-3.1182681036059487,2.6367820691125416,-0.905,False,False,1.0,False,False,0.0,1.0,-0.010477317132934703,-0.010477317132934703,1.6980684637138617
2007-07-19 00:00:00-04:00,78.04182434082031,24.7157039642334,-3.1058694895253542,1.27807348616696,-1.261,False,False,1.0,False,False,0.0,1.0,-0.008776871125151239,-0.008776871125151239,1.6892915925887104
2007-07-20 00:00:00-04:00,77.98739624023438,24.141611099243164,-3.0951194319444406,3.266226608521265,-0.588,False,False,1.0,False,False,0.0,1.0,0.01301926392276812,0.01301926392276812,1.7023108565114786
2007-07-23 00:00:00-04:00,77.9510726928711,24.347219467163086,-3.084560316025378,2.8506057188992884,-0.677,False,False,1.0,False,False,0.0,1.0,-0.0027155616371235813,-0.0027155616371235813,1.6995952948743551
2007-07-24 00:00:00-04:00,77.37014770507812,23.284452438354492,-3.0789563883947295,5.6783341197333215,0.32,False,True,0.0,False,False,0.0,0.0,0.018970154265746348,0.018970154265746348,1.7185654491401015
2007-07-25 00:00:00-04:00,77.76953887939453,23.212356567382812,-3.0771830319674813,6.340869118265218,0.609,False,False,0.0,False,False,0.0,0.0,0.004440636416273598,0.0,1.7185654491401015
2007-07-26 00:00:00-04:00,76.78924560546875,22.0347843170166,-3.081790798971209,8.882650039971892,1.663,False,False,0.0,True,False,-1.0,-1.0,0.017566371646462384,0.0,1.7185654491401015
2007-07-27 00:00:00-04:00,75.62740325927734,21.741064071655273,-3.089220653415491,8.464459101890384,1.578,False,False,0.0,False,False,-1.0,-1.0,-0.002928705935991747,0.002928705935991747,1.7214941550760932
2007-07-30 00:00:00-04:00,74.46560668945312,22.25107765197754,-3.093508643122887,5.631705654262092,0.484,False,False,0.0,False,False,-1.0,-1.0,-0.019768061262789145,0.019768061262789145,1.7412622163388822
2007-07-31 00:00:00-04:00,73.68499755859375,23.004087448120117,-3.090889779529939,2.5818987777863214,-0.729,False,False,0.0,False,True,0.0,0.0,-0.021063933801067778,0.021063933801067778,1.76232615013995
2007-08-01 00:00:00-04:00,73.34008026123047,22.02944564819336,-3.0889715955789785,5.291748387610241,0.429,False,True,0.0,False,False,0.0,0.0,0.019165995069237867,0.0,1.76232615013995
2007-08-02 00:00:00-04:00,73.10407257080078,23.124244689941406,-3.081577862749502,1.844912041474629,-0.978,False,False,0.0,False,True,0.0,0.0,-0.023876137103032095,-0.0,1.76232615013995
2007-08-03 00:00:00-04:00,71.34320068359375,22.000078201293945,-3.0743016156894987,3.7083247240604607,-0.169,False,False,0.0,False,False,0.0,0.0,0.013407961367682259,0.0,1.76232615013995
2007-08-06 00:00:00-04:00,73.68499755859375,23.092201232910156,-3.0656393148345016,2.8926375929146246,-0.479,False,False,0.0,False,True,0.0,0.0,-0.005645778308263957,-0.0,1.76232615013995
2007-08-07 00:00:00-04:00,72.21456146240234,23.837203979492188,-3.0503523724852557,-0.49731024985662486,-1.771,True,False,1.0,False,False,0.0,1.0,-0.023390818144856832,-0.0,1.76232615013995
2007-08-08 00:00:00-04:00,71.72443389892578,23.711698532104492,-3.0319152877625353,-0.16742737937829588,-1.528,False,False,1.0,False,False,0.0,1.0,0.0022969738223036365,0.0022969738223036365,1.7646231239622536
2007-08-09 00:00:00-04:00,71.66993713378906,22.726377487182617,-3.0173987676537646,3.0953937107299794,-0.185,False,False,1.0,False,False,0.0,1.0,0.02326523708564552,0.02326523708564552,1.7878883610478993
2007-08-10 00:00:00-04:00,70.98011779785156,22.053478240966797,-3.007732496665583,4.649154627988381,0.521,False,True,0.0,False,False,0.0,0.0,0.011315626578045286,0.011315626578045286,1.7992039876259445
2007-08-13 00:00:00-04:00,72.28717041015625,22.93733787536621,-2.998765108031915,3.503481918369161,0.079,False,False,0.0,False,False,0.0,0.0,-0.008121257065681887,-0.0,1.7992039876259445
2007-08-14 00:00:00-04:00,72.57764434814453,22.03745460510254,-2.9954435520265097,6.56569304821322,1.468,False,True,0.0,False,False,0.0,0.0,0.022095534051632643,0.0,1.7992039876259445
2007-08-15 00:00:00-04:00,71.39765930175781,21.64760971069336,-2.995275063147347,6.557113758571646,1.385,False,False,0.0,False,False,0.0,0.0,-6.297271496889032e-05,-0.0,1.7992039876259445
2007-08-16 00:00:00-04:00,70.58076477050781,21.495407104492188,-2.996236678915203,6.175437575813888,1.156,False,False,0.0,False,False,0.0,0.0,-0.0028275222817484838,-0.0,1.7992039876259445
2007-08-17 00:00:00-04:00,70.43555450439453,22.429983139038086,-2.9929555460220034,3.303612071230461,-0.079,False,False,0.0,False,False,0.0,0.0,-0.02087575603623099,-0.0,1.7992039876259445
2007-08-20 00:00:00-04:00,70.29029083251953,22.785125732421875,-2.985457052769197,2.2662765164277374,-0.56,False,False,0.0,False,True,0.0,0.0,-0.007499842866492818,-0.0,1.7992039876259445
2007-08-21 00:00:00-04:00,70.67150115966797,23.223045349121094,-2.974376800825918,1.5974138287139539,-0.871,False,False,0.0,False,False,0.0,0.0,-0.004786288389766733,-0.0,1.7992039876259445
2007-08-22 00:00:00-04:00,70.72598266601562,23.076171875,-2.9625908827065692,2.3607262613708713,-0.547,False,False,0.0,False,False,0.0,0.0,0.005487854143488818,0.0,1.7992039876259445
2007-08-23 00:00:00-04:00,70.6170654296875,23.257762908935547,-2.9497979821337923,2.011363331963267,-0.7,False,False,0.0,False,False,0.0,0.0,-0.0025093807256691535,-0.0,1.7992039876259445
2007-08-24 00:00:00-04:00,70.798583984375,23.404624938964844,-2.9365371176174673,2.070034127189288,-0.7,False,False,0.0,False,False,0.0,0.0,0.0004204973872153395,0.0,1.7992039876259445
2007-08-27 00:00:00-04:00,71.12539672851562,22.30181312561035,-2.9294880818600264,5.79250097317059,0.938,False,True,0.0,False,False,0.0,0.0,0.02727915451837835,0.0,1.7992039876259445
2007-08-28 00:00:00-04:00,69.89091491699219,21.82918357849121,-2.9262998520711916,6.012178240418471,0.984,False,False,0.0,False,False,0.0,0.0,0.0016422055722723258,0.0,1.7992039876259445
2007-08-29 00:00:00-04:00,70.48998260498047,22.929309844970703,-2.9209894840839814,3.5137096705177413,-0.145,False,False,0.0,False,False,0.0,0.0,-0.01817514094710934,-0.0,1.7992039876259445
2007-08-30 00:00:00-04:00,70.54444122314453,22.60354995727539,-2.9163877779467096,4.623724389538708,0.316,False,True,0.0,False,False,0.0,0.0,0.008134052199311978,0.0,1.7992039876259445
2007-08-31 00:00:00-04:00,70.6170654296875,22.6943359375,-2.9120258707534754,4.530572060117166,0.273,False,False,0.0,False,False,0.0,0.0,-0.0006814184666423484,-0.0,1.7992039876259445
2007-09-04 00:00:00-04:00,71.6336441040039,23.257762908935547,-2.906917528604869,4.025245427882993,0.047,False,False,0.0,False,False,0.0,0.0,-0.0036291239495252667,-0.0,1.7992039876259445
2007-09-05 00:00:00-04:00,72.50504302978516,22.731725692749023,-2.9055835402227843,6.456115016074222,1.085,False,True,0.0,False,False,0.0,0.0,0.017544568155524812,0.0,1.7992039876259445
2007-09-06 00:00:00-04:00,72.57764434814453,23.254680633544922,-2.9039622003683,5.046930806693325,0.413,False,False,0.0,False,False,0.0,0.0,-0.010057816896914332,-0.0,1.7992039876259445
2007-09-07 00:00:00-04:00,72.21456146240234,22.3996639251709,-2.9057531037263233,7.126668489410449,1.283,False,False,0.0,False,False,0.0,0.0,0.015147126766737556,0.0,1.7992039876259445
2007-09-10 00:00:00-04:00,72.06934356689453,22.550233840942383,-2.9083745479668295,6.484817413197433,0.94,False,False,0.0,False,False,0.0,0.0,-0.004662789920224095,-0.0,1.7992039876259445
2007-09-11 00:00:00-04:00,72.9043960571289,23.0261287689209,-2.910450976975058,5.88797708566959,0.672,False,False,0.0,False,False,0.0,0.0,-0.0042655578257309226,-0.0,1.7992039876259445
2007-09-12 00:00:00-04:00,71.99671936035156,22.88094139099121,-2.9113448483779387,5.382408515651747,0.464,False,False,0.0,False,False,0.0,0.0,-0.0036473906100397673,-0.0,1.7992039876259445
2007-09-13 00:00:00-04:00,72.55950164794922,23.06645965576172,-2.911596569210027,5.399276850411894,0.552,False,False,0.0,False,False,0.0,0.0,0.00012072980093278856,0.0,1.7992039876259445
2007-09-14 00:00:00-04:00,72.72283935546875,23.104114532470703,-2.9115764668066713,5.453443196321032,0.658,False,False,0.0,False,False,0.0,0.0,0.00038692392981668394,0.0,1.7992039876259445
2007-09-17 00:00:00-04:00,73.03145599365234,23.246612548828125,-2.9112328449143448,5.355154008505934,0.615,False,False,0.0,False,False,0.0,0.0,-0.0006985342473434037,-0.0,1.7992039876259445
2007-09-18 00:00:00-04:00,73.77578735351562,24.072044372558594,-2.9079714461114894,3.774969668586465,-0.207,False,False,0.0,False,True,0.0,0.0,-0.010990552597183248,-0.0,1.7992039876259445
2007-09-19 00:00:00-04:00,73.17671966552734,24.133878707885742,-2.901960869164433,3.141148034082221,-0.5,False,False,0.0,False,False,0.0,0.0,-0.004425748856918422,-0.0,1.7992039876259445
2007-09-20 00:00:00-04:00,72.43240356445312,23.652605056762695,-2.8958061133687596,3.939045243982875,-0.125,False,False,0.0,False,False,0.0,0.0,0.005661826476781428,0.0,1.7992039876259445
2007-09-21 00:00:00-04:00,73.30376434326172,23.937604904174805,-2.88988758585535,4.126777095576813,-0.033,False,False,0.0,False,False,0.0,0.0,0.0013175944785363315,0.0,1.7992039876259445
2007-09-24 00:00:00-04:00,73.66685485839844,24.187658309936523,-2.883739262992699,3.9159549101828617,-0.161,False,False,0.0,False,False,0.0,0.0,-0.0014699866531743295,-0.0,1.7992039876259445
2007-09-25 00:00:00-04:00,74.88314819335938,23.883834838867188,-2.881189178880189,6.069301705453569,0.96,False,True,0.0,False,False,0.0,0.0,0.014985329373429508,0.0,1.7992039876259445
2007-09-26 00:00:00-04:00,74.8831558227539,24.07742691040039,-2.8797524389003724,5.546126955082926,0.629,False,False,0.0,False,False,0.0,0.0,-0.0036276111523061844,-0.0,1.7992039876259445
2007-09-27 00:00:00-04:00,74.86487579345703,23.86500358581543,-2.879951964572028,6.134811831969387,0.955,False,False,0.0,False,False,0.0,0.0,0.004099621322945606,0.0,1.7992039876259445
2007-09-28 00:00:00-04:00,74.7735595703125,23.657983779907227,-2.8818506976706195,6.594782508706658,1.191,False,False,0.0,False,False,0.0,0.0,0.003217650634991921,0.0,1.7992039876259445
2007-10-01 00:00:00-04:00,74.99272155761719,24.085487365722656,-2.8829230990882824,5.556113678176359,0.493,False,False,0.0,False,False,0.0,0.0,-0.007191536750732806,-0.0,1.7992039876259445
2007-10-02 00:00:00-04:00,75.8694076538086,23.929542541503906,-2.8856879298845386,6.816215574132187,1.289,False,False,0.0,False,False,0.0,0.0,0.008694999249759354,0.0,1.7992039876259445
2007-10-03 00:00:00-04:00,74.97445678710938,23.735950469970703,-2.888694580184083,6.408545308987172,1.035,False,False,0.0,False,False,0.0,0.0,-0.002840108814488537,-0.0,1.7992039876259445
2007-10-04 00:00:00-04:00,74.71873474121094,23.996763229370117,-2.8900591305133014,5.366670067403973,0.387,False,False,0.0,False,False,0.0,0.0,-0.007231689182079974,-0.0,1.7992039876259445
2007-10-05 00:00:00-04:00,74.99272155761719,24.115066528320312,-2.890376928185199,5.291089642509007,0.304,False,False,0.0,False,False,0.0,0.0,-0.0005223453651162181,-0.0,1.7992039876259445
2007-10-08 00:00:00-04:00,74.84658813476562,24.0612850189209,-2.8901364847303137,5.306190432087419,0.268,False,False,0.0,False,False,0.0,0.0,0.00010458553096615577,0.0,1.7992039876259445
2007-10-09 00:00:00-04:00,75.02922821044922,24.537187576293945,-2.8876467534890518,4.174498166012114,-0.607,False,False,0.0,False,True,0.0,0.0,-0.007757482588305075,-0.0,1.7992039876259445
2007-10-10 00:00:00-04:00,75.50411224365234,24.389312744140625,-2.8855405039874698,5.127762456016782,0.044,False,False,0.0,False,False,0.0,0.0,0.006534557655844383,0.0,1.7992039876259445
2007-10-11 00:00:00-04:00,74.60916137695312,24.383943557739258,-2.8822822721543178,4.327753135269774,-0.706,False,False,0.0,False,True,0.0,0.0,-0.005521472673153932,-0.0,1.7992039876259445
2007-10-12 00:00:00-04:00,75.37625122070312,24.475353240966797,-2.8793685539484706,4.90268875188255,-0.316,False,False,0.0,False,False,0.0,0.0,0.00394197018198916,0.0,1.7992039876259445
2007-10-15 00:00:00-04:00,74.53610229492188,24.241430282592773,-2.876487178525301,4.805938897928797,-0.384,False,False,0.0,False,False,0.0,0.0,-0.0006706339385006701,-0.0,1.7992039876259445
2007-10-16 00:00:00-04:00,74.15255737304688,24.063980102539062,-2.8739469302065723,4.993955628802695,-0.17,False,False,0.0,False,False,0.0,0.0,0.0013119475973257454,0.0,1.7992039876259445
2007-10-17 00:00:00-04:00,74.70049285888672,24.244117736816406,-2.8717352406832117,5.077805574798134,-0.138,False,False,0.0,False,False,0.0,0.0,0.000580987377858306,0.0,1.7992039876259445
2007-10-18 00:00:00-04:00,73.64116668701172,24.22260856628418,-2.8681578982216,4.1669006120935705,-1.06,False,False,0.0,False,True,0.0,0.0,-0.006364826945112472,-0.0,1.7992039876259445
2007-10-19 00:00:00-04:00,72.76448822021484,23.76283836364746,-2.8647249432252018,4.690492438045226,-0.528,False,False,0.0,False,False,0.0,0.0,0.003717675816098607,0.0,1.7992039876259445
2007-10-22 00:00:00-04:00,73.29415130615234,23.760154724121094,-2.8623737641183946,5.283707792434399,0.047,False,False,0.0,False,False,0.0,0.0,0.004198132092911637,0.0,1.7992039876259445
2007-10-23 00:00:00-04:00,70.49971771240234,23.75476837158203,-2.8561618376361864,2.652254827602647,-2.425,True,False,1.0,False,True,0.0,1.0,-0.019020647572813423,-0.0,1.7992039876259445
2007-10-24 00:00:00-04:00,70.02487182617188,24.010208129882812,-2.8461629933522428,1.6879059842142539,-2.833,False,False,1.0,False,False,0.0,1.0,-0.0069697603012577125,-0.0069697603012577125,1.7922342273246867
2007-10-25 00:00:00-04:00,73.82381439208984,24.381250381469727,-2.8390036275364787,4.605356115222136,-0.311,False,False,1.0,False,False,0.0,1.0,0.020395719926512436,0.020395719926512436,1.812629947251199
2007-10-26 00:00:00-04:00,76.2529525756836,24.951251983642578,-2.8349697914381524,5.516906943495613,0.541,False,True,0.0,False,False,0.0,0.0,0.0062014901753692,0.0062014901753692,1.8188314374265684
2007-10-29 00:00:00-04:00,76.4538803100586,25.117956161499023,-2.8323301261448255,5.311536366659865,0.372,False,False,0.0,False,False,0.0,0.0,-0.001391435166275514,-0.0,1.8188314374265684
2007-10-30 00:00:00-04:00,76.4173355102539,25.080312728881836,-2.830659019365986,5.423522075724989,0.474,False,False,0.0,False,False,0.0,0.0,0.000759682763934438,0.0,1.8188314374265684
2007-10-31 00:00:00-04:00,77.3122787475586,25.70408821105957,-2.828141174473796,4.617488525554535,-0.25,False,False,0.0,False,True,0.0,0.0,-0.005373303776330724,-0.0,1.8188314374265684
2007-11-01 00:00:00-04:00,78.29854583740234,25.292726516723633,-2.8288094185092754,6.750242847115231,1.625,False,True,0.0,True,False,-1.0,-1.0,0.014232894039788413,0.0,1.8188314374265684
2007-11-02 00:00:00-04:00,74.51785278320312,25.381446838378906,-2.8245346254727752,2.82707734360541,-1.721,True,False,1.0,False,True,0.0,1.0,-0.02683265379886804,0.02683265379886804,1.8456640912254363
2007-11-05 00:00:00-05:00,72.983642578125,25.306163787841797,-2.815699915210345,1.7290793463997574,-2.391,False,False,1.0,False,False,0.0,1.0,-0.007612393616800444,-0.007612393616800444,1.8380516976086358
2007-11-06 00:00:00-05:00,74.71873474121094,25.09912872314453,-2.808633467195466,4.224481811940208,-0.478,False,False,1.0,False,False,0.0,1.0,0.01718443030180631,0.01718443030180631,1.8552361279104423
2007-11-07 00:00:00-05:00,73.64116668701172,24.23067283630371,-2.8050041088774536,5.674029820314502,0.641,False,True,0.0,False,False,0.0,0.0,0.010236320695872976,0.010236320695872976,1.8654724486063152
2007-11-08 00:00:00-05:00,73.89685821533203,24.773807525634766,-2.801242709910192,4.499410487429387,-0.31,False,False,0.0,False,True,0.0,0.0,-0.008197250582660517,-0.0,1.8654724486063152
2007-11-09 00:00:00-05:00,73.78727722167969,24.92974853515625,-2.7966772129379014,4.066817569136177,-0.663,False,False,0.0,False,False,0.0,0.0,-0.003014422272384898,-0.0,1.8654724486063152
2007-11-12 00:00:00-05:00,72.36266326904297,24.39200210571289,-2.792014113284815,4.259849138619657,-0.469,False,False,0.0,False,False,0.0,0.0,0.0013742278391616655,0.0,1.8654724486063152
2007-11-13 00:00:00-05:00,73.62288665771484,24.49954605102539,-2.7890314992958043,5.292881002956904,0.38,False,True,0.0,False,False,0.0,0.0,0.007277286482217584,0.0,1.8654724486063152
2007-11-14 00:00:00-05:00,72.36266326904297,24.70120620727539,-2.784095884515923,3.5921367247883893,-0.953,False,False,0.0,False,True,0.0,0.0,-0.01205063302557249,-0.0,1.8654724486063152
2007-11-15 00:00:00-05:00,71.5407943725586,24.754980087280273,-2.776759135327698,2.8021772703478405,-1.509,True,False,1.0,False,False,0.0,1.0,-0.005631328547330204,-0.0,1.8654724486063152
2007-11-16 00:00:00-05:00,71.46772003173828,24.83295249938965,-2.7679875693898426,2.7304162021793132,-1.462,False,False,1.0,False,False,0.0,1.0,-0.0005118295064770246,-0.0005118295064770246,1.8649606190998382
2007-11-19 00:00:00-05:00,70.06137084960938,24.93781280517578,-2.7560674025512886,1.3310778863382922,-2.352,True,False,1.0,False,False,0.0,1.0,-0.010082293686799627,-0.010082293686799627,1.8548783254130385
2007-11-20 00:00:00-05:00,70.13443756103516,25.198617935180664,-2.7419271459130394,1.0416630050721096,-2.325,False,False,1.0,False,False,0.0,1.0,-0.002078723525850504,-0.002078723525850504,1.8527996018871882
2007-11-21 00:00:00-05:00,69.5317153930664,24.590970993041992,-2.7289665161795233,2.423778952712894,-1.24,False,False,1.0,False,False,0.0,1.0,0.010115042954923137,0.010115042954923137,1.8629146448421112
2007-11-23 00:00:00-05:00,70.3536148071289,24.789928436279297,-2.71757172088832,2.985206325851081,-0.789,False,False,1.0,False,False,0.0,1.0,0.0040765257417289735,0.0040765257417289735,1.8669911705838405
2007-11-26 00:00:00-05:00,69.2760238647461,24.515684127807617,-2.706927262803786,2.9138501328975934,-0.792,False,False,1.0,False,False,0.0,1.0,-0.0005260774193248283,-0.0005260774193248283,1.8664650931645155
2007-11-27 00:00:00-05:00,70.31708526611328,24.908226013183594,-2.6970440809669487,3.138501729869489,-0.605,False,False,1.0,False,False,0.0,1.0,0.0016338812627968717,0.0016338812627968717,1.8680989744273124
2007-11-28 00:00:00-05:00,72.80099487304688,25.429855346679688,-2.6896970502244004,4.402387959449328,0.317,False,True,0.0,False,False,0.0,0.0,0.008951060864106386,0.008951060864106386,1.8770500352914188
2007-11-29 00:00:00-05:00,72.85578918457031,25.408334732055664,-2.6841800785740584,4.655243267045165,0.491,False,False,0.0,False,False,0.0,0.0,0.0017925838454034865,0.0,1.8770500352914188
2007-11-30 00:00:00-05:00,72.94713592529297,25.741743087768555,-2.6785440956863935,3.9967419648744738,0.037,False,False,0.0,False,False,0.0,0.0,-0.004640681925196782,-0.0,1.8770500352914188
2007-12-03 00:00:00-05:00,73.38546752929688,26.228397369384766,-2.6716776462482175,3.3116445805960524,-0.429,False,False,0.0,False,True,0.0,0.0,-0.004775552576593111,-0.0,1.8770500352914188
2007-12-04 00:00:00-05:00,72.21656036376953,26.413908004760742,-2.661772330947844,1.9087508844956176,-1.356,False,False,0.0,False,False,0.0,0.0,-0.009843184696381308,-0.0,1.8770500352914188
2007-12-05 00:00:00-05:00,71.63208770751953,26.747961044311523,-2.6483362484166233,0.7944929026335643,-1.958,True,False,1.0,False,False,0.0,1.0,-0.007821018213927933,-0.0,1.8770500352914188
2007-12-06 00:00:00-05:00,72.56356811523438,26.83721160888672,-2.6348223477931367,1.852283215686242,-1.172,False,False,1.0,False,False,0.0,1.0,0.007382944674481986,0.007382944674481986,1.8844329799659008
2007-12-07 00:00:00-05:00,71.5042495727539,26.802053451538086,-2.6203257335139853,1.2741392026713356,-1.451,False,False,1.0,False,False,0.0,1.0,-0.00407906744171336,-0.00407906744171336,1.8803539125241873
2007-12-10 00:00:00-05:00,71.43119812011719,26.758764266967773,-2.6060508963707005,1.6964965164135464,-1.11,False,False,1.0,False,False,0.0,1.0,0.002991921664994997,0.002991921664994997,1.8833458341891822
2007-12-11 00:00:00-05:00,69.60478210449219,26.069034576416016,-2.592509606727351,2.0205595270261796,-0.881,False,False,1.0,False,False,0.0,1.0,0.002362164601776216,0.002362164601776216,1.8857079987909584
2007-12-12 00:00:00-05:00,69.76915740966797,26.21781349182129,-2.5795453197969,2.139119321532334,-0.82,False,False,1.0,False,False,0.0,1.0,0.0008628856528352071,0.0008628856528352071,1.8865708844437936
2007-12-13 00:00:00-05:00,68.76461029052734,26.439603805541992,-2.5648894813165626,0.9499485995153236,-1.482,False,False,1.0,False,False,0.0,1.0,-0.00870681696251642,-0.00870681696251642,1.8778640674812772
2007-12-14 00:00:00-05:00,68.32626342773438,26.077165603637695,-2.5508121098773624,1.8083136146979228,-0.888,False,False,1.0,False,False,0.0,1.0,0.006365605127228909,0.006365605127228909,1.8842296726085062
2007-12-17 00:00:00-05:00,68.01579284667969,25.844547271728516,-2.5380795736142923,2.42027532699656,-0.452,False,False,1.0,False,False,0.0,1.0,0.004580163989265842,0.004580163989265842,1.8888098365977721
2007-12-18 00:00:00-05:00,67.94275665283203,26.077165603637695,-2.5254849331873683,2.08526782061314,-0.628,False,False,1.0,False,False,0.0,1.0,-0.0025037884285559774,-0.0025037884285559774,1.886306048169216
2007-12-19 00:00:00-05:00,68.28976440429688,25.885120391845703,-2.5148290354552887,3.193112056627527,0.159,False,False,1.0,False,False,0.0,1.0,0.00830552512760304,0.00830552512760304,1.8946115732968192
2007-12-20 00:00:00-05:00,67.796630859375,25.960853576660156,-2.5045068299480335,2.777495765348803,-0.055,False,False,1.0,False,False,0.0,1.0,-0.0031292692422113804,-0.0031292692422113804,1.8914823040546076
2007-12-21 00:00:00-05:00,70.28056335449219,26.312484741210938,-2.497340836143833,4.569320709854608,1.277,False,True,0.0,False,False,0.0,0.0,0.01317597726819858,0.01317597726819858,1.9046582813228063
2007-12-24 00:00:00-05:00,71.04766845703125,26.482887268066406,-2.492641275865547,5.035330548554754,1.521,False,False,0.0,True,False,-1.0,-1.0,0.0034000424416835615,0.0,1.9046582813228063
2007-12-26 00:00:00-05:00,70.26226806640625,26.49911880493164,-2.488082587467547,4.3302719846220015,0.99,False,False,0.0,False,False,-1.0,-1.0,-0.005176859453975176,0.005176859453975176,1.9098351407767815
2007-12-27 00:00:00-05:00,69.54531860351562,26.32329559326172,-2.483348168483788,4.175410703531767,0.956,False,False,0.0,False,False,-1.0,-1.0,-0.0011478413897649817,0.0011478413897649817,1.9109829821665465
2007-12-28 00:00:00-05:00,69.10413360595703,26.542396545410156,-2.4771469597181692,3.3547166998602194,0.347,False,False,0.0,False,False,-1.0,-1.0,-0.006085816803156328,0.006085816803156328,1.9170687989697028
2007-12-31 00:00:00-05:00,69.80268096923828,26.572145462036133,-2.471467200583151,4.130495010691561,0.965,False,False,0.0,False,False,-1.0,-1.0,0.005726363335310535,-0.005726363335310535,1.9113424356343924
2008-01-02 00:00:00-05:00,66.3465576171875,25.99331283569336,-2.463075198440109,2.323073446296249,-0.441,False,False,0.0,False,True,0.0,0.0,-0.013863779896100223,0.013863779896100223,1.9252062155304925
2008-01-03 00:00:00-05:00,66.95323944091797,26.11503028869629,-2.4541384053078072,2.8633406536517754,0.059,False,False,0.0,False,False,0.0,0.0,0.004122819513180191,0.0,1.9252062155304925
2008-01-04 00:00:00-05:00,66.8613052368164,26.482887268066406,-2.4437008124738084,2.1450521031902525,-0.527,False,False,0.0,False,True,0.0,0.0,-0.005459050611345578,-0.0,1.9252062155304925
2008-01-07 00:00:00-05:00,67.02674865722656,27.58915138244629,-2.4288567405306134,0.016652356452397044,-2.133,True,False,1.0,False,False,0.0,1.0,-0.01587921401316758,-0.0,1.9252062155304925
2008-01-08 00:00:00-05:00,66.309814453125,27.28350830078125,-2.41252861889053,0.48756985375290185,-1.63,False,False,1.0,False,False,0.0,1.0,0.003563991212105502,0.003563991212105502,1.928770206742598
2008-01-09 00:00:00-05:00,67.74374389648438,27.924551010131836,-2.3959811692633184,0.8370455160755199,-1.332,False,False,1.0,False,False,0.0,1.0,0.002595428996838803,0.002595428996838803,1.9313656357394369
2008-01-10 00:00:00-05:00,67.37606048583984,27.29704475402832,-2.381950025594452,2.3558640353291764,-0.212,False,False,1.0,False,False,0.0,1.0,0.011471763283941089,0.011471763283941089,1.9428373990233778
2008-01-11 00:00:00-05:00,68.84675598144531,27.00761604309082,-2.373247362872809,4.751002429698659,1.535,False,True,0.0,True,False,-1.0,-1.0,0.018016347087020226,0.018016347087020226,1.960853746110398
2008-01-14 00:00:00-05:00,67.74374389648438,27.232114791870117,-2.3649793786436573,3.3403539768546437,0.472,False,False,0.0,False,False,-1.0,-1.0,-0.010674832000571167,0.010674832000571167,1.9715285781109695
2008-01-15 00:00:00-05:00,66.8980941772461,26.861560821533203,-2.3573513876982073,3.575956498864997,0.629,False,False,0.0,False,False,-1.0,-1.0,0.0018092620374963047,-0.0018092620374963047,1.9697193160734732
2008-01-16 00:00:00-05:00,67.21060180664062,26.61543083190918,-2.351787775496369,4.616756936587457,1.332,False,False,0.0,False,False,-1.0,-1.0,0.008018218669463612,-0.008018218669463612,1.9617010974040094
2008-01-17 00:00:00-05:00,67.26575469970703,25.71470832824707,-2.350934564487956,6.812158075104691,2.601,False,False,0.0,True,False,-1.0,-1.0,0.017189260012310862,-0.017189260012310862,1.9445118373916985
2008-01-18 00:00:00-05:00,66.16272735595703,25.544313430786133,-2.3513594995964437,6.098863309809033,2.013,False,False,0.0,False,False,-1.0,-1.0,-0.005650907288016668,0.005650907288016668,1.9501627446797152
2008-01-22 00:00:00-05:00,65.92373657226562,24.667949676513672,-2.3552780027237517,7.823857326876485,2.682,False,False,0.0,False,False,-1.0,-1.0,0.0139085931795733,-0.0139085931795733,1.936254151500142
2008-01-23 00:00:00-05:00,68.46070098876953,25.698490142822266,-2.3610074764720634,7.786373627522536,2.354,False,False,0.0,False,False,-1.0,-1.0,-0.00029026748073613686,0.00029026748073613686,1.936544418980878
2008-01-24 00:00:00-05:00,67.81726837158203,25.05743408203125,-2.3687914657296587,8.461432364982919,2.373,False,False,0.0,False,False,-1.0,-1.0,0.005308187928266074,-0.005308187928266074,1.9312362310526119
2008-01-25 00:00:00-05:00,64.94943237304688,24.578693389892578,-2.3745757712008255,6.585462561634074,1.413,False,False,0.0,False,False,-1.0,-1.0,-0.015213024457330722,0.015213024457330722,1.9464492555099429
2008-01-28 00:00:00-05:00,66.1259536743164,24.938434600830078,-2.3796481970588372,6.781252738981387,1.404,False,False,0.0,False,False,-1.0,-1.0,0.0015604459700671075,-0.0015604459700671075,1.9448888095398758
2008-01-29 00:00:00-05:00,66.14435577392578,24.930322647094727,-2.3842213458784185,6.704948359086373,1.287,False,False,0.0,False,False,-1.0,-1.0,-0.0006075974947519318,0.0006075974947519318,1.9454964070346277
2008-01-30 00:00:00-05:00,65.99729919433594,24.962778091430664,-2.3880069322184534,6.386012064568575,1.08,False,False,0.0,False,False,-1.0,-1.0,-0.0025391281269168797,0.0025391281269168797,1.9480355351615444
2008-01-31 00:00:00-05:00,64.34274291992188,25.966270446777344,-2.384788071218378,2.4186909044169553,-0.675,False,False,0.0,False,True,0.0,0.0,-0.03142014622435391,0.03142014622435391,1.9794556813858986
2008-02-01 00:00:00-05:00,66.364990234375,25.92569923400879,-2.381476945697186,4.6235352075038705,0.27,False,True,0.0,False,False,0.0,0.0,0.01721103336050422,0.0,1.9794556813858986
2008-02-04 00:00:00-05:00,64.65526580810547,25.966270446777344,-2.375367586633853,2.9758286430620373,-0.505,False,False,0.0,False,True,0.0,0.0,-0.013042390773594773,-0.0,1.9794556813858986
2008-02-05 00:00:00-05:00,64.06702423095703,24.72745704650879,-2.3718610385049663,5.416932281037745,0.571,False,True,0.0,False,False,0.0,0.0,0.01989212030029857,0.0,1.9794556813858986
2008-02-06 00:00:00-05:00,63.05589294433594,24.770734786987305,-2.3680348257743025,4.397930308730999,0.073,False,False,0.0,False,False,0.0,0.0,-0.008372111518868717,-0.0,1.9794556813858986
2008-02-07 00:00:00-05:00,60.298362731933594,24.79237174987793,-2.3597111597479765,1.7955264371261777,-1.137,False,False,0.0,False,True,0.0,0.0,-0.02190553540641492,-0.0,1.9794556813858986
2008-02-08 00:00:00-05:00,59.78361892700195,24.69499969482422,-2.3489376287421346,1.776604902053812,-1.108,False,False,0.0,False,False,0.0,0.0,-0.00016063700990624871,-0.0,1.9794556813858986
2008-02-11 00:00:00-05:00,58.05553436279297,24.603044509887695,-2.3349004766080546,0.6098740106470117,-1.562,True,False,1.0,False,False,0.0,1.0,-0.010101461671338845,-0.0,1.9794556813858986
2008-02-12 00:00:00-05:00,57.33859634399414,25.100723266601562,-2.3166790976362663,-0.8117245832940014,-1.989,False,False,1.0,False,False,0.0,1.0,-0.012309394074599321,-0.012309394074599321,1.9671462873112993
2008-02-13 00:00:00-05:00,59.618194580078125,25.436126708984375,-2.2994100199538368,1.1301099566240467,-1.115,False,False,1.0,False,False,0.0,1.0,0.016441416603868202,0.016441416603868202,1.9835877039151675
2008-02-14 00:00:00-05:00,60.022579193115234,25.230554580688477,-2.284770522045278,2.37655183230374,-0.579,False,False,1.0,False,False,0.0,1.0,0.010592815808594258,0.010592815808594258,1.9941805197237616
2008-02-15 00:00:00-05:00,61.84257125854492,25.3387508392334,-2.2746032895080606,4.206965247599506,0.166,False,False,1.0,False,False,0.0,1.0,0.01532006477774729,0.01532006477774729,2.009500584501509
2008-02-19 00:00:00-05:00,60.48219299316406,24.99253273010254,-2.266254797078199,3.8427458024352887,0.012,False,False,1.0,False,False,0.0,1.0,-0.0031097536253108776,-0.0031097536253108776,2.006390830876198
2008-02-20 00:00:00-05:00,61.4381103515625,25.138593673706055,-2.2601741579665195,4.620510562631445,0.323,False,True,0.0,False,False,0.0,0.0,0.0065769742473503695,0.0065769742473503695,2.0129678051235484
2008-02-21 00:00:00-05:00,61.40139389038086,24.67877197265625,-2.2571270661337848,5.69826971195458,0.719,False,False,0.0,False,False,0.0,0.0,0.009203395113157601,0.0,2.0129678051235484
2008-02-22 00:00:00-05:00,61.91609191894531,24.86810874938965,-2.25590434257127,5.816017399662606,0.728,False,False,0.0,False,False,0.0,0.0,0.0009977250681978108,0.0,2.0129678051235484
2008-02-25 00:00:00-05:00,62.743370056152344,24.98712730407715,-2.256574215354086,6.358062866001788,0.893,False,False,0.0,False,False,0.0,0.0,0.004550083815826171,0.0,2.0129678051235484
2008-02-26 00:00:00-05:00,62.48600387573242,25.42531394958496,-2.256197614660306,5.121471190689427,0.35,False,False,0.0,False,False,0.0,0.0,-0.010317781720445564,-0.0,2.0129678051235484
2008-02-27 00:00:00-05:00,62.48600387573242,24.81942367553711,-2.2574912035627985,6.4563732507091345,0.862,False,False,0.0,False,False,0.0,0.0,0.01126351021654612,0.0,2.0129678051235484
2008-02-28 00:00:00-05:00,62.33892822265625,24.73286247253418,-2.2596760670047327,6.450670824951267,0.812,False,False,0.0,False,False,0.0,0.0,-4.823277935565966e-05,-0.0,2.0129678051235484
2008-02-29 00:00:00-05:00,60.39027786254883,23.856504440307617,-2.2622817147136223,6.420144090256571,0.75,False,False,0.0,False,False,0.0,0.0,-0.00026693445973393086,-0.0,2.0129678051235484
2008-03-03 00:00:00-05:00,59.710079193115234,24.002565383911133,-2.2633947873633207,5.3827978198234945,0.276,False,False,0.0,False,False,0.0,0.0,-0.009096547528640862,-0.0,2.0129678051235484
2008-03-04 00:00:00-05:00,59.96745681762695,24.81401824951172,-2.2611489711469295,3.859264982722401,-0.415,False,False,0.0,False,True,0.0,0.0,-0.013125344159494963,-0.0,2.0129678051235484
2008-03-05 00:00:00-05:00,59.268882751464844,24.857275009155273,-2.2559465087696777,3.1921999770332476,-0.708,False,False,0.0,False,False,0.0,0.0,-0.0057831872655684305,-0.0,2.0129678051235484
2008-03-06 00:00:00-05:00,58.90119552612305,24.526601791381836,-2.2500224823202557,3.7157900805976567,-0.459,False,False,0.0,False,False,0.0,0.0,0.0045894092654625235,0.0,2.0129678051235484
2008-03-07 00:00:00-05:00,60.224830627441406,24.483016967773438,-2.2462428797048197,5.230028089888037,0.241,False,True,0.0,False,False,0.0,0.0,0.01314218738330809,0.0,2.0129678051235484
2008-03-10 00:00:00-04:00,62.136714935302734,24.10166358947754,-2.2481905474265242,7.951582676185296,1.411,False,False,0.0,False,False,0.0,0.0,0.02339676210392753,0.0,2.0129678051235484
2008-03-11 00:00:00-04:00,61.4932861328125,24.853477478027344,-2.2493044047891297,5.590249767158163,0.41,False,False,0.0,False,False,0.0,0.0,-0.020114198288093493,-0.0,2.0129678051235484
2008-03-12 00:00:00-04:00,60.84986114501953,24.602867126464844,-2.2498047227099063,5.498214491694625,0.41,False,False,0.0,False,False,0.0,0.0,-0.0007920316802020762,-0.0,2.0129678051235484
2008-03-13 00:00:00-04:00,60.99692153930664,24.455772399902344,-2.250735419479075,5.953448388127647,0.688,False,False,0.0,False,False,0.0,0.0,0.0039230640127282095,0.0,2.0129678051235484
2008-03-14 00:00:00-04:00,59.710079193115234,24.052631378173828,-2.2512418538471164,5.561788739413863,0.517,False,False,0.0,False,False,0.0,0.0,-0.003439884568246444,-0.0,2.0129678051235484
2008-03-17 00:00:00-04:00,59.5629997253418,24.226970672607422,-2.2506370136939666,5.03688279989332,0.288,False,False,0.0,False,False,0.0,0.0,-0.004600841473137198,-0.0,2.0129678051235484
2008-03-18 00:00:00-04:00,61.0888557434082,25.016918182373047,-2.249060314998934,4.824297855857715,0.213,False,False,0.0,False,False,0.0,0.0,-0.00181149348330097,-0.0,2.0129678051235484
2008-03-19 00:00:00-04:00,60.905025482177734,24.281442642211914,-2.2494188885949438,6.285889760451539,0.966,False,False,0.0,False,False,0.0,0.0,0.012651828754801055,0.0,2.0129678051235484
2008-03-20 00:00:00-04:00,62.577938079833984,22.42914390563965,-2.2601454156332665,11.884811304923716,3.133,False,False,0.0,True,False,-1.0,-1.0,0.04942940680969215,0.0,2.0129678051235484
2008-03-24 00:00:00-04:00,63.80961990356445,22.047786712646484,-2.2792703563000423,13.556753227403362,3.124,False,False,0.0,False,False,-1.0,-1.0,0.014658122688838806,-0.014658122688838806,1.9983096824347095
2008-03-25 00:00:00-04:00,64.3795394897461,21.933385848999023,-2.303550750114361,13.85487206473669,2.746,False,False,0.0,False,False,-1.0,-1.0,0.0025944988903190773,-0.0025944988903190773,1.9957151835443905
2008-03-26 00:00:00-04:00,64.34274291992188,21.41583251953125,-2.3316057834573254,14.409463959829345,2.538,False,False,0.0,False,False,-1.0,-1.0,0.004853090665642502,-0.004853090665642502,1.9908620928787482
2008-03-27 00:00:00-04:00,62.93514633178711,21.628297805786133,-2.3578091425212477,11.939748028132321,1.69,False,False,0.0,False,False,-1.0,-1.0,-0.021677381948797748,0.021677381948797748,2.0125394748275456
2008-03-28 00:00:00-04:00,62.21281814575195,21.579265594482422,-2.3811973159064617,10.828328832937757,1.303,False,False,0.0,False,False,-1.0,-1.0,-0.009783851572361843,0.009783851572361843,2.0223233263999076
2008-03-31 00:00:00-04:00,62.2498664855957,21.895246505737305,-2.401182037570968,9.675393867830785,0.934,False,False,0.0,False,False,-1.0,-1.0,-0.010040858707396025,0.010040858707396025,2.032364185107304
2008-04-01 00:00:00-04:00,64.32427215576172,22.570791244506836,-2.419417937749201,9.716094949609264,0.895,False,False,0.0,False,False,-1.0,-1.0,0.000342220159400107,-0.000342220159400107,2.0320219649479037
2008-04-02 00:00:00-04:00,63.564876556396484,22.570791244506836,-2.4347861743482273,8.609826090171218,0.542,False,False,0.0,False,False,-1.0,-1.0,-0.009334032573500437,0.009334032573500437,2.0413559975214044
2008-04-03 00:00:00-04:00,63.41667556762695,22.619821548461914,-2.447593742321956,8.05254189317224,0.33,False,False,0.0,False,False,-1.0,-1.0,-0.004691702309109572,0.004691702309109572,2.0460476998305137
2008-04-04 00:00:00-04:00,62.953678131103516,22.88132095336914,-2.4567395562422885,6.740231845886036,-0.125,False,False,0.0,False,False,-1.0,-1.0,-0.011012349703946291,0.011012349703946291,2.05706004953446
2008-04-07 00:00:00-04:00,62.87957000732422,22.8922176361084,-2.463374712269263,6.487459974770346,-0.232,False,False,0.0,False,True,0.0,0.0,-0.002119294966174513,0.002119294966174513,2.0591793445006346
2008-04-08 00:00:00-04:00,62.78696060180664,22.91400909423828,-2.468151506573167,6.231714534231173,-0.345,False,False,0.0,False,False,0.0,0.0,-0.0021429588716058595,-0.0,2.0591793445006346
2008-04-09 00:00:00-04:00,62.93514633178711,22.957597732543945,-2.4718034962501587,6.1884759909802725,-0.378,False,False,0.0,False,False,0.0,0.0,-0.0003612791354027136,-0.0,2.0591793445006346
2008-04-10 00:00:00-04:00,63.19443130493164,22.565349578857422,-2.4767194265095305,7.306391636996814,-0.018,False,False,0.0,False,False,0.0,0.0,0.009387743106802546,0.0,2.0591793445006346
2008-04-11 00:00:00-04:00,62.453556060791016,22.963041305541992,-2.479312962019381,5.5209901045743095,-0.618,False,False,0.0,False,True,0.0,0.0,-0.014954849879185762,-0.0,2.0591793445006346
2008-04-14 00:00:00-04:00,62.898109436035156,23.246335983276367,-2.4801164217156253,5.244489819192587,-0.696,False,False,0.0,False,False,0.0,0.0,-0.0022936235552493867,-0.0,2.0591793445006346
2008-04-15 00:00:00-04:00,63.13890075683594,23.60590934753418,-2.4788352591109466,4.623740342791535,-0.896,False,False,0.0,False,False,0.0,0.0,-0.00510257915294025,-0.0,2.0591793445006346
2008-04-16 00:00:00-04:00,64.0834732055664,24.074424743652344,-2.4761059383586126,4.472647135241317,-0.916,False,False,0.0,False,False,0.0,0.0,-0.0012215050203179972,-0.0,2.0591793445006346
2008-04-17 00:00:00-04:00,64.34274291992188,23.960010528564453,-2.473604524670801,5.075152465304818,-0.699,False,False,0.0,False,False,0.0,0.0,0.004874231090680029,0.0,2.0591793445006346
2008-04-18 00:00:00-04:00,65.1021499633789,24.06897735595703,-2.4721395635664574,5.600278787132346,-0.517,False,False,0.0,False,False,0.0,0.0,0.004214360957413214,0.0,2.0591793445006346
2008-04-21 00:00:00-04:00,64.50946807861328,23.90007209777832,-2.4710053565928907,5.452261902046764,-0.566,False,False,0.0,False,False,0.0,0.0,-0.001197870590737997,-0.0,2.0591793445006346
2008-04-22 00:00:00-04:00,65.13917541503906,23.644033432006836,-2.472178476200565,6.686904873865181,-0.193,False,False,0.0,False,False,0.0,0.0,0.00998971217033772,0.0,2.0591793445006346
2008-04-23 00:00:00-04:00,64.21310424804688,23.98180389404297,-2.471641796159441,4.938675396231034,-0.808,False,False,0.0,False,True,0.0,0.0,-0.014157133386253476,-0.0,2.0591793445006346
2008-04-24 00:00:00-04:00,63.89824295043945,23.796581268310547,-2.4704431941436193,5.1101407122561255,-0.775,False,False,0.0,False,False,0.0,0.0,0.0013975908709439047,0.0,2.0591793445006346
2008-04-25 00:00:00-04:00,64.21310424804688,23.83470344543457,-2.4692999493795296,5.358072236759192,-0.692,False,False,0.0,False,False,0.0,0.0,0.0020145874638144686,0.0,2.0591793445006346
2008-04-28 00:00:00-04:00,64.26869201660156,23.910978317260742,-2.4680131743640508,5.256082517668887,-0.695,False,False,0.0,False,False,0.0,0.0,-0.0008272926862104374,-0.0,2.0591793445006346
2008-04-29 00:00:00-04:00,64.02790832519531,23.872838973999023,-2.4664600056339565,5.146505774887146,-0.726,False,False,0.0,False,False,0.0,0.0,-0.0008915251578680842,-0.0,2.0591793445006346
2008-04-30 00:00:00-04:00,64.36125183105469,23.921876907348633,-2.465174516875138,5.389650483235002,-0.641,False,False,0.0,False,False,0.0,0.0,0.001971451256342978,0.0,2.0591793445006346
2008-05-01 00:00:00-04:00,68.36186981201172,24.019935607910156,-2.4702594206232806,9.026397593807069,0.57,False,True,0.0,False,False,0.0,0.0,0.028479426844385862,0.0,2.0591793445006346
2008-05-02 00:00:00-04:00,67.47283935546875,24.42853546142578,-2.475443287924829,7.001385213648632,-0.136,False,False,0.0,False,False,0.0,0.0,-0.01582729737142475,-0.0,2.0591793445006346
2008-05-05 00:00:00-04:00,68.00996398925781,24.052631378173828,-2.48286595096493,8.290504509279344,0.276,False,True,0.0,False,False,0.0,0.0,0.010092578989375909,0.0,2.0591793445006346
2008-05-06 00:00:00-04:00,68.63969421386719,23.251785278320312,-2.495443407325172,10.616179932542273,1.019,False,False,0.0,False,False,0.0,0.0,0.01836109672960959,0.0,2.0591793445006346
2008-05-07 00:00:00-04:00,67.12094116210938,22.870426177978516,-2.509356211872328,9.730895164231484,0.676,False,False,0.0,False,False,0.0,0.0,-0.0071100935628537355,-0.0,2.0591793445006346
2008-05-08 00:00:00-04:00,67.12094116210938,23.03931427001953,-2.5228083695781476,8.997166292362849,0.466,False,False,0.0,False,False,0.0,0.0,-0.005858361894341409,-0.0,2.0591793445006346
2008-05-09 00:00:00-04:00,67.36174011230469,23.006622314453125,-2.536044959829447,9.015911549036154,0.556,False,False,0.0,False,False,0.0,0.0,0.0001491179637853278,0.0,2.0591793445006346
2008-05-12 00:00:00-04:00,68.38040161132812,23.012075424194336,-2.5503189358159886,9.692269904579561,0.934,False,False,0.0,False,False,0.0,0.0,0.005322783996021684,0.0,2.0591793445006346
2008-05-13 00:00:00-04:00,68.36186981201172,22.79415512084961,-2.5654890490556084,9.883714466997226,1.212,False,False,0.0,False,False,0.0,0.0,0.001509338729479589,0.0,2.0591793445006346
2008-05-14 00:00:00-04:00,68.4730224609375,22.903108596801758,-2.580327562705077,9.375500076982327,1.073,False,False,0.0,False,False,0.0,0.0,-0.003983791012516364,-0.0,2.0591793445006346
2008-05-15 00:00:00-04:00,68.06553649902344,22.973928451538086,-2.593480743193496,8.483095464454237,0.695,False,False,0.0,False,False,0.0,0.0,-0.0069911378916539335,-0.0,2.0591793445006346
2008-05-16 00:00:00-04:00,68.13961791992188,23.153722763061523,-2.6045997157952514,7.83343819164979,0.395,False,False,0.0,False,False,0.0,0.0,-0.00505783205600718,-0.0,2.0591793445006346
2008-05-19 00:00:00-04:00,68.65819549560547,23.616792678833008,-2.6130837103968663,6.945539254726967,-0.036,False,False,0.0,False,False,0.0,0.0,-0.006810563290002247,-0.0,2.0591793445006346
2008-05-20 00:00:00-04:00,67.9173812866211,23.921876907348633,-2.6172764325614883,5.307216634380616,-0.885,False,False,0.0,False,True,0.0,0.0,-0.012551546944073648,-0.0,2.0591793445006346
2008-05-21 00:00:00-04:00,66.86165618896484,23.785673141479492,-2.6178227587381024,4.594979707294215,-1.2,False,False,0.0,False,False,0.0,0.0,-0.0055157292931450365,-0.0,2.0591793445006346
2008-05-22 00:00:00-04:00,67.67658233642578,24.107105255126953,-2.6163376086276457,4.60425622229198,-1.138,False,False,0.0,False,False,0.0,0.0,7.094908177587512e-05,0.0,2.0591793445006346
2008-05-23 00:00:00-04:00,66.2504653930664,23.502384185791016,-2.614081615411222,4.813314974658667,-0.986,False,False,0.0,False,False,0.0,0.0,0.0016372672560145075,0.0,2.0591793445006346
2008-05-27 00:00:00-04:00,66.4356918334961,23.496946334838867,-2.6118263962616073,5.065747164621513,-0.828,False,False,0.0,False,False,0.0,0.0,0.001975125642898885,0.0,2.0591793445006346
2008-05-28 00:00:00-04:00,65.89854431152344,23.567764282226562,-2.608472580922159,4.42267738769884,-1.112,False,False,0.0,False,False,0.0,0.0,-0.0050486575026005885,-0.0,2.0591793445006346
2008-05-29 00:00:00-04:00,66.39860534667969,23.93277359008789,-2.603910349503272,4.079808503131247,-1.212,False,False,0.0,False,False,0.0,0.0,-0.0026637337200208287,-0.0,2.0591793445006346
2008-05-30 00:00:00-04:00,66.3615951538086,24.11255645751953,-2.598047795136927,3.7160210142353023,-1.333,False,False,0.0,False,False,0.0,0.0,-0.002819901334852457,-0.0,2.0591793445006346
2008-06-02 00:00:00-04:00,65.56517028808594,23.910978317260742,-2.591283257027282,3.605052515425804,-1.332,False,False,0.0,False,False,0.0,0.0,-0.0008701685798713037,-0.0,2.0591793445006346
2008-06-03 00:00:00-04:00,65.89854431152344,23.45336151123047,-2.586806992874688,5.229224747854403,-0.575,False,False,0.0,False,False,0.0,0.0,0.012832421933186624,0.0,2.0591793445006346
2008-06-04 00:00:00-04:00,65.86148071289062,24.139799118041992,-2.580736852605444,3.563011514467263,-1.336,False,False,0.0,False,False,0.0,0.0,-0.01300104466754357,-0.0,2.0591793445006346
2008-06-05 00:00:00-04:00,66.9542465209961,24.734146118164062,-2.5733179451604147,3.305424456904703,-1.397,False,False,0.0,False,False,0.0,0.0,-0.0019722894749195185,-0.0,2.0591793445006346
2008-06-06 00:00:00-04:00,66.45418548583984,24.36644744873047,-2.5662405808394464,3.9240192320159224,-1.074,False,False,0.0,False,False,0.0,0.0,0.004795890096496073,0.0,2.0591793445006346
2008-06-09 00:00:00-04:00,62.453556060791016,24.9920711517334,-2.5503881194227436,-1.285925284357731,-2.875,True,False,1.0,False,False,0.0,1.0,-0.04128551482293132,-0.0,2.0591793445006346
2008-06-10 00:00:00-04:00,63.91680908203125,25.244522094726562,-2.531873668468284,0.0008683173272601152,-2.131,False,False,1.0,False,False,0.0,1.0,0.010066227967620106,0.010066227967620106,2.0692455724682546
2008-06-11 00:00:00-04:00,63.19443130493164,25.3872013092041,-2.5109665280590185,-0.5519814235759526,-2.112,False,False,1.0,False,False,0.0,1.0,-0.004355176185511882,-0.004355176185511882,2.0648903962827427
2008-06-12 00:00:00-04:00,63.527828216552734,25.32135009765625,-2.490541772616441,0.46394805929444516,-1.652,False,False,1.0,False,False,0.0,1.0,0.008025245064791074,0.008025245064791074,2.072915641347534
2008-06-13 00:00:00-04:00,63.45375442504883,25.57927894592285,-2.4700621608752535,0.2713453982517535,-1.598,False,False,1.0,False,False,0.0,1.0,-0.0015209135826033601,-0.0015209135826033601,2.0713947277649307
2008-06-16 00:00:00-04:00,63.75007629394531,25.491477966308594,-2.4513077178436746,1.2626196158910759,-1.227,False,False,1.0,False,False,0.0,1.0,0.007852452391153704,0.007852452391153704,2.0792471801560843
2008-06-17 00:00:00-04:00,63.305564880371094,25.716480255126953,-2.432626320551326,0.7469781398107926,-1.307,False,False,1.0,False,False,0.0,1.0,-0.004096809690762904,-0.004096809690762904,2.0751503704653214
2008-06-18 00:00:00-04:00,61.731258392333984,25.189647674560547,-2.414363248483938,0.9142988046161022,-1.192,False,False,1.0,False,False,0.0,1.0,0.0013653455559226957,0.0013653455559226957,2.0765157160212437
2008-06-19 00:00:00-04:00,62.842552185058594,25.678071975708008,-2.396934006019,1.293908257480581,-1.022,False,False,1.0,False,False,0.0,1.0,0.003051738906994199,0.003051738906994199,2.079567454928238
2008-06-20 00:00:00-04:00,62.60176467895508,25.12379264831543,-2.382503251406255,2.7442470066869973,-0.571,False,False,1.0,False,False,0.0,1.0,0.011843436621216898,0.011843436621216898,2.091410891549455
2008-06-23 00:00:00-04:00,61.71274185180664,25.151227951049805,-2.3686701586577086,2.1377787505573025,-0.699,False,False,1.0,False,False,0.0,1.0,-0.005000245130901161,-0.005000245130901161,2.0864106464185537
2008-06-24 00:00:00-04:00,61.175628662109375,25.134754180908203,-2.3549115550215487,1.9855056088624679,-0.699,False,False,1.0,False,False,0.0,1.0,-0.0012650869497739996,-0.0012650869497739996,2.0851455594687796
2008-06-25 00:00:00-04:00,61.82387161254883,25.206090927124023,-2.3425328053168886,2.7777767219604144,-0.415,False,False,1.0,False,False,0.0,1.0,0.006554739245976234,0.006554739245976234,2.091700298714756
2008-06-26 00:00:00-04:00,60.442543029785156,24.388397216796875,-2.332280160562607,3.5619680531294975,-0.122,False,False,1.0,False,False,0.0,1.0,0.006684030773253338,0.006684030773253338,2.0983843294880096
2008-06-27 00:00:00-04:00,60.21854019165039,24.465234756469727,-2.322865660105924,3.3890865094169484,-0.13,False,False,1.0,False,False,0.0,1.0,-0.0014770141545426606,-0.0014770141545426606,2.0969073153334667
2008-06-30 00:00:00-04:00,58.55719757080078,25.206090927124023,-2.308762117223205,0.36232971497329913,-1.126,False,False,1.0,False,True,0.0,1.0,-0.025924653096144036,-0.025924653096144036,2.0709826622373226
2008-07-01 00:00:00-04:00,59.639869689941406,25.612213134765625,-2.2930053892564053,0.91092694114014,-0.901,False,False,1.0,False,False,0.0,1.0,0.004634643322545342,0.004634643322545342,2.075617305559868
2008-07-02 00:00:00-04:00,59.37855529785156,25.502450942993164,-2.2770573444908444,1.3080120755915203,-0.716,False,False,1.0,False,False,0.0,1.0,0.0033809125779146344,0.0033809125779146344,2.078998218137783
2008-07-03 00:00:00-04:00,58.967891693115234,25.343292236328125,-2.261615054323814,1.6511204453077113,-0.53,False,False,1.0,False,False,0.0,1.0,0.002950590052365751,0.002950590052365751,2.0819488081901483
2008-07-07 00:00:00-04:00,58.20252990722656,24.7451171875,-2.2480540386489842,2.5741692770247937,-0.033,False,False,1.0,False,False,0.0,1.0,0.00810894852319176,0.00810894852319176,2.09005775671334
2008-07-08 00:00:00-04:00,60.3119010925293,24.399385452270508,-2.2406587517302197,5.641204542060379,1.611,False,True,0.0,True,False,-1.0,-1.0,0.026673908294872744,0.026673908294872744,2.1167316650082126
2008-07-09 00:00:00-04:00,58.743896484375,24.454259872436523,-2.234022303612179,4.11253451102349,0.838,False,False,0.0,False,False,-1.0,-1.0,-0.01348327714381241,0.01348327714381241,2.1302149421520253
2008-07-10 00:00:00-04:00,59.56521987915039,24.640851974487305,-2.228685497325279,4.648510441871565,1.127,False,False,0.0,False,False,-1.0,-1.0,0.004681751382496636,-0.004681751382496636,2.125533190769529
2008-07-11 00:00:00-04:00,59.26654815673828,24.536569595336914,-2.224134524213794,4.69391661397497,1.148,False,False,0.0,False,False,-1.0,-1.0,0.00039886243227738174,-0.00039886243227738174,2.1251343283372512
2008-07-14 00:00:00-04:00,57.959903717041016,24.196319580078125,-2.219291754222169,4.261211190449224,0.932,False,False,0.0,False,False,-1.0,-1.0,-0.0038752540161046565,0.0038752540161046565,2.1290095823533557
2008-07-15 00:00:00-04:00,56.727882385253906,24.108509063720703,-2.2128114392310287,3.3802977462477983,0.491,False,False,0.0,False,False,-1.0,-1.0,-0.008002813597032272,0.008002813597032272,2.1370123959503884
2008-07-16 00:00:00-04:00,59.22919845581055,23.5816707611084,-2.2116247237787046,7.075392372533834,2.335,False,False,0.0,True,False,-1.0,-1.0,0.03317467185929006,-0.03317467185929006,2.103837724091098
2008-07-17 00:00:00-04:00,60.12521743774414,23.296300888061523,-2.2157035065366943,8.507521870732319,2.679,False,False,0.0,False,False,-1.0,-1.0,0.01281628928124982,-0.01281628928124982,2.091021434809848
2008-07-18 00:00:00-04:00,57.7918815612793,23.296300888061523,-2.218659342673155,6.105325946256684,1.487,False,False,0.0,False,False,-1.0,-1.0,-0.02194218319546511,0.02194218319546511,2.1129636180053133
2008-07-21 00:00:00-04:00,57.157222747802734,23.81764793395996,-2.2180336631478896,4.328877853274754,0.679,False,False,0.0,False,False,-1.0,-1.0,-0.01615164726665664,0.01615164726665664,2.1291152652719703
2008-07-22 00:00:00-04:00,59.67720031738281,23.888994216918945,-2.2193418960172204,6.659354598061505,1.654,False,False,0.0,True,False,-1.0,-1.0,0.020679495920590225,-0.020679495920590225,2.10843576935138
2008-07-23 00:00:00-04:00,59.34120559692383,23.104215621948242,-2.2238875399625604,7.960028354664793,2.022,False,False,0.0,False,False,-1.0,-1.0,0.011747161894920859,-0.011747161894920859,2.0966886074564592
2008-07-24 00:00:00-04:00,58.05322265625,22.77494239807129,-2.2290830458420325,7.285984686680408,1.63,False,False,0.0,False,False,-1.0,-1.0,-0.00619408945806701,0.00619408945806701,2.1028826969145262
2008-07-25 00:00:00-04:00,58.01587677001953,22.676158905029297,-2.2347384380087267,7.340592838556681,1.553,False,False,0.0,False,False,-1.0,-1.0,0.0005024157578577459,-0.0005024157578577459,2.1023802811566688
2008-07-28 00:00:00-04:00,56.74654006958008,22.297494888305664,-2.2397543131646844,6.805629720729961,1.288,False,False,0.0,False,False,-1.0,-1.0,-0.005014302204510323,0.005014302204510323,2.107394583361179
2008-07-29 00:00:00-04:00,57.49320602416992,22.500553131103516,-2.2447363991710674,6.985395409299329,1.28,False,False,0.0,False,False,-1.0,-1.0,0.00166448144807913,-0.00166448144807913,2.1057301019130996
2008-07-30 00:00:00-04:00,56.261207580566406,22.79142189025879,-2.246481421981369,5.060701723560541,0.5,False,False,0.0,False,False,-1.0,-1.0,-0.017910506208863867,0.017910506208863867,2.1236406081219634
2008-07-31 00:00:00-04:00,58.37054443359375,22.93958854675293,-2.2492981650508126,6.772570008361747,1.115,False,False,0.0,False,False,-1.0,-1.0,0.015566894076284235,-0.015566894076284235,2.1080737140456796
2008-08-01 00:00:00-04:00,57.549224853515625,22.10541534423828,-2.2542899140076065,7.717209998050286,1.41,False,False,0.0,False,False,-1.0,-1.0,0.008797067274028998,-0.008797067274028998,2.09927664677165
2008-08-04 00:00:00-04:00,57.138553619384766,21.74320411682129,-2.2609346223604843,7.978590630612494,1.421,False,False,0.0,False,False,-1.0,-1.0,0.002458930198675513,-0.002458930198675513,2.096817716572975
2008-08-05 00:00:00-04:00,58.55719757080078,22.01761245727539,-2.269561961069139,8.586861864206547,1.562,False,False,0.0,True,False,-1.0,-1.0,0.00560476420337795,-0.00560476420337795,2.091212952369597
2008-08-06 00:00:00-04:00,58.55719757080078,22.077974319458008,-2.2787539507713985,8.246926365306365,1.35,False,False,0.0,False,False,-1.0,-1.0,-0.0031224708604063707,0.0031224708604063707,2.094335423230003
2008-08-07 00:00:00-04:00,57.530548095703125,21.83651351928711,-2.287150237177041,7.587161020945949,1.03,False,False,0.0,False,False,-1.0,-1.0,-0.0061388404854999246,0.0061388404854999246,2.100474263715503
2008-08-08 00:00:00-04:00,57.82920455932617,22.193227767944336,-2.2939966411577397,6.918014603213187,0.715,False,False,0.0,False,False,-1.0,-1.0,-0.006153614033814776,0.006153614033814776,2.106627877749318
2008-08-11 00:00:00-04:00,58.781227111816406,22.58835792541504,-2.299832706448762,6.831782769975796,0.635,False,False,0.0,False,False,-1.0,-1.0,-0.0007787529155684876,0.0007787529155684876,2.1074066306648866
2008-08-12 00:00:00-04:00,57.49320602416992,22.088956832885742,-2.304654361449909,6.5857953193810275,0.49,False,False,0.0,False,False,-1.0,-1.0,-0.00226924401371098,0.00226924401371098,2.1096758746785973
2008-08-13 00:00:00-04:00,57.511863708496094,22.33042335510254,-2.307874184089278,5.976056127470663,0.195,False,False,0.0,False,False,-1.0,-1.0,-0.005591492094237455,0.005591492094237455,2.1152673667728346
2008-08-14 00:00:00-04:00,59.84520721435547,21.990177154541016,-2.315214456146015,8.933231172950272,1.379,False,True,0.0,False,False,-1.0,-1.0,0.026699623072310313,-0.026699623072310313,2.0885677437005246
2008-08-15 00:00:00-04:00,59.5838623046875,21.485280990600586,-2.3260223565909484,9.60861838291202,1.55,False,False,0.0,True,False,-1.0,-1.0,0.006164592184292708,-0.006164592184292708,2.082403151516232
2008-08-18 00:00:00-04:00,59.56521987915039,21.386497497558594,-2.3387139008055757,9.54832089206645,1.489,False,False,0.0,False,False,-1.0,-1.0,-0.000550249360656871,0.000550249360656871,2.082953400876889
2008-08-19 00:00:00-04:00,58.669212341308594,21.61699104309082,-2.3496817060549047,7.8761639474053595,0.726,False,False,0.0,False,False,-1.0,-1.0,-0.015276104599246509,0.015276104599246509,2.098229505476135
2008-08-20 00:00:00-04:00,59.751895904541016,21.765165328979492,-2.3605310496674536,8.374547344339383,0.939,False,False,0.0,False,False,-1.0,-1.0,0.00448471866550072,-0.00448471866550072,2.0937447868106345
2008-08-21 00:00:00-04:00,60.94654083251953,22.226144790649414,-2.3711304210207245,8.245452777399407,0.853,False,False,0.0,False,False,-1.0,-1.0,-0.0011359195805801495,0.0011359195805801495,2.0948807063912147
2008-08-22 00:00:00-04:00,62.831905364990234,22.226144790649414,-2.384314460819984,9.837786932366079,1.714,False,False,0.0,True,False,-1.0,-1.0,0.013747637212764858,-0.013747637212764858,2.0811330691784495
2008-08-25 00:00:00-04:00,61.97320556640625,21.935293197631836,-2.398149538980174,9.36909229711052,1.344,False,False,0.0,False,False,-1.0,-1.0,-0.004090640626070536,0.004090640626070536,2.08522370980452
2008-08-26 00:00:00-04:00,63.205196380615234,22.374319076538086,-2.412177813137013,9.234360320141839,1.208,False,False,0.0,False,False,-1.0,-1.0,-0.0011498253880239402,0.0011498253880239402,2.086373535192544
2008-08-27 00:00:00-04:00,63.391876220703125,22.648727416992188,-2.4250094541148024,8.468498110827944,0.703,False,False,0.0,False,False,-1.0,-1.0,-0.006473063964973104,0.006473063964973104,2.092846599157517
2008-08-28 00:00:00-04:00,64.56787872314453,22.879213333129883,-2.4377197326381475,8.794768913736014,0.857,False,False,0.0,False,False,-1.0,-1.0,0.002711219235329876,-0.002711219235329876,2.090135379922187
2008-08-29 00:00:00-04:00,64.25054168701172,22.374319076538086,-2.451349980436102,9.403255056468979,1.201,False,False,0.0,False,False,-1.0,-1.0,0.005109128783696522,-0.005109128783696522,2.0850262511384905
2008-09-02 00:00:00-04:00,64.2878646850586,22.11090660095215,-2.4660998722176752,9.760160741833552,1.463,False,False,0.0,False,False,-1.0,-1.0,0.003003862957397093,-0.003003862957397093,2.0820223881810938
2008-09-03 00:00:00-04:00,63.186519622802734,21.540163040161133,-2.4814008948712525,9.736739779274224,1.353,False,False,0.0,False,False,-1.0,-1.0,-0.00020080337481976455,0.00020080337481976455,2.0822231915559133
2008-09-04 00:00:00-04:00,61.543853759765625,21.088071823120117,-2.4955980683738987,8.91650245225702,0.747,False,False,0.0,False,False,-1.0,-1.0,-0.007184274936345698,0.007184274936345698,2.089407466492259
2008-09-05 00:00:00-04:00,61.487857818603516,20.656463623046875,-2.510378641567299,9.632312728994776,1.191,False,False,0.0,False,False,-1.0,-1.0,0.006315411910805546,-0.006315411910805546,2.0830920545814537
2008-09-08 00:00:00-04:00,61.1705436706543,21.2651424407959,-2.5220292291113853,7.5392328737500165,-0.436,False,False,0.0,False,True,0.0,0.0,-0.018232108400620266,0.018232108400620266,2.101324162982074
2008-09-09 00:00:00-04:00,58.25856018066406,20.053314208984375,-2.531703711152816,7.489510176864826,-0.505,False,False,0.0,False,False,0.0,0.0,-0.00045605601004245524,-0.0,2.101324162982074
2008-09-10 00:00:00-04:00,59.789215087890625,20.252513885498047,-2.5416944023374404,8.313513911858955,0.168,False,False,0.0,False,False,0.0,0.0,0.007405782187797436,0.0,2.101324162982074
2008-09-11 00:00:00-04:00,60.87184524536133,20.451711654663086,-2.552511854428416,8.668608803482009,0.43,False,True,0.0,False,False,0.0,0.0,0.00314034609857923,0.0,2.101324162982074
2008-09-12 00:00:00-04:00,63.2425422668457,20.761598587036133,-2.566073957886045,9.966744808568578,1.408,False,False,0.0,False,False,0.0,0.0,0.011141044475479034,0.0,2.101324162982074
2008-09-15 00:00:00-04:00,59.22919845581055,20.047779083251953,-2.577078020429153,7.5645076219426315,-0.565,False,False,0.0,False,True,0.0,0.0,-0.021662484759198866,-0.0,2.101324162982074
2008-09-16 00:00:00-04:00,59.73320007324219,19.986913681030273,-2.5873932584971397,8.019194356780204,-0.219,False,False,0.0,False,False,0.0,0.0,0.00407983970181851,0.0,2.101324162982074
2008-09-17 00:00:00-04:00,58.893218994140625,18.863618850708008,-2.6003308807165086,9.841568374578536,1.314,False,True,0.0,False,False,0.0,0.0,0.016882451424694633,0.0,2.101324162982074
2008-09-18 00:00:00-04:00,60.0878791809082,19.046220779418945,-2.615603869426071,10.270510412316774,1.609,False,False,0.0,True,False,-1.0,-1.0,0.003902834903164343,0.0,2.101324162982074
2008-09-19 00:00:00-04:00,59.35988998413086,19.721303939819336,-2.6277269248843385,7.537688627640009,-0.901,False,False,0.0,False,True,0.0,0.0,-0.02457969401119096,0.02457969401119096,2.125903856993265
2008-09-22 00:00:00-04:00,57.959903717041016,19.256498336791992,-2.637317581291301,7.1744020993128,-1.191,False,False,0.0,False,False,0.0,0.0,-0.0033407069219048135,-0.0,2.125903856993265
2008-09-23 00:00:00-04:00,57.810550689697266,18.94108772277832,-2.6462805116326393,7.687119379784747,-0.699,False,False,0.0,False,False,0.0,0.0,0.0047502859708613366,0.0,2.125903856993265
2008-09-24 00:00:00-04:00,57.41856002807617,18.74741554260254,-2.654814585689089,7.647647801600627,-0.714,False,False,0.0,False,False,0.0,0.0,-0.00036824118408180535,-0.0,2.125903856993265
2008-09-25 00:00:00-04:00,59.52788543701172,19.428028106689453,-2.6633970524193558,7.7833326433346315,-0.601,False,False,0.0,False,False,0.0,0.0,0.00121939308503966,0.0,2.125903856993265
2008-09-26 00:00:00-04:00,59.885459899902344,19.234359741210938,-2.6731794626989784,8.468564461533227,-0.032,False,False,0.0,False,False,0.0,0.0,0.006156489825539003,0.0,2.125903856993265
2008-09-29 00:00:00-04:00,62.106224060058594,17.817792892456055,-2.693221014837335,14.118969804076649,3.81,False,True,0.0,True,False,-1.0,-1.0,0.05132370626280923,0.0,2.125903856993265
2008-09-30 00:00:00-04:00,60.713523864746094,18.144268035888672,-2.714965802985759,11.452456627100766,1.798,False,False,0.0,False,False,-1.0,-1.0,-0.024246629610045433,0.024246629610045433,2.15015048660331
2008-10-01 00:00:00-04:00,60.450069427490234,18.37666893005371,-2.7356587065273614,10.177775072017951,0.875,False,False,0.0,False,False,-1.0,-1.0,-0.011512412773100108,0.011512412773100108,2.1616628993764104
2008-10-02 00:00:00-04:00,58.90679931640625,18.105533599853516,-2.7537592432991933,9.048518810945517,0.045,False,False,0.0,False,False,-1.0,-1.0,-0.010382525925801786,0.010382525925801786,2.172045425302212
2008-10-03 00:00:00-04:00,57.2130012512207,18.022525787353516,-2.7673735958324643,7.337939257088891,-1.14,False,False,0.0,False,True,0.0,0.0,-0.015973578212330426,0.015973578212330426,2.188019003514542
2008-10-06 00:00:00-04:00,55.68858337402344,16.45102310180664,-2.7825005920493617,9.91360185342873,0.704,False,True,0.0,False,False,0.0,0.0,0.025385098572231007,0.0,2.188019003514542
2008-10-07 00:00:00-04:00,55.575660705566406,15.637598037719727,-2.8016122762245885,11.765174072425282,1.858,False,False,0.0,True,False,-1.0,-1.0,0.01863008345304303,0.0,2.188019003514542
2008-10-08 00:00:00-04:00,51.00238800048828,15.360930442810059,-2.816466806081537,7.738837297786382,-0.872,False,False,0.0,False,True,0.0,0.0,-0.04271253042221748,0.04271253042221748,2.23073153393676
2008-10-09 00:00:00-04:00,45.39399719238281,14.663705825805664,-2.82251980266536,4.00539711858692,-2.871,True,False,1.0,False,False,0.0,1.0,-0.043020608933243755,-0.0,2.23073153393676
2008-10-10 00:00:00-04:00,45.35636520385742,13.828155517578125,-2.8268970746444637,6.265592823487118,-1.442,False,False,1.0,False,False,0.0,1.0,0.02676462186354007,0.02676462186354007,2.2574961558003
2008-10-13 00:00:00-04:00,50.81419372558594,16.196475982666016,-2.8282455618412508,5.0065824101423715,-1.96,True,False,1.0,False,False,0.0,1.0,-0.013030292828933598,-0.013030292828933598,2.2444658629713663
2008-10-14 00:00:00-04:00,51.90574264526367,16.218610763549805,-2.8293335808726945,6.017882576848876,-1.332,False,False,1.0,False,False,0.0,1.0,0.010341168937884457,0.010341168937884457,2.254807031909251
2008-10-15 00:00:00-04:00,48.00999450683594,14.530905723571777,-2.8316620613011003,6.863380053054719,-0.857,False,False,1.0,False,False,0.0,1.0,0.009483284369634578,0.009483284369634578,2.2642903162788857
2008-10-16 00:00:00-04:00,46.146812438964844,14.558575630187988,-2.831515024571594,4.92398680572569,-1.713,True,False,1.0,False,False,0.0,1.0,-0.02219756531126152,-0.02219756531126152,2.2420927509676236
2008-10-17 00:00:00-04:00,46.504398345947266,14.973588943481445,-2.8284714049401254,4.152030189982376,-1.905,False,False,1.0,False,False,0.0,1.0,-0.008687651443255045,-0.008687651443255045,2.2334050995243686
2008-10-20 00:00:00-04:00,50.833011627197266,17.070772171020508,-2.8208387145410616,2.6791166000724473,-2.295,False,False,1.0,False,False,0.0,1.0,-0.014879883003653968,-0.014879883003653968,2.2185252165207148
2008-10-21 00:00:00-04:00,51.3787841796875,16.22968101501465,-2.815545188896513,5.6833838805379315,-0.955,False,False,1.0,False,False,0.0,1.0,0.030948158839494942,0.030948158839494942,2.2494733753602096
2008-10-22 00:00:00-04:00,50.08021545410156,14.796512603759766,-2.816577015366368,8.404698146773036,0.208,False,True,0.0,False,False,0.0,0.0,0.029658247875483375,0.029658247875483375,2.279131623235693
2008-10-23 00:00:00-04:00,40.557254791259766,15.980681419372559,-2.7995291551488934,-4.181128761419913,-3.754,True,False,1.0,False,True,0.0,1.0,-0.147555339904285,-0.0,2.279131623235693
2008-10-24 00:00:00-04:00,40.256134033203125,15.294526100158691,-2.7743859155382946,-2.176783763909988,-2.664,False,False,1.0,False,False,0.0,1.0,0.02423954505637557,0.02423954505637557,2.3033711682920686
2008-10-27 00:00:00-04:00,38.90108871459961,14.879510879516602,-2.744536671290885,-1.9362745451053982,-2.3,False,False,1.0,False,False,0.0,1.0,0.0030162263355964446,0.0030162263355964446,2.3063873946276647
2008-10-28 00:00:00-04:00,43.92604446411133,16.60596466064453,-2.7123056731050283,-1.1144076923364494,-1.902,False,False,1.0,False,False,0.0,1.0,0.009237936571496118,0.009237936571496118,2.3156253311991613
2008-10-29 00:00:00-04:00,49.120391845703125,15.709535598754883,-2.6931345664877364,6.8124985012267345,0.048,False,False,1.0,False,False,0.0,1.0,0.08670080792912682,0.08670080792912682,2.402326139128288
2008-10-30 00:00:00-04:00,49.47797775268555,16.506359100341797,-2.6795020071617826,5.24915541238655,-0.304,False,False,1.0,False,True,0.0,1.0,-0.016683347284176725,-0.016683347284176725,2.385642791844111
2008-10-31 00:00:00-04:00,49.383853912353516,15.576733589172363,-2.6741330567447794,7.729595705440943,0.309,False,True,0.0,False,False,0.0,0.0,0.027246174545061393,0.027246174545061393,2.412888966389173
2008-11-03 00:00:00-05:00,48.536956787109375,16.26288414001465,-2.6693639248083665,5.125400550416138,-0.315,False,False,0.0,False,True,0.0,0.0,-0.028322319408805006,-0.0,2.412888966389173
2008-11-04 00:00:00-05:00,52.54563522338867,16.329280853271484,-2.671887566201617,8.915632746518462,0.634,False,True,0.0,False,False,0.0,0.0,0.03940948338616653,0.0,2.412888966389173
2008-11-05 00:00:00-05:00,49.534423828125,15.28899097442627,-2.6784885341158553,8.583036804923438,0.569,False,False,0.0,False,False,0.0,0.0,-0.003675669571459089,-0.0,2.412888966389173
2008-11-06 00:00:00-05:00,47.5959587097168,14.586237907409668,-2.687305816607297,8.398276738716945,0.515,False,False,0.0,False,False,0.0,0.0,-0.0021287281505584137,-0.0,2.412888966389173
2008-11-07 00:00:00-05:00,49.383853912353516,15.228129386901855,-2.6974939052650817,8.306067702597673,0.482,False,False,0.0,False,False,0.0,0.0,-0.0010193164306418001,-0.0,2.412888966389173
2008-11-10 00:00:00-05:00,47.125450134277344,14.896111488342285,-2.7058964647028745,6.8181147201520815,0.117,False,False,0.0,False,False,0.0,0.0,-0.01701824976881085,-0.0,2.412888966389173
2008-11-11 00:00:00-05:00,46.523216247558594,15.377522468566895,-2.709688291564264,4.854923661216482,-0.354,False,False,0.0,False,True,0.0,0.0,-0.022260545089811994,-0.0,2.412888966389173
2008-11-12 00:00:00-05:00,44.50946044921875,15.316659927368164,-2.707182677666285,3.0444640141423207,-0.767,False,False,0.0,False,False,0.0,0.0,-0.02105811089345625,-0.0,2.412888966389173
2008-11-13 00:00:00-05:00,47.144290924072266,16.373554229736328,-2.7002243078334964,2.9320217873082726,-0.752,False,False,0.0,False,False,0.0,0.0,-0.0012308062689660216,-0.0,2.412888966389173
2008-11-14 00:00:00-05:00,46.22209548950195,15.8257417678833,-2.6916309856096796,3.625038576809949,-0.537,False,False,0.0,False,False,0.0,0.0,0.007802560267221803,0.0,2.412888966389173
2008-11-17 00:00:00-05:00,45.996246337890625,16.124544143676758,-2.680368745532802,2.776522179215469,-0.714,False,False,0.0,False,False,0.0,0.0,-0.009510812838460826,-0.0,2.412888966389173
2008-11-18 00:00:00-05:00,45.601036071777344,16.107946395874023,-2.6671091488674885,2.6393848698746467,-0.705,False,False,0.0,False,False,0.0,0.0,-0.0015484772827300851,-0.0,2.412888966389173
2008-11-19 00:00:00-05:00,43.83194351196289,15.405191421508789,-2.6532637659566682,2.957907305647119,-0.574,False,False,0.0,False,False,0.0,0.0,0.0037603299888843422,0.0,2.412888966389173
2008-11-20 00:00:00-05:00,38.054176330566406,14.442374229431152,-2.6339098425091114,0.01426469846774836,-1.312,False,False,0.0,False,False,0.0,0.0,-0.038684248487525656,-0.0,2.412888966389173
2008-11-21 00:00:00-05:00,41.68646240234375,16.40122413635254,-2.608320324225636,-1.0931838546846322,-1.519,True,False,1.0,False,False,0.0,1.0,-0.013111158673337332,-0.0,2.412888966389173
2008-11-24 00:00:00-05:00,42.947410583496094,16.135610580444336,-2.5830776500560844,1.2678755231418464,-0.834,False,False,1.0,False,False,0.0,1.0,0.02789961707660959,0.02789961707660959,2.440788583465782
2008-11-25 00:00:00-05:00,42.45808792114258,16.412290573120117,-2.556588106832628,0.4986210360224277,-0.996,False,False,1.0,False,False,0.0,1.0,-0.009112494301509306,-0.009112494301509306,2.431676089164273
2008-11-26 00:00:00-05:00,43.62491989135742,16.677898406982422,-2.5309420711201525,1.4141251552578424,-0.704,False,False,1.0,False,False,0.0,1.0,0.010665771505589174,0.010665771505589174,2.442341860669862
2008-11-28 00:00:00-05:00,43.417903900146484,17.098438262939453,-2.504252874832065,0.5990907250417763,-0.886,False,False,1.0,False,False,0.0,1.0,-0.00945113007380438,-0.00945113007380438,2.432890730596058
2008-12-01 00:00:00-05:00,40.538429260253906,15.609930038452148,-2.479754176503792,1.8296400524701966,-0.507,False,False,1.0,False,False,0.0,1.0,0.0155279813123628,0.0155279813123628,2.4484187119084204
2008-12-02 00:00:00-05:00,43.43671798706055,16.323753356933594,-2.459085268894071,3.295216573965007,-0.066,False,False,1.0,False,False,0.0,1.0,0.017535388191006057,0.017535388191006057,2.4659541000994265
2008-12-03 00:00:00-05:00,45.33755111694336,17.092905044555664,-2.441338350432771,3.6079865113638476,0.052,False,False,1.0,False,False,0.0,1.0,0.003592285500712091,0.003592285500712091,2.4695463856001387
2008-12-04 00:00:00-05:00,44.69766616821289,15.976188659667969,-2.429993639453416,5.875629342511928,0.701,False,True,0.0,False,False,0.0,0.0,0.027150992518655454,0.027150992518655454,2.496697378118794
2008-12-05 00:00:00-05:00,46.485572814941406,15.959421157836914,-2.4262050140812987,7.764745179962318,1.192,False,False,0.0,False,False,0.0,0.0,0.022171055548352917,0.0,2.496697378118794
2008-12-08 00:00:00-05:00,45.149356842041016,16.14954376220703,-2.424048261110583,6.0020833675338,0.66,False,False,0.0,False,False,0.0,0.0,-0.020910228627282288,-0.0,2.496697378118794
2008-12-09 00:00:00-05:00,43.17323303222656,15.83080768585205,-2.420849960537802,4.849222870650088,0.343,False,False,0.0,False,False,0.0,0.0,-0.014146006069704379,-0.0,2.496697378118794
2008-12-10 00:00:00-05:00,43.75665283203125,16.250194549560547,-2.4162997169351925,4.491312341786291,0.282,False,False,0.0,False,False,0.0,0.0,-0.004311032710024852,-0.0,2.496697378118794
2008-12-11 00:00:00-05:00,42.025203704833984,16.222240447998047,-2.408066595263262,2.9609683816813543,-0.244,False,False,0.0,False,True,0.0,0.0,-0.01887229679288772,-0.0,2.496697378118794
2008-12-12 00:00:00-05:00,43.70021438598633,16.451507568359375,-2.3997249956202666,4.221120458558346,0.101,False,False,0.0,False,False,0.0,0.0,0.015149826350188189,0.0,2.496697378118794
2008-12-15 00:00:00-05:00,42.19459915161133,16.34526252746582,-2.3893460582125985,3.1401105611607747,-0.332,False,False,0.0,False,True,0.0,0.0,-0.01330488658321197,-0.0,2.496697378118794
2008-12-16 00:00:00-05:00,45.488101959228516,16.792617797851562,-2.3819255206372563,5.489337068218475,0.461,False,True,0.0,False,False,0.0,0.0,0.027480554541473932,0.0,2.496697378118794
2008-12-17 00:00:00-05:00,46.090354919433594,15.707779884338379,-2.382341770170543,8.669054784329653,1.595,False,False,0.0,True,False,-1.0,-1.0,0.038075137105529205,0.0,2.496697378118794
2008-12-18 00:00:00-05:00,45.03641128540039,15.814024925231934,-2.3853028280677395,7.315172908110938,1.059,False,False,0.0,False,False,-1.0,-1.0,-0.016359597955439446,0.016359597955439446,2.5130569760742336
2008-12-19 00:00:00-05:00,45.52574920654297,16.05448341369629,-2.389642411754461,7.1612747423657765,1.017,False,False,0.0,False,False,-1.0,-1.0,-0.0018345184815483555,0.0018345184815483555,2.5148914945557816
2008-12-22 00:00:00-05:00,44.69766616821289,15.724555015563965,-2.3946416710517533,7.042991469197567,0.941,False,False,0.0,False,False,-1.0,-1.0,-0.0014363073583896157,0.0014363073583896157,2.516327801914171
2008-12-23 00:00:00-05:00,44.24598693847656,15.528839111328125,-2.399940872919043,6.9776912462163665,0.965,False,False,0.0,False,False,-1.0,-1.0,-0.0008010893413245523,0.0008010893413245523,2.5171288912554957
2008-12-24 00:00:00-05:00,44.00132369995117,15.618309020996094,-2.4044899201193703,6.447257089656631,0.815,False,False,0.0,False,False,-1.0,-1.0,-0.006503974225883848,0.006503974225883848,2.52363286548138
2008-12-26 00:00:00-05:00,44.321250915527344,15.858759880065918,-2.4079980337845974,6.133388306066557,0.744,False,False,0.0,False,False,-1.0,-1.0,-0.003804049882259587,0.003804049882259587,2.5274369153636393
2008-12-29 00:00:00-05:00,44.549625396728516,15.797252655029297,-2.411405820106074,6.456038402704742,0.917,False,False,0.0,False,False,-1.0,-1.0,0.0039041330474018357,-0.0039041330474018357,2.5235327823162375
2008-12-30 00:00:00-05:00,45.61532211303711,15.75810718536377,-2.416699957296322,7.532705151097623,1.328,False,False,0.0,False,False,-1.0,-1.0,0.012863718752123674,-0.012863718752123674,2.510669063564114
2008-12-31 00:00:00-05:00,47.34706115722656,16.31171417236328,-2.4237841326321448,7.810987170221566,1.364,False,False,0.0,False,False,-1.0,-1.0,0.003202946333163236,-0.003202946333163236,2.5074661172309503
2009-01-02 00:00:00-05:00,48.03215026855469,16.803796768188477,-2.4309312061615804,7.183276322768208,1.059,False,False,0.0,False,False,-1.0,-1.0,-0.0070623718954858205,0.0070623718954858205,2.5145284891264366
2009-01-05 00:00:00-05:00,47.36610412597656,17.128135681152344,-2.435278133210777,5.654329838998983,0.446,False,False,0.0,False,False,-1.0,-1.0,-0.017164154681381345,0.017164154681381345,2.5316926438078178
2009-01-06 00:00:00-05:00,49.364261627197266,17.362995147705078,-2.440283996688082,6.993622433679747,0.91,False,False,0.0,False,False,-1.0,-1.0,0.014599597129322192,-0.014599597129322192,2.5170930466784958
2009-01-07 00:00:00-05:00,49.28813934326172,17.290298461914062,-2.4457140045010526,7.0010142529554855,0.862,False,False,0.0,False,False,-1.0,-1.0,8.071851412562668e-05,-8.071851412562668e-05,2.5170123281643697
2009-01-08 00:00:00-05:00,49.72583770751953,17.329437255859375,-2.451852085794622,7.2366208260936915,0.897,False,False,0.0,False,False,-1.0,-1.0,0.0025549686457210013,-0.0025549686457210013,2.514457359518649
2009-01-09 00:00:00-05:00,49.57359313964844,17.088991165161133,-2.4590049784634367,7.551678787599528,0.958,False,False,0.0,False,False,-1.0,-1.0,0.0034396660942611684,-0.0034396660942611684,2.511017693424388
2009-01-12 00:00:00-05:00,49.097816467285156,16.98274803161621,-2.466165777841939,7.215544458000707,0.79,False,False,0.0,False,False,-1.0,-1.0,-0.0036945922479003344,0.0036945922479003344,2.514712285672288
2009-01-13 00:00:00-05:00,49.097816467285156,16.641633987426758,-2.4745934385235113,7.916538195689043,1.047,False,False,0.0,False,False,-1.0,-1.0,0.007764740438701284,-0.007764740438701284,2.5069475452335865
2009-01-14 00:00:00-05:00,46.890342712402344,16.703149795532227,-2.4793483082605134,5.4774165242275785,-0.047,False,False,0.0,False,False,-1.0,-1.0,-0.027622099406169588,0.027622099406169588,2.534569644639756
2009-01-15 00:00:00-05:00,46.20524215698242,16.91563606262207,-2.479522708987087,4.2625384027500814,-0.697,False,False,0.0,False,True,0.0,0.0,-0.013782262410302318,0.013782262410302318,2.5483519070500584
2009-01-16 00:00:00-05:00,46.77613830566406,17.31826400756836,-2.476057217482425,3.8951257154583203,-0.966,False,False,0.0,False,False,0.0,0.0,-0.004097974156221895,-0.0,2.5483519070500584
2009-01-20 00:00:00-05:00,44.93022918701172,16.98833656311035,-2.4686045702218737,2.9927439068501442,-1.596,True,False,1.0,False,False,0.0,1.0,-0.010387999893207503,-0.0,2.5483519070500584
2009-01-21 00:00:00-05:00,47.385101318359375,17.18964385986328,-2.462386294786729,5.057557865567176,-0.532,False,False,1.0,False,False,0.0,1.0,0.023015863192799364,0.023015863192799364,2.5713677702428583
2009-01-22 00:00:00-05:00,46.79518508911133,17.044252395629883,-2.456728361421885,4.922086829534493,-0.667,False,False,1.0,False,False,0.0,1.0,-0.001527840969920928,-0.001527840969920928,2.5698399292729373
2009-01-23 00:00:00-05:00,45.9198112487793,17.34062957763672,-2.44871413324692,3.457566522620695,-1.581,True,False,1.0,False,False,0.0,1.0,-0.016570335355505707,-0.016570335355505707,2.5532695939174315
2009-01-26 00:00:00-05:00,44.987308502197266,17.89423179626465,-2.43533638779877,1.408834677048219,-2.498,False,False,1.0,False,False,0.0,1.0,-0.023132318054846477,-0.023132318054846477,2.530137275862585
2009-01-27 00:00:00-05:00,45.995914459228516,18.162641525268555,-2.4196746369678537,2.0482314201970624,-1.954,False,False,1.0,False,False,0.0,1.0,0.007108863342509877,0.007108863342509877,2.537246139205095
2009-01-28 00:00:00-05:00,48.56500244140625,18.58763313293457,-2.405881549923069,3.845358830140242,-0.939,False,False,1.0,False,False,0.0,1.0,0.019264986104234657,0.019264986104234657,2.5565111253093296
2009-01-29 00:00:00-05:00,47.537353515625,18.36396026611328,-2.392906695749757,3.5941100343600425,-1.038,False,False,1.0,False,False,0.0,1.0,-0.002746470880472512,-0.002746470880472512,2.553764654428857
2009-01-30 00:00:00-05:00,47.118690490722656,17.65377426147461,-2.3832659995844407,5.045050529011299,-0.287,False,False,1.0,False,False,0.0,1.0,0.01626754775092504,0.01626754775092504,2.570032202179782
2009-02-02 00:00:00-05:00,46.70002746582031,17.581083297729492,-2.375507754576345,4.936027758211239,-0.386,False,False,1.0,False,False,0.0,1.0,-0.0012323966507462511,-0.0012323966507462511,2.5687998055290358
2009-02-03 00:00:00-05:00,47.32802963256836,17.491613388061523,-2.370629048677408,5.861902826595056,0.089,False,False,1.0,False,False,0.0,1.0,0.010427207211824305,0.010427207211824305,2.5792270127408603
2009-02-04 00:00:00-05:00,42.722721099853516,17.41891860961914,-2.3598262738753815,1.61709930237744,-2.11,True,False,1.0,False,True,0.0,1.0,-0.05063685356892385,-0.05063685356892385,2.5285901591719364
2009-02-05 00:00:00-05:00,42.665645599365234,17.754426956176758,-2.3441973683518196,1.0457646521010702,-2.163,False,False,1.0,False,False,0.0,1.0,-0.0067785617968500154,-0.0067785617968500154,2.5218115973750863
2009-02-06 00:00:00-05:00,43.883575439453125,18.274484634399414,-2.32602429762577,1.3766801532513,-1.862,False,False,1.0,False,False,0.0,1.0,0.0038304629940158377,0.0038304629940158377,2.525642060369102
2009-02-09 00:00:00-05:00,43.29363250732422,18.039623260498047,-2.3068807056582497,1.678373670337507,-1.597,False,False,1.0,False,False,0.0,1.0,0.0035531439912790835,0.0035531439912790835,2.529195204360381
2009-02-10 00:00:00-05:00,41.46675109863281,17.3238525390625,-2.2875890182907335,1.8368962757853993,-1.424,False,False,1.0,False,False,0.0,1.0,0.001954737854274418,0.001954737854274418,2.5311499422146557
2009-02-11 00:00:00-05:00,42.570499420166016,17.564300537109375,-2.269699698377767,2.7048117888724192,-0.973,False,False,1.0,False,False,0.0,1.0,0.010528331599631556,0.010528331599631556,2.541678273814287
2009-02-12 00:00:00-05:00,49.30717849731445,17.38536834716797,-2.2657532179064614,9.916224220229488,2.114,False,True,0.0,True,False,-1.0,-1.0,0.0813028663151122,0.0813028663151122,2.6229811401293994
2009-02-13 00:00:00-05:00,47.537353515625,17.31826400756836,-2.267591999802803,8.266596601590159,1.358,False,False,0.0,False,False,-1.0,-1.0,-0.019003150863144445,0.019003150863144445,2.6419842909925437
2009-02-17 00:00:00-05:00,45.61532211303711,16.38999366760254,-2.2731789663066504,8.357933249943827,1.335,False,False,0.0,False,False,-1.0,-1.0,0.0011021317786982397,-0.0011021317786982397,2.6408821592138456
2009-02-18 00:00:00-05:00,45.957855224609375,16.317302703857422,-2.281757910233526,8.725720706407799,1.417,False,False,0.0,False,False,-1.0,-1.0,0.004421054235022976,-0.004421054235022976,2.6364611049788227
2009-02-19 00:00:00-05:00,44.11193084716797,16.373220443725586,-2.2885587961930702,6.640853178671577,0.611,False,False,0.0,False,False,-1.0,-1.0,-0.025555168480161115,0.025555168480161115,2.662016273458984
2009-02-20 00:00:00-05:00,43.06525421142578,15.948235511779785,-2.293934457706054,6.481047231342785,0.57,False,False,0.0,False,False,-1.0,-1.0,-0.002006365704653735,0.002006365704653735,2.6640226391636377
2009-02-23 00:00:00-05:00,41.01001739501953,15.623902320861816,-2.2960548958294127,5.136679979244235,0.054,False,False,0.0,False,False,-1.0,-1.0,-0.017485803727048003,0.017485803727048003,2.681508442890686
2009-02-24 00:00:00-05:00,43.160404205322266,15.959421157836914,-2.2984723238145515,6.478116369933737,0.588,False,True,0.0,False,False,-1.0,-1.0,0.016800991504714296,-0.016800991504714296,2.664707451385971
2009-02-25 00:00:00-05:00,42.70370101928711,15.607128143310547,-2.301604601918581,6.782263061910555,0.715,False,False,0.0,False,False,-1.0,-1.0,0.0038683135691129347,-0.0038683135691129347,2.6608391378168585
2009-02-26 00:00:00-05:00,42.03763198852539,15.361078262329102,-2.3049271132600415,6.631466212773603,0.66,False,False,0.0,False,False,-1.0,-1.0,-0.0019471778695041109,0.0019471778695041109,2.662786315686363
2009-02-27 00:00:00-05:00,41.65703582763672,15.260421752929688,-2.308033766219293,6.435467135127588,0.595,False,False,0.0,False,False,-1.0,-1.0,-0.0025494619584913703,0.0025494619584913703,2.665335777644854
2009-03-02 00:00:00-05:00,39.9062614440918,14.807476043701172,-2.309723796358812,5.70508166194216,0.322,False,False,0.0,False,False,-1.0,-1.0,-0.009855764294379649,0.009855764294379649,2.675191541939234
2009-03-03 00:00:00-05:00,37.356224060058594,14.253872871398926,-2.308349450323654,4.453304452381637,-0.169,False,False,0.0,False,False,-1.0,-1.0,-0.017816573675881058,0.017816573675881058,2.6930081156151147
2009-03-04 00:00:00-05:00,37.489437103271484,14.516694068908691,-2.3042797490023172,4.0389129378231345,-0.304,False,False,0.0,False,True,0.0,0.0,-0.005841439819635536,0.005841439819635536,2.6988495554347507
2009-03-05 00:00:00-05:00,37.69877243041992,13.963091850280762,-2.3011077250991936,5.568193907469265,0.359,False,True,0.0,False,False,0.0,0.0,0.021900260402926083,0.0,2.6988495554347507
2009-03-06 00:00:00-05:00,36.89949417114258,13.925121307373047,-2.2973781072338104,4.908225339008684,0.064,False,False,0.0,False,False,0.0,0.0,-0.009579928276149192,-0.0,2.6988495554347507
2009-03-09 00:00:00-04:00,35.83380889892578,13.675747871398926,-2.292558267133403,4.481360057118135,-0.129,False,False,0.0,False,False,0.0,0.0,-0.006353461202405253,-0.0,2.6988495554347507
2009-03-10 00:00:00-04:00,37.73682403564453,14.208494186401367,-2.2882430305149564,5.22433623949933,0.167,False,False,0.0,False,False,0.0,0.0,0.010576277019769724,0.0,2.6988495554347507
2009-03-11 00:00:00-04:00,37.77490234375,13.89111328125,-2.28566126623762,6.024522771877901,0.504,False,True,0.0,False,False,0.0,0.0,0.011509288568577128,0.0,2.6988495554347507
2009-03-12 00:00:00-04:00,39.29730987548828,13.613405227661133,-2.287900469691408,8.151193661022905,1.353,False,False,0.0,False,False,0.0,0.0,0.03018977081593566,0.0,2.6988495554347507
2009-03-13 00:00:00-04:00,40.686485290527344,14.083808898925781,-2.2937859773634663,8.381241930304583,1.357,False,False,0.0,False,False,0.0,0.0,0.003151703261919031,0.0,2.6988495554347507
2009-03-16 00:00:00-04:00,40.05850601196289,14.3615140914917,-2.299798047583606,7.029923944005837,0.749,False,False,0.0,False,False,0.0,0.0,-0.018489147971268115,-0.0,2.6988495554347507
2009-03-17 00:00:00-04:00,42.17085647583008,14.92260456085205,-2.307222153171375,7.741092650016029,0.997,False,False,0.0,False,False,0.0,0.0,0.009284111580424463,0.0,2.6988495554347507
2009-03-18 00:00:00-04:00,43.46489334106445,15.665055274963379,-2.3147161378671797,7.204737095525331,0.721,False,False,0.0,False,False,0.0,0.0,-0.006727566270223087,-0.0,2.6988495554347507
2009-03-19 00:00:00-04:00,42.41824722290039,15.914426803588867,-2.319109022620019,5.5109564328715805,-0.039,False,False,0.0,False,False,0.0,0.0,-0.021352274501783813,-0.0,2.6988495554347507
2009-03-20 00:00:00-04:00,42.20891189575195,15.653715133666992,-2.32201244880191,5.860790485378345,0.104,False,False,0.0,False,False,0.0,0.0,0.004453249286330751,0.0,2.6988495554347507
2009-03-23 00:00:00-04:00,44.66380310058594,16.571861267089844,-2.324474700023932,6.142930852929055,0.213,False,True,0.0,False,False,0.0,0.0,0.003391734912344883,0.0,2.6988495554347507
2009-03-24 00:00:00-04:00,43.12235641479492,16.43016242980957,-2.3243135298845914,4.9335075809870474,-0.306,False,False,0.0,False,True,0.0,0.0,-0.014874004981776972,-0.0,2.6988495554347507
2009-03-25 00:00:00-04:00,43.65520095825195,16.396169662475586,-2.3235962277221995,5.55712298143051,-0.088,False,False,0.0,False,False,0.0,0.0,0.007628016986801516,0.0,2.6988495554347507
2009-03-26 00:00:00-04:00,44.14997863769531,16.662538528442383,-2.322312500221752,5.454357127667009,-0.211,False,False,0.0,False,True,0.0,0.0,-0.0012404503507761034,-0.0,2.6988495554347507
2009-03-27 00:00:00-04:00,43.01448059082031,16.435836791992188,-2.3195869642449605,4.890127821657522,-0.59,False,False,0.0,False,False,0.0,0.0,-0.006953875014522451,-0.0,2.6988495554347507
2009-03-30 00:00:00-04:00,42.129173278808594,16.090112686157227,-2.3158962163184476,4.866142188799621,-0.711,False,False,0.0,False,False,0.0,0.0,-0.0003021157183956665,-0.0,2.6988495554347507
2009-03-31 00:00:00-04:00,42.340877532958984,16.702205657958984,-2.309460208307706,3.7677981749308884,-1.495,False,False,0.0,False,False,0.0,0.0,-0.013574222001631912,-0.0,2.6988495554347507
2009-04-01 00:00:00-04:00,42.456363677978516,16.804222106933594,-2.301260358412853,3.7854734893273303,-1.565,True,False,1.0,False,False,0.0,1.0,0.0002178714741842422,0.0,2.6988495554347507
2009-04-02 00:00:00-04:00,42.725799560546875,17.05926513671875,-2.291604689886122,3.632707567231371,-1.642,False,False,1.0,False,False,0.0,1.0,-0.0018671228513941855,-0.0018671228513941855,2.696982432583356
2009-04-03 00:00:00-04:00,42.05219268798828,17.580671310424805,-2.277839733658467,2.0062410327131914,-2.485,False,False,1.0,False,False,0.0,1.0,-0.019811246009626048,-0.019811246009626048,2.67717118657373
2009-04-06 00:00:00-04:00,41.70576095581055,17.234956741333008,-2.262846819242101,2.705693913909947,-1.892,False,False,1.0,False,False,0.0,1.0,0.008666696055910516,0.008666696055910516,2.6858378826296407
2009-04-07 00:00:00-04:00,41.28236389160156,17.008255004882812,-2.247792981583185,3.0513276626488945,-1.6,False,False,1.0,False,False,0.0,1.0,0.004346861638603243,0.004346861638603243,2.690184744268244
2009-04-08 00:00:00-04:00,42.918251037597656,17.22361946105957,-2.235258755854498,4.419004829758322,-0.65,False,False,1.0,False,False,0.0,1.0,0.016798319935903926,0.016798319935903926,2.706983064204148
2009-04-09 00:00:00-04:00,44.03450393676758,17.104602813720703,-2.2272432647881724,5.938392523031318,0.375,False,True,0.0,False,False,0.0,0.0,0.018499650669714308,0.018499650669714308,2.7254827148738623
2009-04-13 00:00:00-04:00,43.45713424682617,16.662538528442383,-2.223049349227769,6.415488814689702,0.665,False,False,0.0,False,False,0.0,0.0,0.005926751853395701,0.0,2.7254827148738623
2009-04-14 00:00:00-04:00,43.322410583496094,16.350820541381836,-2.2223407707297285,6.985315459498111,1.025,False,False,0.0,False,False,0.0,0.0,0.0071532786921975735,0.0,2.7254827148738623
2009-04-15 00:00:00-04:00,45.18925857543945,16.52651596069336,-2.226438283154239,8.393990753392202,1.842,False,False,0.0,True,False,-1.0,-1.0,0.017182209324042345,0.0,2.7254827148738623
2009-04-16 00:00:00-04:00,44.74661636352539,16.492507934570312,-2.2327516957680182,7.922941305146033,1.48,False,False,0.0,False,False,-1.0,-1.0,-0.00577476725943969,0.00577476725943969,2.731257482133302
2009-04-17 00:00:00-04:00,46.55573654174805,16.741880416870117,-2.2425109625160706,9.011886173783687,1.98,False,False,0.0,True,False,-1.0,-1.0,0.012948278447630461,-0.012948278447630461,2.7183092036856715
2009-04-20 00:00:00-04:00,45.26625442504883,16.481172561645508,-2.2528479572444065,8.136678486553187,1.388,False,False,0.0,False,False,-1.0,-1.0,-0.010621990012952526,0.010621990012952526,2.728931193698624
2009-04-21 00:00:00-04:00,47.537269592285156,16.305477142333984,-2.267943344674622,10.557371225584625,2.412,False,False,0.0,True,False,-1.0,-1.0,0.028641432237840086,-0.028641432237840086,2.700289761460784
2009-04-22 00:00:00-04:00,47.13310241699219,16.101451873779297,-2.2856414705685992,10.33095627791775,2.076,False,False,0.0,False,False,-1.0,-1.0,-0.0026974954094004426,0.0026974954094004426,2.702987256870184
2009-04-23 00:00:00-04:00,47.57575988769531,16.056106567382812,-2.3054280247278216,10.559561839234554,1.983,False,False,0.0,False,False,-1.0,-1.0,0.0027024502907160466,-0.0027024502907160466,2.700284806579468
2009-04-24 00:00:00-04:00,47.38329315185547,15.920090675354004,-2.326160796242611,10.350602350219432,1.737,False,False,0.0,False,False,-1.0,-1.0,-0.0024753545386647017,0.0024753545386647017,2.7027601611181327
2009-04-27 00:00:00-04:00,46.30552673339844,16.0617733001709,-2.3444952922410827,8.648774846104246,0.944,False,False,0.0,False,False,-1.0,-1.0,-0.02026895329750816,0.02026895329750816,2.723029114415641
2009-04-28 00:00:00-04:00,46.44025421142578,16.0334415435791,-2.3611567664889943,8.582785220698241,0.866,False,False,0.0,False,False,-1.0,-1.0,-0.0007828162244400776,0.0007828162244400776,2.723811930640081
2009-04-29 00:00:00-04:00,50.01996612548828,16.76454734802246,-2.3797010170093866,10.125355751697214,1.428,False,False,0.0,False,False,-1.0,-1.0,0.017155956142565335,-0.017155956142565335,2.706655974497516
2009-04-30 00:00:00-04:00,52.94535446166992,16.911907196044922,-2.4034657213568202,12.298165233208216,2.124,False,False,0.0,True,False,-1.0,-1.0,0.02321562590183242,-0.02321562590183242,2.6834403485956835
2009-05-01 00:00:00-04:00,51.001502990722656,17.65435791015625,-2.423278189152545,8.220082523548307,0.551,False,False,0.0,False,False,-1.0,-1.0,-0.04348427793990372,0.04348427793990372,2.7269246265355873
2009-05-04 00:00:00-04:00,52.00228500366211,17.796043395996094,-2.4410723104248886,8.560856234576342,0.661,False,False,0.0,False,False,-1.0,-1.0,0.0035704154580512193,-0.0035704154580512193,2.723354211077536
2009-05-05 00:00:00-04:00,50.366390228271484,17.688350677490234,-2.4544516059148234,6.9511895019210215,0.052,False,False,0.0,False,False,-1.0,-1.0,-0.017163994727218787,0.017163994727218787,2.740518205804755
2009-05-06 00:00:00-04:00,51.097740173339844,17.858383178710938,-2.4652093535706427,7.073086921533012,0.1,False,False,0.0,False,False,-1.0,-1.0,0.001281479735977346,-0.001281479735977346,2.7392367260687775
2009-05-07 00:00:00-04:00,50.01996612548828,17.954730987548828,-2.4715840558452564,5.643339289671843,-0.452,False,False,0.0,False,True,0.0,0.0,-0.015146178341915945,0.015146178341915945,2.7543829044106936
2009-05-08 00:00:00-04:00,51.32868194580078,18.130422592163086,-2.476617609236746,6.4265580911459494,-0.157,False,False,0.0,False,False,0.0,0.0,0.008138961270865698,0.0,2.7543829044106936
2009-05-11 00:00:00-04:00,51.001502990722656,18.130422592163086,-2.48005165419032,6.037118449859044,-0.306,False,False,0.0,False,True,0.0,0.0,-0.004058104929824415,-0.0,2.7543829044106936
2009-05-12 00:00:00-04:00,49.96224594116211,18.436471939086914,-2.4791292268589062,4.2558495168076504,-0.979,False,False,0.0,False,False,0.0,0.0,-0.01861915136462149,-0.0,2.7543829044106936
2009-05-13 00:00:00-04:00,48.557289123535156,18.01140785217285,-2.474943391596849,3.9800742864443635,-1.052,False,False,0.0,False,False,0.0,0.0,-0.0029610425635581334,-0.0,2.7543829044106936
2009-05-14 00:00:00-04:00,49.80827713012695,17.960405349731445,-2.471388288867295,5.421141685491143,-0.507,False,False,0.0,False,False,0.0,0.0,0.015298700431966437,0.0,2.7543829044106936
2009-05-15 00:00:00-04:00,50.558860778808594,17.960405349731445,-2.4696752625023994,6.20249198206109,-0.228,False,False,0.0,False,False,0.0,0.0,0.008232085620653352,0.0,2.7543829044106936
2009-05-18 00:00:00-04:00,51.521148681640625,17.705360412597656,-2.4719708530452165,7.754013799038589,0.332,False,True,0.0,False,False,0.0,0.0,0.016282398621772567,0.0,2.7543829044106936
2009-05-19 00:00:00-04:00,49.346370697021484,18.283451080322266,-2.470234240255832,4.1819638083669375,-1.046,False,False,0.0,False,True,0.0,0.0,-0.03779516031844635,-0.0,2.7543829044106936
2009-05-20 00:00:00-04:00,49.866024017333984,18.062419891357422,-2.4679872336521402,5.2882023165993886,-0.648,False,False,0.0,False,False,0.0,0.0,0.011713187871815033,0.0,2.7543829044106936
2009-05-21 00:00:00-04:00,51.155487060546875,17.784713745117188,-2.4690020454355928,7.244992446366041,0.079,False,False,0.0,False,False,0.0,0.0,0.020583494698049747,0.0,2.7543829044106936
2009-05-22 00:00:00-04:00,51.001502990722656,17.920726776123047,-2.4711001552086147,6.717592272793816,-0.202,False,False,0.0,False,True,0.0,0.0,-0.005534951815236118,-0.0,2.7543829044106936
2009-05-26 00:00:00-04:00,52.56043243408203,18.306123733520508,-2.4748721453527036,7.255116716612086,-0.031,False,False,0.0,False,False,0.0,0.0,0.005492467527922805,0.0,2.7543829044106936
2009-05-27 00:00:00-04:00,50.13544845581055,17.920726776123047,-2.4769293172182376,5.747074918173503,-0.799,False,False,0.0,False,True,0.0,0.0,-0.0159540924883795,-0.0,2.7543829044106936
2009-05-28 00:00:00-04:00,50.789833068847656,18.09075355529785,-2.4782949412812294,5.955610048787577,-0.738,False,False,0.0,False,False,0.0,0.0,0.0021807810622484513,0.0,2.7543829044106936
2009-05-29 00:00:00-04:00,51.2517204284668,18.062419891357422,-2.4801314986471423,6.454543914120563,-0.501,False,False,0.0,False,False,0.0,0.0,0.005194581939135116,0.0,2.7543829044106936
2009-06-01 00:00:00-04:00,52.50270462036133,19.05990219116211,-2.4800445018186226,5.2332989859690215,-1.076,False,False,0.0,False,False,0.0,0.0,-0.012240343769749579,-0.0,2.7543829044106936
2009-06-02 00:00:00-04:00,54.06161117553711,18.85587501525879,-2.4824462567805963,7.252914825585158,-0.089,False,False,0.0,False,False,0.0,0.0,0.020021906239413384,0.0,2.7543829044106936
2009-06-03 00:00:00-04:00,52.73362731933594,18.260780334472656,-2.4865156573119114,7.327911102936234,-0.037,False,False,0.0,False,False,0.0,0.0,0.0007641815672403334,0.0,2.7543829044106936
2009-06-04 00:00:00-04:00,52.38721466064453,18.600828170776367,-2.489366242924084,6.0829409218825035,-0.62,False,False,0.0,False,True,0.0,0.0,-0.012614767506751036,-0.0,2.7543829044106936
2009-06-05 00:00:00-04:00,53.92688751220703,18.54529571533203,-2.4943382777825427,7.668646536657768,0.178,False,False,0.0,False,False,0.0,0.0,0.01582775446526532,0.0,2.7543829044106936
2009-06-08 00:00:00-04:00,54.06161117553711,18.276182174682617,-2.501821313199639,8.337869086996804,0.505,False,True,0.0,False,False,0.0,0.0,0.006706621046557494,0.0,2.7543829044106936
2009-06-09 00:00:00-04:00,54.81219482421875,18.316268920898438,-2.5117129519546646,8.80698494411346,0.787,False,False,0.0,False,False,0.0,0.0,0.004653123718989515,0.0,2.7543829044106936
2009-06-10 00:00:00-04:00,53.61894226074219,18.51666259765625,-2.5197834414927915,6.960962455459068,-0.108,False,False,0.0,False,False,0.0,0.0,-0.018409245623224407,-0.0,2.7543829044106936
2009-06-11 00:00:00-04:00,53.272518157958984,18.76286506652832,-2.524804829251245,5.8999458273987955,-0.628,False,False,0.0,False,True,0.0,0.0,-0.010542159810381464,-0.0,2.7543829044106936
2009-06-12 00:00:00-04:00,52.94535446166992,18.631179809570312,-2.5278166855336197,5.8491472678609995,-0.613,False,False,0.0,False,False,0.0,0.0,-0.0005077745558664415,-0.0,2.7543829044106936
2009-06-15 00:00:00-04:00,52.541175842285156,18.173126220703125,-2.530827620365107,6.548126054548341,-0.17,False,False,0.0,False,False,0.0,0.0,0.007093766477770669,0.0,2.7543829044106936
2009-06-16 00:00:00-04:00,49.53883743286133,18.041431427001953,-2.5291069150270893,3.9101284538436403,-1.616,True,False,1.0,False,True,0.0,1.0,-0.0277195083845875,-0.0,2.7543829044106936
2009-06-17 00:00:00-04:00,49.55807876586914,18.098691940307617,-2.5243859100539616,3.869995841349393,-1.573,False,False,1.0,False,False,0.0,1.0,-0.00042135674322188313,-0.00042135674322188313,2.7539615476674717
2009-06-18 00:00:00-04:00,50.11621856689453,18.402156829833984,-2.5176292259008917,3.7864107124927884,-1.765,False,False,1.0,False,False,0.0,1.0,-0.0008666518669363063,-0.0008666518669363063,2.7530948958005355
2009-06-19 00:00:00-04:00,50.25092697143555,18.287639617919922,-2.510604939949998,4.337888606660492,-1.296,False,False,1.0,False,False,0.0,1.0,0.005734766575396661,0.005734766575396661,2.7588296623759323
2009-06-22 00:00:00-04:00,49.384864807128906,18.276182174682617,-2.5021906982158,3.654371770740653,-1.686,True,False,1.0,False,False,0.0,1.0,-0.007186187923977054,-0.007186187923977054,2.751643474451955
2009-06-23 00:00:00-04:00,50.05846405029297,18.167400360107422,-2.49485533265251,4.73342838144584,-0.861,False,False,1.0,False,False,0.0,1.0,0.011312822593871116,0.011312822593871116,2.762956297045826
2009-06-24 00:00:00-04:00,50.48188018798828,18.150226593017578,-2.4892073095842955,5.302203482037662,-0.42,False,False,1.0,False,False,0.0,1.0,0.005945701900110504,0.005945701900110504,2.7689019989459367
2009-06-25 00:00:00-04:00,50.25092697143555,18.339174270629883,-2.483528172606828,4.705071007979953,-0.822,False,False,1.0,False,False,0.0,1.0,-0.006233324917221422,-0.006233324917221422,2.762668674028715
2009-06-26 00:00:00-04:00,50.11485290527344,18.453685760498047,-2.4772777055171105,4.3999485861730605,-0.984,False,False,1.0,False,False,0.0,1.0,-0.003184004954666483,-0.003184004954666483,2.7594846690740487
2009-06-29 00:00:00-04:00,50.192623138427734,18.75714111328125,-2.469695130077378,3.868203076782862,-1.28,False,False,1.0,False,False,0.0,1.0,-0.005509343135262958,-0.005509343135262958,2.753975325938786
2009-06-30 00:00:00-04:00,50.01765441894531,18.682708740234375,-2.4615864521764945,4.028551694024991,-1.16,False,False,1.0,False,False,0.0,1.0,0.0016701805374162038,0.0016701805374162038,2.7556455064762018
2009-07-01 00:00:00-04:00,50.32868957519531,18.94036102294922,-2.4528490739405404,3.870842579954818,-1.262,False,False,1.0,False,False,0.0,1.0,-0.001629453017521716,-0.001629453017521716,2.75401605345868
2009-07-02 00:00:00-04:00,49.142879486083984,18.379247665405273,-2.4444091336261478,4.216478623590284,-0.988,False,False,1.0,False,False,0.0,1.0,0.003674271157966733,0.003674271157966733,2.7576903246166466
2009-07-06 00:00:00-04:00,47.49052429199219,18.436506271362305,-2.4332913034554595,2.6291339157842515,-1.873,True,False,1.0,False,False,0.0,1.0,-0.017187999983638763,-0.017187999983638763,2.740502324633008
2009-07-07 00:00:00-04:00,47.50996017456055,17.892568588256836,-2.423304128197655,4.1508248505780685,-0.858,False,False,1.0,False,False,0.0,1.0,0.016745967663100766,0.016745967663100766,2.757248292296109
2009-07-08 00:00:00-04:00,47.16006088256836,17.892568588256836,-2.4136793836309702,3.9731369608897396,-0.965,False,False,1.0,False,False,0.0,1.0,-0.001966727390773713,-0.001966727390773713,2.755281564905335
2009-07-09 00:00:00-04:00,47.859859466552734,17.88111686706543,-2.4058111208090067,4.8412696552812164,-0.397,False,False,1.0,False,False,0.0,1.0,0.009552679444798963,0.009552679444798963,2.764834244350134
2009-07-10 00:00:00-04:00,47.568275451660156,17.74370002746582,-2.399310353006679,4.99563227511652,-0.26,False,False,1.0,False,False,0.0,1.0,0.0017124589163772515,0.0017124589163772515,2.766546703266511
2009-07-13 00:00:00-04:00,49.142879486083984,17.989910125732422,-2.395505535165998,6.047950202753128,0.446,False,True,0.0,False,False,0.0,0.0,0.011408748122662973,0.011408748122662973,2.7779554513891744
2009-07-14 00:00:00-04:00,49.5705451965332,18.035709381103516,-2.393999045554077,6.3930741522806755,0.702,False,False,0.0,False,False,0.0,0.0,0.003721092520529618,0.0,2.7779554513891744
2009-07-15 00:00:00-04:00,50.698028564453125,18.57392120361328,-2.39365227167339,6.238519881541649,0.586,False,False,0.0,False,False,0.0,0.0,-0.001624193681444895,-0.0,2.7779554513891744
2009-07-16 00:00:00-04:00,51.18401336669922,18.59110450744629,-2.3947982791684725,6.662068284425615,0.848,False,False,0.0,False,False,0.0,0.0,0.004425517593136984,0.0,2.7779554513891744
2009-07-17 00:00:00-04:00,50.892417907714844,18.384977340698242,-2.397158319575408,6.820716520254692,0.94,False,False,0.0,False,False,0.0,0.0,0.0016706124061020731,0.0,2.7779554513891744
2009-07-20 00:00:00-04:00,51.533935546875,18.493764877319336,-2.4008391052603506,7.13338162591635,1.089,False,False,0.0,False,False,0.0,0.0,0.003259152233947032,0.0,2.7779554513891744
2009-07-21 00:00:00-04:00,50.83409881591797,18.551023483276367,-2.4037392067814287,6.242276343243574,0.541,False,False,0.0,False,False,0.0,0.0,-0.00933818893901842,-0.0,2.7779554513891744
2009-07-22 00:00:00-04:00,50.05653381347656,18.568199157714844,-2.404646958309998,5.4065701875832985,0.029,False,False,0.0,False,False,0.0,0.0,-0.008824169177994222,-0.0,2.7779554513891744
2009-07-23 00:00:00-04:00,50.77580642700195,19.09494972229004,-2.4033666173169443,4.8836417051046155,-0.301,False,False,0.0,False,True,0.0,0.0,-0.0054095319914515185,-0.0,2.7779554513891744
2009-07-24 00:00:00-04:00,50.639713287353516,19.386959075927734,-2.3993295904020187,4.124008708567125,-0.768,False,False,0.0,False,False,0.0,0.0,-0.007818740459581038,-0.0,2.7779554513891744
2009-07-27 00:00:00-04:00,50.95072555541992,19.306804656982422,-2.394666498093922,4.717367258100403,-0.302,False,False,0.0,False,False,0.0,0.0,0.006105511581838636,0.0,2.7779554513891744
2009-07-28 00:00:00-04:00,50.81467819213867,18.843021392822266,-2.391519201281298,5.751230721049957,0.623,False,True,0.0,False,False,0.0,0.0,0.01078310048092729,0.0,2.7779554513891744
2009-07-29 00:00:00-04:00,52.19487380981445,18.808673858642578,-2.391925876639051,7.205920102062798,1.85,False,False,0.0,True,False,-1.0,-1.0,0.014968430634715472,0.0,2.7779554513891744
2009-07-30 00:00:00-04:00,46.9850959777832,19.140756607055664,-2.383956453943465,1.3543657310318338,-2.685,True,False,1.0,False,True,0.0,1.0,-0.06318093364350776,0.06318093364350776,2.841136385032682
2009-07-31 00:00:00-04:00,48.44306182861328,18.579648971557617,-2.3761730520303552,4.294600626214567,-0.427,False,False,1.0,False,False,0.0,1.0,0.03175490367728318,0.03175490367728318,2.8728912887099654
2009-08-03 00:00:00-04:00,49.24006271362305,18.91745376586914,-2.368713760554825,4.430029663749117,-0.284,False,False,1.0,False,False,0.0,1.0,0.0014399670349630105,0.0014399670349630105,2.874331255744928
2009-08-04 00:00:00-04:00,49.74551010131836,18.579648971557617,-2.363978289660165,5.823623303049338,0.759,False,True,0.0,False,False,0.0,0.0,0.014878107916185294,0.014878107916185294,2.889209363661114
2009-08-05 00:00:00-04:00,49.842689514160156,18.207481384277344,-2.362702406186682,6.823829436928854,1.435,False,False,0.0,False,False,0.0,0.0,0.010770939514585033,0.0,2.889209363661114
2009-08-06 00:00:00-04:00,50.270355224609375,17.984180450439453,-2.3651526126546263,7.735023845800249,1.94,False,False,0.0,True,False,-1.0,-1.0,0.009818303621470448,0.0,2.889209363661114
2009-08-07 00:00:00-04:00,51.047943115234375,18.13304901123047,-2.3704812903944266,8.063889696307392,1.975,False,False,0.0,False,False,-1.0,-1.0,0.0034973824084195337,-0.0034973824084195337,2.885711981252694
2009-08-10 00:00:00-04:00,50.83409881591797,18.230388641357422,-2.376614790484912,7.507487534579774,1.49,False,False,0.0,False,False,-1.0,-1.0,-0.005909069304521226,0.005909069304521226,2.891621050557215
2009-08-11 00:00:00-04:00,50.54250717163086,17.97846031188965,-2.383553606962126,7.689883247600861,1.501,False,False,0.0,True,False,-1.0,-1.0,0.0019529466994833659,-0.0019529466994833659,2.8896681038577317
2009-08-12 00:00:00-04:00,50.620269775390625,18.127321243286133,-2.390302507686165,7.2904883499310955,1.179,False,False,0.0,False,False,-1.0,-1.0,-0.004251140819667282,0.004251140819667282,2.893919244677399
2009-08-13 00:00:00-04:00,50.639713287353516,18.287639617919922,-2.396112797480215,6.820465963149395,0.837,False,False,0.0,False,False,-1.0,-1.0,-0.004975942819385523,0.004975942819385523,2.8988951874967848
2009-08-14 00:00:00-04:00,50.30924987792969,18.39069938659668,-2.400181978199447,6.168224643736707,0.398,False,False,0.0,False,False,-1.0,-1.0,-0.006905658227447274,0.006905658227447274,2.905800845724232
2009-08-17 00:00:00-04:00,49.80382537841797,17.92119789123535,-2.404126231287887,6.719003431997898,0.699,False,False,0.0,False,False,-1.0,-1.0,0.00592945213568542,-0.00592945213568542,2.8998713935885467
2009-08-18 00:00:00-04:00,49.5705451965332,17.898296356201172,-2.4075722879784904,6.47910288731687,0.506,False,False,0.0,False,False,-1.0,-1.0,-0.002588985528355329,0.002588985528355329,2.902460379116902
2009-08-19 00:00:00-04:00,50.09540557861328,18.247562408447266,-2.410081271358446,6.11729717007011,0.236,False,False,0.0,False,False,-1.0,-1.0,-0.0038459891834821468,0.0038459891834821468,2.9063063683003842
2009-08-20 00:00:00-04:00,50.01765441894531,18.379247665405273,-2.4112625401144054,5.700463007868436,-0.067,False,False,0.0,False,False,-1.0,-1.0,-0.004418665854956176,0.004418665854956176,2.91072503415534
2009-08-21 00:00:00-04:00,50.6008415222168,18.820119857788086,-2.410769667774727,5.229867425176472,-0.464,False,False,0.0,False,True,0.0,0.0,-0.004903476918254078,0.004903476918254078,2.9156285110735944
2009-08-24 00:00:00-04:00,51.47560119628906,18.73995590209961,-2.4111375441124014,6.290989945725904,0.257,False,True,0.0,False,False,0.0,0.0,0.010977862490555575,0.0,2.9156285110735944
2009-08-25 00:00:00-04:00,51.37841033935547,18.488035202026367,-2.4128969087669017,6.768687351212385,0.564,False,False,0.0,False,False,0.0,0.0,0.004976629807526747,0.0,2.9156285110735944
2009-08-26 00:00:00-04:00,50.736907958984375,18.436506271362305,-2.4145344812708918,6.221327852613051,0.121,False,False,0.0,False,False,0.0,0.0,-0.005746406311442217,-0.0,2.9156285110735944
2009-08-27 00:00:00-04:00,50.36757278442383,18.470855712890625,-2.415262442379139,5.7556087024749445,-0.255,False,False,0.0,False,True,0.0,0.0,-0.004903363034853807,-0.0,2.9156285110735944
2009-08-28 00:00:00-04:00,50.38699722290039,18.39069938659668,-2.4157902802138658,5.958924398425026,-0.096,False,False,0.0,False,False,0.0,0.0,0.0021443394583634413,0.0,2.9156285110735944
2009-08-31 00:00:00-04:00,50.13429260253906,18.13304901123047,-2.416819522472172,6.309985750252551,0.177,False,False,0.0,False,False,0.0,0.0,0.003736340833776604,0.0,2.9156285110735944
2009-09-01 00:00:00-04:00,49.628875732421875,18.047163009643555,-2.417602578210596,5.99800791092072,-0.058,False,False,0.0,False,False,0.0,0.0,-0.003345257315139891,-0.0,2.9156285110735944
2009-09-02 00:00:00-04:00,49.35670852661133,17.772335052490234,-2.41888704394742,6.367437527450107,0.234,False,True,0.0,False,False,0.0,0.0,0.004000494861027326,0.0,2.9156285110735944
2009-09-03 00:00:00-04:00,50.03708267211914,17.80668830871582,-2.421460371606524,6.918892583014582,0.658,False,False,0.0,False,False,0.0,0.0,0.005919740656849005,0.0,2.9156285110735944
2009-09-04 00:00:00-04:00,50.83409881591797,17.675310134887695,-2.426641510873425,7.942457525037732,1.401,False,False,0.0,False,False,0.0,0.0,0.010920852061096793,0.0,2.9156285110735944
2009-09-08 00:00:00-04:00,51.417301177978516,17.87209129333496,-2.4334360365378487,7.926710176482892,1.315,False,False,0.0,False,False,0.0,0.0,-0.00016592243482829228,-0.0,2.9156285110735944
2009-09-09 00:00:00-04:00,52.03934860229492,18.005205154418945,-2.441523757936105,8.079212451267452,1.337,False,False,0.0,False,False,0.0,0.0,0.0015885738884581027,0.0,2.9156285110735944
2009-09-10 00:00:00-04:00,52.7197265625,18.016775131225586,-2.451270361118389,8.555739680391845,1.562,False,False,0.0,True,False,-1.0,-1.0,0.004918548352266045,0.0,2.9156285110735944
2009-09-11 00:00:00-04:00,53.322357177734375,17.87209129333496,-2.4633570004003356,9.297015978503815,1.93,False,False,0.0,False,False,-1.0,-1.0,0.007614728550042182,-0.007614728550042182,2.908013782523552
2009-09-14 00:00:00-04:00,54.06106948852539,18.242488861083984,-2.4762357435159434,8.888366520017776,1.543,False,False,0.0,False,False,-1.0,-1.0,-0.004118048204435431,0.004118048204435431,2.9121318307279878
2009-09-15 00:00:00-04:00,54.06106948852539,18.271432876586914,-2.489057460988019,8.58242316411495,1.255,False,False,0.0,False,False,-1.0,-1.0,-0.0030735807652674356,0.0030735807652674356,2.9152054114932553
2009-09-16 00:00:00-04:00,55.22743225097656,18.479787826538086,-2.502580966826902,8.980266965282865,1.437,False,False,0.0,False,False,-1.0,-1.0,0.003920624578226542,-0.003920624578226542,2.9112847869150285
2009-09-17 00:00:00-04:00,54.58592224121094,18.369815826416016,-2.515428479949828,8.377964340011005,1.136,False,False,0.0,False,False,-1.0,-1.0,-0.0059755872521315015,0.0059755872521315015,2.91726037416716
2009-09-18 00:00:00-04:00,54.72200393676758,18.514511108398438,-2.5270689722346913,7.9345573786393615,0.747,False,False,0.0,False,False,-1.0,-1.0,-0.004368134781637292,0.004368134781637292,2.9216285089487974
2009-09-21 00:00:00-04:00,54.19713592529297,18.14410400390625,-2.538274139328085,8.14242595089857,0.891,False,False,0.0,False,False,-1.0,-1.0,0.0020734637890578397,-0.0020734637890578397,2.91955504515974
2009-09-22 00:00:00-04:00,54.58592224121094,17.97627067565918,-2.5502673532426057,8.741626004024937,1.349,False,False,0.0,False,False,-1.0,-1.0,0.005966332267366899,-0.005966332267366899,2.9135887128923725
2009-09-23 00:00:00-04:00,54.858089447021484,18.034143447875977,-2.562591343432939,8.643949561266652,1.188,False,False,0.0,False,False,-1.0,-1.0,-0.0009664023778152671,0.0009664023778152671,2.914555115270188
2009-09-24 00:00:00-04:00,54.5081672668457,18.05729103088379,-2.5740269667582925,8.028213206748184,0.634,False,False,0.0,False,False,-1.0,-1.0,-0.006097116635381868,0.006097116635381868,2.92065223190557
2009-09-25 00:00:00-04:00,53.497314453125,18.10938262939453,-2.5825910240712724,6.728185422978463,-0.478,False,False,0.0,False,True,0.0,0.0,-0.012965731491080743,0.012965731491080743,2.9336179633966504
2009-09-28 00:00:00-04:00,55.00841522216797,18.265644073486328,-2.591081038806608,7.6806512017672475,0.358,False,True,0.0,False,False,0.0,0.0,0.009307224344687948,0.0,2.9336179633966504
2009-09-29 00:00:00-04:00,55.45980453491211,18.30036735534668,-2.599882866896046,7.880992989842568,0.529,False,False,0.0,False,False,0.0,0.0,0.0019443369456729617,0.0,2.9336179633966504
2009-09-30 00:00:00-04:00,55.381309509277344,18.196189880371094,-2.6089149667588147,7.90899739239191,0.535,False,False,0.0,False,False,0.0,0.0,0.00027227434587698556,0.0,2.9336179633966504
2009-10-01 00:00:00-04:00,55.40090560913086,17.785266876220703,-2.6196558093625484,8.809627915775991,1.246,False,False,0.0,False,False,0.0,0.0,0.008830387724057386,0.0,2.9336179633966504
2009-10-02 00:00:00-04:00,55.49903869628906,17.56534767150879,-2.632243501807607,9.262766430968675,1.524,False,False,0.0,True,False,-1.0,-1.0,0.0044540927914761,0.0,2.9336179633966504
2009-10-05 00:00:00-04:00,55.49903869628906,17.721609115600586,-2.644889348499192,8.627343508170881,0.936,False,False,0.0,False,False,-1.0,-1.0,-0.006207075974616797,0.006207075974616797,2.9398250393712675
2009-10-06 00:00:00-04:00,55.67568588256836,17.993629455566406,-2.656284129875501,7.879493520886967,0.281,False,False,0.0,False,False,-1.0,-1.0,-0.00722756752823779,0.00722756752823779,2.947052606899505
2009-10-07 00:00:00-04:00,55.24394226074219,18.016775131225586,-2.665706296869361,7.2165113441548385,-0.31,False,False,0.0,False,True,0.0,0.0,-0.0064198059572008175,0.0064198059572008175,2.953472412856706
2009-10-08 00:00:00-04:00,55.22431182861328,17.953113555908203,-2.673888183993941,7.219693625568894,-0.36,False,False,0.0,False,False,0.0,0.0,3.0827418370794756e-05,0.0,2.953472412856706
2009-10-09 00:00:00-04:00,54.674800872802734,18.14410400390625,-2.6792359156049255,6.06246576906598,-1.479,False,False,0.0,False,False,0.0,0.0,-0.011203988236887166,-0.0,2.953472412856706
2009-10-12 00:00:00-04:00,54.77294158935547,18.08622932434082,-2.6831268491984686,6.245294088455935,-1.305,False,False,0.0,False,False,0.0,0.0,0.001769867151776025,0.0,2.953472412856706
2009-10-13 00:00:00-04:00,53.987937927246094,17.883665084838867,-2.685587117798586,5.959797356378473,-1.509,True,False,1.0,False,False,0.0,1.0,-0.002798546427980378,-0.0,2.953472412856706
2009-10-14 00:00:00-04:00,53.791683197021484,17.750545501708984,-2.687385174206691,6.089130381647486,-1.381,False,False,1.0,False,False,0.0,1.0,0.0012742893621389213,0.0012742893621389213,2.954746702218845
2009-10-15 00:00:00-04:00,53.693565368652344,17.791057586669922,-2.688371358030496,5.864595723577764,-1.595,True,False,1.0,False,False,0.0,1.0,-0.002211673083610079,-0.002211673083610079,2.952535029135235
2009-10-16 00:00:00-04:00,53.90943145751953,18.02256965637207,-2.6881312565612445,5.46239864067352,-1.902,False,False,1.0,False,False,0.0,1.0,-0.003929376476176033,-0.003929376476176033,2.948605652659059
2009-10-19 00:00:00-04:00,53.96831512451172,18.323514938354492,-2.685843053843176,4.7542298053406356,-2.319,False,False,1.0,False,False,0.0,1.0,-0.006863271568482306,-0.006863271568482306,2.9417423810905765
2009-10-20 00:00:00-04:00,52.92820358276367,17.883665084838867,-2.6826409895323233,4.952750583106869,-2.041,False,False,1.0,False,False,0.0,1.0,0.0019674289762143305,0.0019674289762143305,2.9437098100667907
2009-10-21 00:00:00-04:00,52.790809631347656,17.791057586669922,-2.6791807259550087,5.125351050785973,-1.801,False,False,1.0,False,False,0.0,1.0,0.0017181652349956727,0.0017181652349956727,2.9454279753017865
2009-10-22 00:00:00-04:00,53.065555572509766,17.883665084838867,-2.675712297892326,5.214012973618807,-1.629,False,False,1.0,False,False,0.0,1.0,0.0008785619527252765,0.0008785619527252765,2.946306537254512
2009-10-23 00:00:00-04:00,52.24131774902344,17.542194366455078,-2.6725118722545473,5.359595039275405,-1.423,False,False,1.0,False,False,0.0,1.0,0.001468700566314347,0.001468700566314347,2.947775237820826
2009-10-26 00:00:00-04:00,52.04507064819336,17.177574157714844,-2.67091640751675,6.1652059890170605,-0.809,False,False,1.0,False,False,0.0,1.0,0.008226821362842677,0.008226821362842677,2.9560020591836684
2009-10-27 00:00:00-04:00,51.161949157714844,17.223875045776367,-2.6686031600086273,5.198261782962291,-1.392,False,False,1.0,False,False,0.0,1.0,-0.00995560225473052,-0.00995560225473052,2.946046456928938
2009-10-28 00:00:00-04:00,51.51521301269531,17.00973129272461,-2.6675102170504648,6.141581000069408,-0.701,False,False,1.0,False,False,0.0,1.0,0.009736097244843688,0.009736097244843688,2.9557825541737817
2009-10-29 00:00:00-04:00,52.987056732177734,17.62900733947754,-2.666876859532734,5.972665001992354,-0.769,False,False,1.0,False,False,0.0,1.0,-0.001689135514278354,-0.001689135514278354,2.954093418659504
2009-10-30 00:00:00-04:00,52.987056732177734,17.247026443481445,-2.6683030576384867,6.966763337864357,-0.028,False,False,1.0,False,False,0.0,1.0,0.010040651876875304,0.010040651876875304,2.964134070536379
2009-11-02 00:00:00-05:00,53.4188117980957,17.119699478149414,-2.672270458258789,7.670344628368618,0.51,False,True,0.0,False,False,0.0,0.0,0.0070948935760610544,0.0070948935760610544,2.9712289641124396
2009-11-03 00:00:00-05:00,53.88981628417969,16.97500991821289,-2.6791439283646565,8.411321527869795,1.087,False,False,0.0,False,False,0.0,0.0,0.0074568732399935,0.0,2.9712289641124396
2009-11-04 00:00:00-05:00,53.1440544128418,17.304901123046875,-2.684818563887178,6.683534631453469,-0.174,False,False,0.0,False,False,0.0,0.0,-0.017346461348724012,-0.0,2.9712289641124396
2009-11-05 00:00:00-05:00,53.92905044555664,17.73318099975586,-2.6889709791352048,6.245041369461319,-0.474,False,False,0.0,False,True,0.0,0.0,-0.004315323877229725,-0.0,2.9712289641124396
2009-11-06 00:00:00-05:00,54.26266098022461,17.698457717895508,-2.6927897580053837,6.60443530498425,-0.166,False,False,0.0,False,False,0.0,0.0,0.003526204954808057,0.0,2.9712289641124396
2009-11-09 00:00:00-05:00,55.32241439819336,18.01099395751953,-2.6966756057867385,6.752606356978092,-0.005,False,False,0.0,False,False,0.0,0.0,0.0014261996568632183,0.0,2.9712289641124396
2009-11-10 00:00:00-05:00,55.1850471496582,18.19040298461914,-2.699387733766055,6.08209646071586,-0.502,False,False,0.0,False,True,0.0,0.0,-0.006429406165222715,-0.0,2.9712289641124396
2009-11-11 00:00:00-05:00,55.32241439819336,18.120952606201172,-2.7018577772635384,6.362177667704735,-0.232,False,False,0.0,False,False,0.0,0.0,0.0026857890929840506,0.0,2.9712289641124396
2009-11-12 00:00:00-05:00,54.812171936035156,18.005205154418945,-2.703748368233256,6.130627880069923,-0.413,False,False,0.0,False,False,0.0,0.0,-0.0022373318555177746,-0.0,2.9712289641124396
2009-11-13 00:00:00-05:00,54.91029739379883,18.155683517456055,-2.7046840698797343,5.804909406357375,-0.647,False,False,0.0,False,False,0.0,0.0,-0.003131436114839016,-0.0,2.9712289641124396
2009-11-16 00:00:00-05:00,55.34204864501953,18.358243942260742,-2.7048028347017907,5.686618389845698,-0.702,False,False,0.0,False,False,0.0,0.0,-0.001126608160031343,-0.0,2.9712289641124396
2009-11-17 00:00:00-05:00,54.83179473876953,18.30036735534668,-2.7037956479903755,5.351341126758044,-0.936,False,False,0.0,False,False,0.0,0.0,-0.0032141696530227654,-0.0,2.9712289641124396
2009-11-18 00:00:00-05:00,54.7533073425293,18.14410400390625,-2.702746449778167,5.714394661565855,-0.577,False,False,0.0,False,False,0.0,0.0,0.003497887748480919,0.0,2.9712289641124396
2009-11-19 00:00:00-05:00,54.380428314208984,17.762121200561523,-2.7028641000311167,6.371828580809648,0.135,False,False,0.0,False,False,0.0,0.0,0.006420941108436961,0.0,2.9712289641124396
2009-11-20 00:00:00-05:00,54.341163635253906,17.97047996520996,-2.70262846695667,5.77363291640296,-0.464,False,False,0.0,False,True,0.0,0.0,-0.005812877795809168,-0.0,2.9712289641124396
2009-11-23 00:00:00-05:00,54.71405029296875,18.126741409301758,-2.702098921894698,5.733801873430494,-0.466,False,False,0.0,False,False,0.0,0.0,-0.0003841198934465795,-0.0,2.9712289641124396
2009-11-24 00:00:00-05:00,54.45892333984375,18.08622932434082,-2.701153357215546,5.605244281030281,-0.586,False,False,0.0,False,False,0.0,0.0,-0.0012443553779058036,-0.0,2.9712289641124396
2009-11-25 00:00:00-05:00,54.380428314208984,18.288799285888672,-2.698887343866169,5.021019387015421,-1.283,False,False,0.0,False,False,0.0,0.0,-0.0056316349586646094,-0.0,2.9712289641124396
2009-11-27 00:00:00-05:00,53.10480499267578,17.883665084838867,-2.695586859677652,4.897832387108103,-1.361,False,False,0.0,False,False,0.0,0.0,-0.001215919835064212,-0.0,2.9712289641124396
2009-11-30 00:00:00-05:00,53.28143310546875,18.14988899230957,-2.690808996466086,4.443548520101373,-1.787,True,False,1.0,False,False,0.0,1.0,-0.004448559560318094,-0.0,2.9712289641124396
2009-12-01 00:00:00-05:00,53.4188117980957,18.33509635925293,-2.684647278256492,4.195545260656807,-1.909,False,False,1.0,False,False,0.0,1.0,-0.0024161948341872917,-0.0024161948341872917,2.9688127692782524
2009-12-02 00:00:00-05:00,53.61505889892578,18.693925857543945,-2.6764780063184923,3.581177489460849,-2.315,False,False,1.0,False,False,0.0,1.0,-0.00592739076123698,-0.00592739076123698,2.962885378517016
2009-12-03 00:00:00-05:00,53.28143310546875,18.711292266845703,-2.6667005217106774,3.3840202555903502,-2.245,False,False,1.0,False,False,0.0,1.0,-0.0019108299966431371,-0.0019108299966431371,2.9609745485203725
2009-12-04 00:00:00-05:00,53.516963958740234,18.630260467529297,-2.6570881459952664,4.014719713663908,-1.534,False,False,1.0,False,False,0.0,1.0,0.00612215400477318,0.00612215400477318,2.967096702525146
2009-12-07 00:00:00-05:00,53.04594802856445,18.71973991394043,-2.646644593771698,3.5014495885217443,-1.887,False,False,1.0,False,False,0.0,1.0,-0.005003098658891451,-0.005003098658891451,2.962093603866254
2009-12-08 00:00:00-05:00,52.59457015991211,18.672956466674805,-2.6354846483869556,3.38228005199273,-1.855,False,False,1.0,False,False,0.0,1.0,-0.001170545248281948,-0.001170545248281948,2.9609230586179724
2009-12-09 00:00:00-05:00,52.614192962646484,18.84840202331543,-2.6234727886827534,3.165923144325504,-1.88,False,False,1.0,False,False,0.0,1.0,-0.0021198480006458568,-0.0021198480006458568,2.9588032106173268
2009-12-10 00:00:00-05:00,52.16282272338867,19.175893783569336,-2.6090172347931357,2.1325853494937235,-2.39,False,False,1.0,False,False,0.0,1.0,-0.010111623958105227,-0.010111623958105227,2.9486915866592214
2009-12-11 00:00:00-05:00,52.00581741333008,19.55016326904297,-2.5915532787566145,1.3405276932146393,-2.566,False,False,1.0,False,False,0.0,1.0,-0.0077145136386775,-0.0077145136386775,2.9409770730205436
2009-12-14 00:00:00-05:00,51.59370803833008,19.585247039794922,-2.5720360205877073,1.2197471798687758,-2.334,False,False,1.0,False,False,0.0,1.0,-0.0011844981321296449,-0.0011844981321296449,2.939792574888414
2009-12-15 00:00:00-05:00,51.20118713378906,19.72560691833496,-2.550653604476658,0.887996747048291,-2.253,False,False,1.0,False,False,0.0,1.0,-0.003268014254960023,-0.003268014254960023,2.9365245606334542
2009-12-16 00:00:00-05:00,51.554443359375,19.70221710205078,-2.529689311407602,1.7139553452850862,-1.666,False,False,1.0,False,False,0.0,1.0,0.008145955493520348,0.008145955493520348,2.9446705161269744
2009-12-17 00:00:00-05:00,51.534828186035156,19.532617568969727,-2.510489369668269,2.498399417340991,-1.182,False,False,1.0,False,False,0.0,1.0,0.00779988334449286,0.00779988334449286,2.9524703994714674
2009-12-18 00:00:00-05:00,51.31895065307617,19.538467407226562,-2.4926030791753893,2.617306631455257,-1.058,False,False,1.0,False,False,0.0,1.0,0.0011888273060262733,0.0011888273060262733,2.9536592267774937
2009-12-21 00:00:00-05:00,51.63296127319336,19.678831100463867,-2.476040470981613,2.907379046833192,-0.859,False,False,1.0,False,False,0.0,1.0,0.002890360952470634,0.002890360952470634,2.956549587729964
2009-12-22 00:00:00-05:00,51.94694137573242,19.479991912841797,-2.4622879819436703,3.981591400382179,-0.24,False,False,1.0,False,False,0.0,1.0,0.01075155357787064,0.01075155357787064,2.9673011413078347
2009-12-23 00:00:00-05:00,51.986202239990234,19.415666580200195,-2.4510136271468506,4.398138871779864,0.035,False,False,1.0,False,False,0.0,1.0,0.004183284394350375,0.004183284394350375,2.9714844257021853
2009-12-24 00:00:00-05:00,52.24131774902344,19.661279678344727,-2.440958951504684,4.248941120130738,-0.018,False,False,1.0,False,False,0.0,1.0,-0.0014884989780641856,-0.0014884989780641856,2.9699959267241214
2009-12-28 00:00:00-05:00,52.598045349121094,19.75484848022461,-2.432197476087173,4.5503527350342665,0.202,False,True,0.0,False,False,0.0,0.0,0.0029947777323041038,0.0029947777323041038,2.972990704456425
2009-12-29 00:00:00-05:00,52.71696472167969,19.626195907592773,-2.425269432379301,5.118151713107203,0.597,False,False,0.0,False,False,0.0,0.0,0.005660116393651857,0.0,2.972990704456425
2009-12-30 00:00:00-05:00,52.6971549987793,19.737314224243164,-2.4191515383022515,4.949600931246536,0.522,False,False,0.0,False,False,0.0,0.0,-0.0016780453985823383,-0.0,2.972990704456425
2009-12-31 00:00:00-05:00,52.28097915649414,19.444900512695312,-2.4142422043310803,5.336279679726054,0.808,False,False,0.0,False,False,0.0,0.0,0.0038969624980715084,0.0,2.972990704456425
2010-01-04 00:00:00-05:00,53.053897857666016,19.667123794555664,-2.4106061807723704,5.644207680494773,1.031,False,False,0.0,False,False,0.0,0.0,0.003065070706631941,0.0,2.972990704456425
2010-01-05 00:00:00-05:00,52.934959411621094,19.64958381652832,-2.4077133281847205,5.624394563283069,1.026,False,False,0.0,False,False,0.0,0.0,-0.00019764590347519723,-0.0,2.972990704456425
2010-01-06 00:00:00-05:00,53.787166595458984,19.544321060180664,-2.4072655162817624,6.738796468146653,1.699,False,False,0.0,True,False,-1.0,-1.0,0.011051678218636613,0.0,2.972990704456425
2010-01-07 00:00:00-05:00,53.62860107421875,19.281156539916992,-2.4090799436038313,7.178753564418884,1.86,False,False,0.0,False,False,-1.0,-1.0,0.004396122267052078,-0.004396122267052078,2.968594582189373
2010-01-08 00:00:00-05:00,53.56916046142578,19.228527069091797,-2.4122719899125618,7.184723205380152,1.77,False,False,0.0,False,False,-1.0,-1.0,5.972412296896175e-05,-5.972412296896175e-05,2.968534858066404
2010-01-11 00:00:00-05:00,54.1042594909668,19.32209014892578,-2.416700804538046,7.408548682701209,1.832,False,False,0.0,False,False,-1.0,-1.0,0.0022204915007079276,-0.0022204915007079276,2.966314366565696
2010-01-12 00:00:00-05:00,54.242977142333984,19.199281692504883,-2.4224504474953794,7.733668614735684,1.895,False,False,0.0,False,False,-1.0,-1.0,0.0032269236362495895,-0.0032269236362495895,2.9630874429294467
2010-01-13 00:00:00-05:00,54.361900329589844,19.327943801879883,-2.4284655539393927,7.424654578248166,1.64,False,False,0.0,False,False,-1.0,-1.0,-0.0030505097865349807,0.0030505097865349807,2.9661379527159815
2010-01-14 00:00:00-05:00,54.242977142333984,19.19343376159668,-2.4347856767509817,7.511079531929674,1.6,False,False,0.0,False,False,-1.0,-1.0,0.0008559055298968254,-0.0008559055298968254,2.9652820471860846
2010-01-15 00:00:00-05:00,53.608795166015625,19.07646942138672,-2.44047629996504,7.0531236561135415,1.299,False,False,0.0,False,False,-1.0,-1.0,-0.004572039277140561,0.004572039277140561,2.9698540864632252
2010-01-19 00:00:00-05:00,54.22317123413086,19.251907348632812,-2.44594042122455,7.134152864439905,1.274,False,False,0.0,False,False,-1.0,-1.0,0.0007997972271967025,-0.0007997972271967025,2.9690542892360288
2010-01-20 00:00:00-05:00,54.83753204345703,18.84840202331543,-2.453804192814128,8.587244130799334,1.824,False,False,0.0,True,False,-1.0,-1.0,0.01437454351068467,-0.01437454351068467,2.954679745725344
2010-01-21 00:00:00-05:00,54.40153884887695,18.567678451538086,-2.463241310116249,8.664866254093027,1.716,False,False,0.0,False,False,-1.0,-1.0,0.0007751498870874541,-0.0007751498870874541,2.9539045958382566
2010-01-22 00:00:00-05:00,53.450260162353516,18.269432067871094,-2.472927096970176,8.271286555459206,1.438,False,False,0.0,False,False,-1.0,-1.0,-0.0039904973768186995,0.0039904973768186995,2.9578950932150754
2010-01-25 00:00:00-05:00,53.54935836791992,18.386388778686523,-2.482166509524157,7.911279910373466,1.206,False,False,0.0,False,False,-1.0,-1.0,-0.003629558909957718,0.003629558909957718,2.961524652125033
2010-01-26 00:00:00-05:00,53.034061431884766,18.298675537109375,-2.490353355301803,7.46389341046541,0.963,False,False,0.0,False,False,-1.0,-1.0,-0.004537193813982638,0.004537193813982638,2.9660618459390156
2010-01-27 00:00:00-05:00,52.75659942626953,18.04720687866211,-2.4982442248402807,7.6702690671541305,0.99,False,False,0.0,False,False,-1.0,-1.0,0.0021092546711489377,-0.0021092546711489377,2.9639525912678666
2010-01-28 00:00:00-05:00,51.88459014892578,17.87761116027832,-2.5049641425792397,7.101815237454154,0.71,False,False,0.0,False,False,-1.0,-1.0,-0.005880514373644181,0.005880514373644181,2.969833105641511
2010-01-29 00:00:00-05:00,51.983680725097656,17.88930892944336,-2.510915014412632,7.065146336692351,0.652,False,False,0.0,False,False,-1.0,-1.0,-0.00037841137809752545,0.00037841137809752545,2.9702115170196084
2010-02-01 00:00:00-05:00,52.32061004638672,17.912702560424805,-2.5167057436675124,7.239608627957857,0.679,False,False,0.0,False,False,-1.0,-1.0,0.001791164321018725,-0.001791164321018725,2.96842035269859
2010-02-02 00:00:00-05:00,53.430450439453125,18.064748764038086,-2.5234720842356726,7.844561224672148,0.895,False,False,0.0,False,False,-1.0,-1.0,0.006109623914868908,-0.006109623914868908,2.962310728783721
2010-02-03 00:00:00-05:00,54.342071533203125,17.86591911315918,-2.5330073732170004,9.08756669027239,1.404,False,False,0.0,False,False,-1.0,-1.0,0.012480403552286162,-0.012480403552286162,2.949830325231435
2010-02-04 00:00:00-05:00,55.94734573364258,17.333740234375,-2.5488661724668806,11.765961607916005,2.49,False,False,0.0,True,False,-1.0,-1.0,0.026749514563956044,-0.026749514563956044,2.923080810667479
2010-02-05 00:00:00-05:00,55.70954513549805,17.263565063476562,-2.567966831007896,11.377282667543511,2.177,False,False,0.0,False,False,-1.0,-1.0,-0.0038851651093025578,0.0038851651093025578,2.9269659757767816
2010-02-08 00:00:00-05:00,55.055519104003906,17.24016571044922,-2.5874923307049285,10.446722548134467,1.666,False,False,0.0,False,False,-1.0,-1.0,-0.009336943852449533,0.009336943852449533,2.936302919629231
2010-02-09 00:00:00-05:00,55.233890533447266,17.47994041442871,-2.606035241272876,9.680549798096045,1.26,False,False,0.0,False,False,-1.0,-1.0,-0.007601883099606606,0.007601883099606606,2.943904802728838
2010-02-10 00:00:00-05:00,55.11498260498047,17.503332138061523,-2.6231403454155062,9.201285894423435,0.987,False,False,0.0,False,False,-1.0,-1.0,-0.004743840134500329,0.004743840134500329,2.948648642863338
2010-02-11 00:00:00-05:00,55.154624938964844,17.854219436645508,-2.637419072711966,8.065566068371282,0.347,False,False,0.0,False,False,-1.0,-1.0,-0.011107970524297349,0.011107970524297349,2.9597566133876354
2010-02-12 00:00:00-05:00,54.996063232421875,17.64369010925293,-2.6501773246820166,8.237155781163388,0.396,False,False,0.0,False,False,-1.0,-1.0,0.0016863030045531247,-0.0016863030045531247,2.958070310383082
2010-02-16 00:00:00-05:00,55.25371551513672,17.988727569580078,-2.660538904880518,7.394005966972159,-0.147,False,False,0.0,False,False,-1.0,-1.0,-0.008176915990072286,0.008176915990072286,2.9662472263731545
2010-02-17 00:00:00-05:00,55.98699951171875,17.97702407836914,-2.670425551215531,7.980695078024965,0.156,False,False,0.0,False,False,-1.0,-1.0,0.005641604687939973,-0.005641604687939973,2.9606056216852146
2010-02-18 00:00:00-05:00,55.84828186035156,18.041358947753906,-2.6791801311650567,7.512231428312383,-0.199,False,False,0.0,False,False,-1.0,-1.0,-0.004496488477728596,0.004496488477728596,2.965102110162943
2010-02-19 00:00:00-05:00,56.87881851196289,18.234346389770508,-2.6878756178715957,7.867163443073785,-0.019,False,False,0.0,False,False,-1.0,-1.0,0.0033518786228715516,-0.0033518786228715516,2.961750231540072
2010-02-22 00:00:00-05:00,57.39409637451172,17.87761116027832,-2.6987812646639693,9.1463343182051,0.85,False,True,0.0,False,False,-1.0,-1.0,0.012108560888002592,-0.012108560888002592,2.949641670652069
2010-02-23 00:00:00-05:00,57.988651275634766,17.63783836364746,-2.7128104924406515,10.14053829875968,1.514,False,False,0.0,True,False,-1.0,-1.0,0.009393748831762905,-0.009393748831762905,2.9402479218203066
2010-02-24 00:00:00-05:00,58.24629211425781,17.64369010925293,-2.728729617311806,10.101432354467967,1.423,False,False,0.0,False,False,-1.0,-1.0,-0.00036756763699681105,0.00036756763699681105,2.9406154894573033
2010-02-25 00:00:00-05:00,58.30572509765625,17.49748992919922,-2.746085054302717,10.256129515269969,1.446,False,False,0.0,False,False,-1.0,-1.0,0.001454531468786501,-0.001454531468786501,2.9391609579885163
2010-02-26 00:00:00-05:00,59.019203186035156,17.380523681640625,-2.7655636526293597,10.952258628426023,1.82,False,False,0.0,True,False,-1.0,-1.0,0.0065006457681392365,-0.0065006457681392365,2.9326603122203774
2010-03-01 00:00:00-05:00,59.79212188720703,17.80158805847168,-2.785177012227723,10.211548045604168,1.198,False,False,0.0,False,False,-1.0,-1.0,-0.006772353720332998,0.006772353720332998,2.9394326659407106
2010-03-02 00:00:00-05:00,60.089420318603516,17.912702560424805,-2.8042577579989922,9.857585196803846,0.885,False,False,0.0,False,False,-1.0,-1.0,-0.0032084737196590054,0.0032084737196590054,2.9426411396603696
2010-03-03 00:00:00-05:00,59.83179473876953,17.87761116027832,-2.82212379724419,9.378962845469765,0.502,False,False,0.0,False,False,-1.0,-1.0,-0.004339882773787299,0.004339882773787299,2.946981022434157
2010-03-04 00:00:00-05:00,60.36684036254883,18.070602416992188,-2.8387040414860265,9.069748249345949,0.243,False,False,0.0,False,False,-1.0,-1.0,-0.0027691537389744284,0.0027691537389744284,2.949750176173131
2010-03-05 00:00:00-05:00,60.723594665527344,18.246044158935547,-2.8537420655768004,8.654090918801103,-0.092,False,False,0.0,False,False,-1.0,-1.0,-0.0036851308847429447,0.0036851308847429447,2.953435307057874
2010-03-08 00:00:00-05:00,60.961429595947266,18.15911865234375,-2.8681791745542644,8.877823649035022,0.037,False,False,0.0,False,False,-1.0,-1.0,0.0019791468874287214,-0.0019791468874287214,2.951456160170445
2010-03-09 00:00:00-05:00,61.95233154296875,18.06450653076172,-2.8839786673446044,9.854680072144667,0.744,False,True,0.0,False,False,-1.0,-1.0,0.008565160619020058,-0.008565160619020058,2.9428909995514254
2010-03-10 00:00:00-05:00,61.85326385498047,18.06450653076172,-2.899928832026386,9.467480530095614,0.418,False,False,0.0,False,False,-1.0,-1.0,-0.0033893800027885524,0.0033893800027885524,2.946280379554214
2010-03-11 00:00:00-05:00,62.03165054321289,18.135465621948242,-2.9154264879827503,9.159033697084425,0.164,False,False,0.0,False,False,-1.0,-1.0,-0.0026843810070695494,0.0026843810070695494,2.9489647605612834
2010-03-12 00:00:00-05:00,62.28925323486328,18.076330184936523,-2.9308937354429223,9.30945033603502,0.259,False,True,0.0,False,False,-1.0,-1.0,0.001304917763672316,-0.001304917763672316,2.947659842797611
2010-03-15 00:00:00-04:00,62.34870147705078,18.241901397705078,-2.9451314060224734,8.6239047651043,-0.301,False,False,0.0,False,True,0.0,0.0,-0.005906133455325674,0.005906133455325674,2.953565976252937
2010-03-16 00:00:00-04:00,62.90363693237305,18.407466888427734,-2.958297003489229,8.448882794510084,-0.473,False,False,0.0,False,False,0.0,0.0,-0.001491346029867345,-0.0,2.953565976252937
2010-03-17 00:00:00-04:00,63.101810455322266,18.30694580078125,-2.971228086827716,8.707698908008304,-0.293,False,False,0.0,False,False,0.0,0.0,0.0022027667776624033,0.0,2.953565976252937
2010-03-18 00:00:00-04:00,63.081993103027344,18.324682235717773,-2.983471632513627,8.41082347793698,-0.592,False,False,0.0,False,False,0.0,0.0,-0.0025211673571501865,-0.0,2.953565976252937
2010-03-19 00:00:00-04:00,62.15055465698242,18.283294677734375,-2.993483284737675,7.4198176492512715,-1.475,False,False,0.0,False,False,0.0,0.0,-0.00847873782511331,-0.0,2.953565976252937
2010-03-22 00:00:00-04:00,62.64598083496094,18.088163375854492,-3.003691791653614,8.314712976817276,-0.747,False,False,0.0,False,False,0.0,0.0,0.007650165631043393,0.0,2.953565976252937
2010-03-23 00:00:00-04:00,63.260337829589844,18.052682876586914,-3.0149512659761806,8.832378736557608,-0.312,False,False,0.0,False,False,0.0,0.0,0.0043986171376129935,0.0,2.953565976252937
2010-03-24 00:00:00-04:00,62.48743438720703,17.79250717163086,-3.0264834209880522,8.638706414455214,-0.477,False,False,0.0,False,False,0.0,0.0,-0.0016647645768402364,-0.0,2.953565976252937
2010-03-25 00:00:00-04:00,63.18108367919922,17.35494041442871,-3.0412623481146794,10.40015684302341,1.267,False,True,0.0,False,False,0.0,0.0,0.015189892109835842,0.0,2.953565976252937
2010-03-26 00:00:00-04:00,63.101810455322266,17.21302604675293,-3.0581562324937566,10.461687570367424,1.427,False,False,0.0,False,False,0.0,0.0,0.0005316200064078388,0.0,2.953565976252937
2010-03-29 00:00:00-04:00,63.88109588623047,17.43772315979004,-3.0760546155101105,10.24170707657077,1.215,False,False,0.0,False,False,0.0,0.0,-0.001871848081344305,-0.0,2.953565976252937
2010-03-30 00:00:00-04:00,63.6213493347168,17.414064407348633,-3.0937134075423978,9.74722479789547,0.692,False,False,0.0,False,False,0.0,0.0,-0.004208521931797424,-0.0,2.953565976252937
2010-03-31 00:00:00-04:00,62.522335052490234,17.455459594726562,-3.108605706109954,8.260193753551498,-0.828,False,False,0.0,False,True,0.0,0.0,-0.012733122507388601,-0.0,2.953565976252937
2010-04-01 00:00:00-04:00,62.602272033691406,17.81024742126465,-3.1196462167492602,7.040601046574878,-1.966,True,False,1.0,False,False,0.0,1.0,-0.010321191691799394,-0.0,2.953565976252937
2010-04-05 00:00:00-04:00,63.06184387207031,18.224166870117188,-3.126559102591105,6.082909057166177,-2.566,False,False,1.0,False,False,0.0,1.0,-0.007978055456521459,-0.007978055456521459,2.9455879207964157
2010-04-06 00:00:00-04:00,63.1817512512207,18.389732360839844,-3.130008137800439,5.621739309819908,-2.667,False,False,1.0,False,False,0.0,1.0,-0.00381947169854192,-0.00381947169854192,2.9417684490978733
2010-04-07 00:00:00-04:00,63.6213493347168,18.14137840270996,-3.133344191509952,6.778166690601452,-1.643,False,False,1.0,False,False,0.0,1.0,0.009599733313908112,0.009599733313908112,2.9513681824117817
2010-04-08 00:00:00-04:00,63.78114700317383,18.02311897277832,-3.1374280909670316,7.234907251138253,-1.269,False,False,1.0,False,False,0.0,1.0,0.0037958155067888315,0.0037958155067888315,2.9551639979185707
2010-04-09 00:00:00-04:00,63.94102096557617,18.147293090820312,-3.1414396506494384,6.932394898116641,-1.447,False,False,1.0,False,False,0.0,1.0,-0.0025011429172586593,-0.0025011429172586593,2.9526628550013116
2010-04-12 00:00:00-04:00,63.980987548828125,18.34833526611328,-3.1442484429561017,6.289262957514907,-1.778,True,False,1.0,False,False,0.0,1.0,-0.0052857533072903085,-0.0052857533072903085,2.9473771016940216
2010-04-13 00:00:00-04:00,64.0209732055664,18.241901397705078,-3.1468866998106133,6.615776317871656,-1.442,False,False,1.0,False,False,0.0,1.0,0.002688986732480907,0.002688986732480907,2.950066088426502
2010-04-14 00:00:00-04:00,64.84021759033203,18.460689544677734,-3.14957091015868,6.696966818944546,-1.3,False,False,1.0,False,False,0.0,1.0,0.0006601741043283266,0.0006601741043283266,2.950726262530831
2010-04-15 00:00:00-04:00,64.7003173828125,18.1532039642334,-3.1536352496090445,7.451733467863413,-0.724,False,False,1.0,False,False,0.0,1.0,0.006189204173934785,0.006189204173934785,2.956915466704766
2010-04-16 00:00:00-04:00,64.64039611816406,17.88711929321289,-3.159747539769743,8.121614937866724,-0.199,False,False,1.0,False,False,0.0,1.0,0.005528937096965728,0.005528937096965728,2.9624444038017312
2010-04-19 00:00:00-04:00,64.0209732055664,17.893033981323242,-3.1657957348680927,7.375282543643436,-0.71,False,False,1.0,False,True,0.0,1.0,-0.006185075233727152,-0.006185075233727152,2.956259328568004
2010-04-20 00:00:00-04:00,65.93919372558594,18.2064208984375,-3.1732509447096646,8.16565140983736,-0.07,False,False,1.0,False,False,0.0,1.0,0.00638874291754284,0.00638874291754284,2.962648071485547
2010-04-21 00:00:00-04:00,66.71846771240234,18.230079650878906,-3.182548373487738,8.700357370945774,0.366,False,True,0.0,False,False,0.0,0.0,0.004286681336388263,0.004286681336388263,2.9669347528219356
2010-04-22 00:00:00-04:00,66.39876556396484,18.371992111206055,-3.1913284840616547,7.767703830516943,-0.34,False,False,0.0,False,True,0.0,0.0,-0.0074594483619520304,-0.0,2.9669347528219356
2010-04-23 00:00:00-04:00,66.81838989257812,18.65582275390625,-3.1986755235990496,7.14446627705599,-0.793,False,False,0.0,False,False,0.0,0.0,-0.004927078461736274,-0.0,2.9669347528219356
2010-04-26 00:00:00-04:00,66.59858703613281,18.561206817626953,-3.205039174356264,7.109192062309866,-0.776,False,False,0.0,False,False,0.0,0.0,-0.0002797587381748963,-0.0,2.9669347528219356
2010-04-27 00:00:00-04:00,65.9791488647461,18.371992111206055,-3.210563597584336,6.994699777401344,-0.816,False,False,0.0,False,False,0.0,0.0,-0.0009162050932017541,-0.0,2.9669347528219356
2010-04-28 00:00:00-04:00,66.33881378173828,18.60260009765625,-3.2147497251282413,6.536110231127253,-1.115,False,False,0.0,False,False,0.0,0.0,-0.0036355163309620686,-0.0,2.9669347528219356
2010-04-29 00:00:00-04:00,69.61581420898438,18.82729721069336,-3.2224778956883586,8.945265111969931,0.82,False,True,0.0,False,False,0.0,0.0,0.018491228243007935,0.0,2.9669347528219356
2010-04-30 00:00:00-04:00,68.83653259277344,18.998783111572266,-3.229751670096917,7.475181108363813,-0.323,False,False,0.0,False,True,0.0,0.0,-0.011291151265827273,-0.0,2.9669347528219356
2010-05-03 00:00:00-04:00,69.63580322265625,19.37722396850586,-3.235773171065173,6.935501775643964,-0.722,False,False,0.0,False,False,0.0,0.0,-0.0040780959517206046,-0.0,2.9669347528219356
2010-05-04 00:00:00-04:00,67.6776123046875,19.010608673095703,-3.2394409062237712,6.093868916848869,-1.321,False,False,0.0,False,False,0.0,0.0,-0.006511094164887808,-0.0,2.9669347528219356
2010-05-05 00:00:00-04:00,66.17898559570312,18.856863021850586,-3.2398216659047168,5.0861122265141105,-1.934,True,False,1.0,False,False,0.0,1.0,-0.007918142302083823,-0.0,2.9669347528219356
2010-05-06 00:00:00-04:00,65.09996032714844,18.330596923828125,-3.2393330638295716,5.721051632059357,-1.36,False,False,1.0,False,False,0.0,1.0,0.005100780642791812,0.005100780642791812,2.9720355334647275
2010-05-07 00:00:00-04:00,63.5614013671875,18.1532039642334,-3.2366785300898115,4.805315843812004,-1.868,True,False,1.0,False,False,0.0,1.0,-0.007486548420232495,-0.007486548420232495,2.9645489850444946
2010-05-10 00:00:00-04:00,65.83927917480469,18.578950881958008,-3.234361797869399,5.748230197707734,-1.141,False,False,1.0,False,False,0.0,1.0,0.007487587523462606,0.007487587523462606,2.9720365725679576
2010-05-11 00:00:00-04:00,65.7393798828125,18.61442756652832,-3.2319511063967177,5.578460114229735,-1.183,False,False,1.0,False,False,0.0,1.0,-0.0013484486053494307,-0.0013484486053494307,2.970688123962608
2010-05-12 00:00:00-04:00,66.1390151977539,19.010608673095703,-3.2280212204747354,4.772366986859922,-1.607,True,False,1.0,False,False,0.0,1.0,-0.006322018221154096,-0.006322018221154096,2.964366105741454
2010-05-13 00:00:00-04:00,65.77932739257812,18.981037139892578,-3.2228530834892735,4.606233318450911,-1.654,False,False,1.0,False,False,0.0,1.0,-0.0013086293785469904,-0.0013086293785469904,2.963057476362907
2010-05-14 00:00:00-04:00,64.22079467773438,18.8095645904541,-3.2153775330739367,3.7409432866851944,-2.142,False,False,1.0,False,False,0.0,1.0,-0.006938937840694364,-0.006938937840694364,2.9561185385222126
2010-05-17 00:00:00-04:00,64.0009765625,18.845041275024414,-3.2061889525831435,3.580213415543369,-2.154,False,False,1.0,False,False,0.0,1.0,-0.0012918150117266767,-0.0012918150117266767,2.954826723510486
2010-05-18 00:00:00-04:00,61.90291976928711,18.667648315429688,-3.1936458846952545,2.285061549776792,-2.757,False,False,1.0,False,False,0.0,1.0,-0.01065786351273996,-0.01065786351273996,2.9441688599977462
2010-05-19 00:00:00-04:00,62.582298278808594,18.584861755371094,-3.1811554014237506,3.4609649209961546,-1.822,False,False,1.0,False,False,0.0,1.0,0.009662023683322278,0.009662023683322278,2.9538308836810683
2010-05-20 00:00:00-04:00,60.44425582885742,18.029033660888672,-3.1685214984138685,3.318875078704373,-1.759,False,False,1.0,False,False,0.0,1.0,-0.0012085589989579728,-0.0012085589989579728,2.9526223246821104
2010-05-21 00:00:00-04:00,61.08369445800781,17.893033981323242,-3.1580202095247665,4.577131535275619,-0.942,False,False,1.0,False,False,0.0,1.0,0.010700346139197537,0.010700346139197537,2.9633226708213076
2010-05-24 00:00:00-04:00,60.16450500488281,17.816158294677734,-3.1479448979189706,4.080220400635291,-1.191,False,False,1.0,False,False,0.0,1.0,-0.004274548890453996,-0.004274548890453996,2.959048121930854
2010-05-25 00:00:00-04:00,59.305328369140625,17.76885223388672,-3.1372105924721976,3.5606969249179414,-1.403,False,False,1.0,False,False,0.0,1.0,-0.004515633700004176,-0.004515633700004176,2.95453248823085
2010-05-26 00:00:00-04:00,59.52509689331055,17.674243927001953,-3.127283598287579,4.252723748263492,-0.946,False,False,1.0,False,False,0.0,1.0,0.006028241067632599,0.006028241067632599,2.960560729298482
2010-05-27 00:00:00-04:00,61.44334411621094,18.094072341918945,-3.1191265671525197,5.005642366551946,-0.481,False,False,1.0,False,False,0.0,1.0,0.006387105007069222,0.006387105007069222,2.9669478343055515
2010-05-28 00:00:00-04:00,61.1835823059082,18.11181640625,-3.1117582224894482,4.823988679540477,-0.559,False,False,1.0,False,False,0.0,1.0,-0.0015454209533706242,-0.0015454209533706242,2.965402413352181
2010-06-01 00:00:00-04:00,60.843910217285156,17.90485191345215,-3.105633967226458,5.23799393670852,-0.299,False,False,1.0,False,False,0.0,1.0,0.0035552243366858485,0.0035552243366858485,2.9689576376888667
2010-06-02 00:00:00-04:00,60.64405822753906,18.401559829711914,-3.0974117001977324,3.6468515091007916,-1.144,False,False,1.0,False,False,0.0,1.0,-0.013525376731867048,-0.013525376731867048,2.955432260957
2010-06-03 00:00:00-04:00,62.62223815917969,18.620342254638672,-3.0904192700596673,5.077573640338066,-0.299,False,False,1.0,False,False,0.0,1.0,0.011906124726130233,0.011906124726130233,2.96733838568313
2010-06-04 00:00:00-04:00,61.1835823059082,18.135465621948242,-3.0845421995896904,5.243973285800756,-0.16,False,False,1.0,False,False,0.0,1.0,0.0014207232878372625,0.0014207232878372625,2.9687591089709673
2010-06-07 00:00:00-04:00,60.7839241027832,18.42429542541504,-3.0772622293063097,4.08753568857248,-0.797,False,False,1.0,False,True,0.0,1.0,-0.0098436714412127,-0.0098436714412127,2.958915437529755
2010-06-08 00:00:00-04:00,61.583229064941406,18.884756088256836,-3.068258565109154,3.639914447150133,-1.013,False,False,1.0,False,False,0.0,1.0,-0.0037449526074350304,-0.0037449526074350304,2.9551704849223195
2010-06-09 00:00:00-04:00,61.80301284790039,19.052196502685547,-3.0579923900044843,3.541540929817941,-1.039,False,False,1.0,False,False,0.0,1.0,-0.0008193390203933427,-0.0008193390203933427,2.954351145901926
2010-06-10 00:00:00-04:00,63.501426696777344,19.279438018798828,-3.049066953750337,4.717129346779963,-0.223,False,False,1.0,False,False,0.0,1.0,0.009613455913401264,0.009613455913401264,2.963964601815327
2010-06-11 00:00:00-04:00,63.42155456542969,19.201696395874023,-3.0415540451989522,5.018557217876911,0.028,False,False,1.0,False,False,0.0,1.0,0.002474278512530491,0.002474278512530491,2.966438880327858
2010-06-14 00:00:00-04:00,62.702178955078125,19.327274322509766,-3.033204743575845,4.078598799649882,-0.593,False,False,1.0,False,True,0.0,1.0,-0.007747393670711695,-0.007747393670711695,2.958691486657146
2010-06-15 00:00:00-04:00,63.541412353515625,19.805667877197266,-3.023534422848139,3.658293759312066,-0.851,False,False,1.0,False,False,0.0,1.0,-0.003405360645169077,-0.003405360645169077,2.955286126011977
2010-06-16 00:00:00-04:00,64.44058227539062,19.853519439697266,-3.014768898183775,4.5868093491043425,-0.114,False,False,1.0,False,False,0.0,1.0,0.007470295720877189,0.007470295720877189,2.962756421732854
2010-06-17 00:00:00-04:00,64.18079376220703,20.11663246154785,-3.0049867834842097,3.7305790870463156,-0.794,False,False,1.0,False,True,0.0,1.0,-0.006870122233571737,-0.006870122233571737,2.9558862994992827
2010-06-18 00:00:00-04:00,64.30069732666016,20.10466766357422,-2.9952533749236907,4.082123655620286,-0.423,False,False,1.0,False,False,0.0,1.0,0.002823214155987662,0.002823214155987662,2.95870951365527
2010-06-21 00:00:00-04:00,64.68035888671875,19.781755447387695,-2.988312595522654,5.56628992174123,1.304,False,True,0.0,False,False,0.0,0.0,0.011988958565234869,0.011988958565234869,2.970698472220505
2010-06-22 00:00:00-04:00,64.14086151123047,19.24953269958496,-2.985110361820175,6.678881989503118,2.463,False,False,0.0,True,False,-1.0,-1.0,0.00914939205622954,0.0,2.970698472220505
2010-06-23 00:00:00-04:00,63.04185104370117,18.962495803833008,-2.9837709764552147,6.462106423070445,2.046,False,False,0.0,False,False,-1.0,-1.0,-0.001812177518856742,0.001812177518856742,2.9725106497393616
2010-06-24 00:00:00-04:00,62.542320251464844,19.028274536132812,-2.98235987832187,5.793157721208651,1.342,False,False,0.0,False,False,-1.0,-1.0,-0.005607682009333666,0.005607682009333666,2.9781183317486954
2010-06-25 00:00:00-04:00,62.12273025512695,19.375118255615234,-2.9784375059427655,4.415151360526167,-0.078,False,False,0.0,False,False,-1.0,-1.0,-0.011499647880910227,0.011499647880910227,2.9896179796296054
2010-06-28 00:00:00-04:00,62.505577087402344,19.393056869506836,-2.973731356795881,4.835835770424097,0.398,False,True,0.0,False,False,-1.0,-1.0,0.0035005891016852567,-0.0035005891016852567,2.9861173905279204
2010-06-29 00:00:00-04:00,61.074893951416016,18.902698516845703,-2.9687918426020734,4.956716791438183,0.556,False,False,0.0,False,False,-1.0,-1.0,0.0010314690097948374,-0.0010314690097948374,2.9850859215181256
2010-06-30 00:00:00-04:00,60.55097961425781,18.735260009765625,-2.9638324156802884,5.022808681115855,0.617,False,False,0.0,False,False,-1.0,-1.0,0.0005693691706563973,-0.0005693691706563973,2.9845165523474693
2010-07-01 00:00:00-04:00,60.77267074584961,18.62761878967285,-2.9599429478032033,5.63598187499101,1.219,False,False,0.0,False,False,-1.0,-1.0,0.005290109408789862,-0.005290109408789862,2.979226442938679
2010-07-02 00:00:00-04:00,60.9137077331543,18.765153884887695,-2.9563457481634763,5.437424831933221,0.952,False,False,0.0,False,False,-1.0,-1.0,-0.0017059632187919971,0.0017059632187919971,2.9809324061574713
2010-07-06 00:00:00-04:00,61.518226623535156,18.962495803833008,-2.953066163690547,5.520721886111922,0.98,False,False,0.0,False,False,-1.0,-1.0,0.0007088162002995789,-0.0007088162002995789,2.9802235899571716
2010-07-07 00:00:00-04:00,62.26377487182617,19.56648063659668,-2.9482781962507163,4.576346633586347,-0.094,False,False,0.0,False,False,-1.0,-1.0,-0.007872995251736039,0.007872995251736039,2.9880965852089076
2010-07-08 00:00:00-04:00,62.6063232421875,19.829587936401367,-2.9419947659090426,4.267779323161584,-0.494,False,False,0.0,False,True,0.0,0.0,-0.002551305546629429,0.002551305546629429,2.990647890755537
2010-07-09 00:00:00-04:00,63.47275161743164,19.937236785888672,-2.9359984931099232,4.93705445728677,0.261,False,True,0.0,False,False,0.0,0.0,0.005485481873024107,0.0,2.990647890755537
2010-07-12 00:00:00-04:00,63.47275161743164,20.003015518188477,-2.9300523839270363,4.862868312633992,0.158,False,False,0.0,False,False,0.0,0.0,-0.0006076715554184826,-0.0,2.990647890755537
2010-07-13 00:00:00-04:00,64.6817855834961,20.01496696472168,-2.9263971432077933,6.110043436536209,1.592,False,True,0.0,True,False,-1.0,-1.0,0.010118778317077245,0.0,2.990647890755537
2010-07-14 00:00:00-04:00,64.3795394897461,20.04486846923828,-2.923541720519896,5.777530237594199,1.128,False,False,0.0,False,False,-1.0,-1.0,-0.0027037649333873422,0.0027037649333873422,2.9933516556889246
2010-07-15 00:00:00-04:00,64.07727813720703,20.17642593383789,-2.920060219473962,5.1608993966442185,0.338,False,False,0.0,False,False,-1.0,-1.0,-0.0050135174171037425,0.0050135174171037425,2.9983651731060283
2010-07-16 00:00:00-04:00,63.21080780029297,19.71597671508789,-2.917181912235621,5.695717144979895,0.962,False,False,0.0,False,False,-1.0,-1.0,0.004430016717020684,-0.004430016717020684,2.993935156389008
2010-07-19 00:00:00-04:00,63.73469924926758,19.91331672668457,-2.914657921286382,5.694192912751788,0.917,False,False,0.0,False,False,-1.0,-1.0,-1.2516769902171052e-05,1.2516769902171052e-05,2.99394767315891
2010-07-20 00:00:00-04:00,64.07727813720703,20.02095603942871,-2.9124774066907837,5.766696012021512,0.973,False,False,0.0,False,False,-1.0,-1.0,0.0005924043374423061,-0.0005924043374423061,2.9933552688214675
2010-07-21 00:00:00-04:00,63.97652816772461,19.73391342163086,-2.911846683598633,6.514397816526241,1.744,False,False,0.0,True,False,-1.0,-1.0,0.006157032806717141,-0.006157032806717141,2.98719823601475
2010-07-22 00:00:00-04:00,64.6817855834961,20.146541595458984,-2.911283327208811,6.029494935717558,1.117,False,False,0.0,False,False,-1.0,-1.0,-0.0039316212974214735,0.0039316212974214735,2.991129857312172
2010-07-23 00:00:00-04:00,64.66162872314453,20.194372177124023,-2.910504418290731,5.885819277017653,0.918,False,False,0.0,False,False,-1.0,-1.0,-0.0011639552864251843,0.0011639552864251843,2.992293812598597
2010-07-26 00:00:00-04:00,64.5810317993164,20.3618106842041,-2.908645157102754,5.355749762863034,0.276,False,False,0.0,False,False,-1.0,-1.0,-0.004281441694950717,0.004281441694950717,2.996575254293548
2010-07-27 00:00:00-04:00,64.5810317993164,20.798351287841797,-2.9040135182763196,4.182338501564125,-1.137,False,False,0.0,False,True,0.0,0.0,-0.009388812948560653,0.009388812948560653,3.0059640672421084
2010-07-28 00:00:00-04:00,64.39966583251953,20.56513214111328,-2.8988100860108776,4.7852533617138775,-0.487,False,False,0.0,False,False,0.0,0.0,0.00486166464645318,0.0,3.0059640672421084
2010-07-29 00:00:00-04:00,60.89358139038086,20.22426986694336,-2.8891401555624032,2.4628312008640947,-2.887,True,False,1.0,False,False,0.0,1.0,-0.01946310639330694,-0.0,3.0059640672421084
2010-07-30 00:00:00-04:00,61.659263610839844,19.674108505249023,-2.8813188700975814,4.971883522318514,-0.143,False,False,1.0,False,False,0.0,1.0,0.0212008743385087,0.0212008743385087,3.027164941580617
2010-08-02 00:00:00-04:00,63.009300231933594,19.91929817199707,-2.8758960990832034,5.723468322612035,0.634,False,True,0.0,False,False,0.0,0.0,0.006247840514535383,0.006247840514535383,3.0334127820951524
2010-08-03 00:00:00-04:00,62.36451721191406,19.775774002075195,-2.871655871888074,5.575299677723315,0.425,False,False,0.0,False,False,0.0,0.0,-0.0012435081888489774,-0.0,3.0334127820951524
2010-08-04 00:00:00-04:00,61.921207427978516,19.674108505249023,-2.8679868232776324,5.496123475189918,0.304,False,False,0.0,False,False,0.0,0.0,-0.000669021408357067,-0.0,3.0334127820951524
2010-08-05 00:00:00-04:00,61.6995735168457,19.375118255615234,-2.86585509351774,6.173292176482235,1.042,False,False,0.0,False,False,0.0,0.0,0.005776615594888725,0.0,3.0334127820951524
2010-08-06 00:00:00-04:00,62.26377487182617,19.578433990478516,-2.864647329764723,6.178466220027005,0.993,False,False,0.0,False,False,0.0,0.0,4.371849270583441e-05,0.0,3.0334127820951524
2010-08-09 00:00:00-04:00,62.82795333862305,19.53657341003418,-2.865177883233375,6.852195290027879,1.693,False,False,0.0,True,False,-1.0,-1.0,0.005670942954004036,0.0,3.0334127820951524
2010-08-10 00:00:00-04:00,62.04209518432617,19.44687271118164,-2.8658075012943924,6.3111014919046085,1.091,False,False,0.0,False,False,-1.0,-1.0,-0.004594375534206612,0.004594375534206612,3.0380071576293592
2010-08-11 00:00:00-04:00,60.85326385498047,18.980430603027344,-2.8667214820274665,6.441655707150446,1.248,False,False,0.0,False,False,-1.0,-1.0,0.0011326452975426366,-0.0011326452975426366,3.0368745123318166
2010-08-12 00:00:00-04:00,60.34950637817383,18.872793197631836,-2.8674432666089875,6.232842601520517,0.972,False,False,0.0,False,False,-1.0,-1.0,-0.0018242342287462573,0.0018242342287462573,3.038698746560563
2010-08-13 00:00:00-04:00,60.289058685302734,18.962495803833008,-2.8674964762609845,5.9141687866978785,0.555,False,False,0.0,False,False,-1.0,-1.0,-0.0027791979847043417,0.0027791979847043417,3.0414779445452673
2010-08-16 00:00:00-04:00,60.34950637817383,18.860837936401367,-2.8677488421758466,6.261360223592526,0.916,False,False,0.0,False,False,-1.0,-1.0,0.0030338916362800403,-0.0030338916362800403,3.038444052908987
2010-08-17 00:00:00-04:00,61.034629821777344,19.189735412597656,-2.8676751668916673,6.004702119849419,0.574,False,False,0.0,False,False,-1.0,-1.0,-0.0022113391824260045,0.0022113391824260045,3.0406553920914132
2010-08-18 00:00:00-04:00,61.457763671875,19.243553161621094,-2.8678667723326936,6.269816978044112,0.842,False,False,0.0,False,False,-1.0,-1.0,0.0022728213267638265,-0.0022728213267638265,3.0383825707646492
2010-08-19 00:00:00-04:00,60.49058532714844,18.932594299316406,-2.8680801323444824,6.190387763540642,0.722,False,False,0.0,False,False,-1.0,-1.0,-0.0006919476677762645,0.0006919476677762645,3.0390745184324257
2010-08-20 00:00:00-04:00,60.3092155456543,18.97445297241211,-2.8677886495116924,5.894494680677454,0.357,False,False,0.0,False,False,-1.0,-1.0,-0.002579174774862138,0.002579174774862138,3.0416536932072877
2010-08-23 00:00:00-04:00,60.2487678527832,19.255516052246094,-2.865733194822225,5.067596318429366,-0.596,False,False,0.0,False,True,0.0,0.0,-0.007163638538133314,0.007163638538133314,3.048817331745421
2010-08-24 00:00:00-04:00,59.08005905151367,19.213661193847656,-2.860914719551646,4.111412925556664,-1.659,True,False,1.0,False,False,0.0,1.0,-0.008383991658518086,-0.0,3.048817331745421
2010-08-25 00:00:00-04:00,58.89869689941406,18.986417770385742,-2.8554330174229494,4.684252715268798,-1.038,False,False,1.0,False,False,0.0,1.0,0.005064308039054135,0.005064308039054135,3.0538816397844752
2010-08-26 00:00:00-04:00,58.69719696044922,18.77113914489746,-2.850447635576407,5.191047767800512,-0.459,False,False,1.0,False,False,0.0,1.0,0.004516755247568184,0.004516755247568184,3.0583983950320435
2010-08-27 00:00:00-04:00,59.22110366821289,19.177776336669922,-2.844807753920866,4.6640168426941955,-1.062,False,False,1.0,False,False,0.0,1.0,-0.0046320909378089695,-0.0046320909378089695,3.0537663040942347
2010-08-30 00:00:00-04:00,58.838226318359375,18.932594299316406,-2.839515656066731,5.078828395490696,-0.545,False,False,1.0,False,False,0.0,1.0,0.003684016919467254,0.003684016919467254,3.057450321013702
2010-08-31 00:00:00-04:00,58.51584243774414,19.111995697021484,-2.83316827458398,4.368342564957331,-1.29,False,False,1.0,False,False,0.0,1.0,-0.0063062733269094035,-0.0063062733269094035,3.0511440476867926
2010-09-01 00:00:00-04:00,60.08755111694336,19.63225746154785,-2.8265396424551157,4.596197130993119,-0.999,False,False,1.0,False,False,0.0,1.0,0.0019714200081142946,0.0019714200081142946,3.053115467694907
2010-09-02 00:00:00-04:00,60.83311462402344,19.50667381286621,-2.821879807570751,5.787625678627123,0.331,False,True,0.0,False,False,0.0,0.0,0.010281695765519398,0.010281695765519398,3.0633971634604262
2010-09-03 00:00:00-04:00,61.417457580566406,19.692054748535156,-2.8186439085135917,5.912567417491637,0.462,False,False,0.0,False,False,0.0,0.0,0.001068587325482516,0.0,3.0633971634604262
2010-09-07 00:00:00-04:00,61.397315979003906,19.627397537231445,-2.8166447731657285,6.113909294915061,0.672,False,False,0.0,False,False,0.0,0.0,0.0017255796229920875,0.0,3.0633971634604262
2010-09-08 00:00:00-04:00,61.49803924560547,19.409847259521484,-2.816674027245667,6.826826596905818,1.433,False,False,0.0,False,False,0.0,0.0,0.006136884677878395,0.0,3.0633971634604262
2010-09-09 00:00:00-04:00,61.82047653198242,19.554880142211914,-2.8177448348981278,6.719814014212837,1.267,False,False,0.0,False,False,0.0,0.0,-0.0009152543634341891,-0.0,3.0633971634604262
2010-09-10 00:00:00-04:00,62.44509506225586,19.28899383544922,-2.8217478476933717,8.01641822290631,2.359,False,False,0.0,True,False,-1.0,-1.0,0.011094056327582792,0.0,3.0633971634604262
2010-09-13 00:00:00-04:00,62.989158630371094,19.337337493896484,-2.8280392028579477,8.302410118736972,2.33,False,False,0.0,False,False,-1.0,-1.0,0.002430335170355151,-0.002430335170355151,3.0609668282900713
2010-09-14 00:00:00-04:00,62.9286994934082,19.2950382232666,-2.835564877828954,8.216366791146243,2.059,False,False,0.0,False,False,-1.0,-1.0,-0.0007314057517585825,0.0007314057517585825,3.0616982340418297
2010-09-15 00:00:00-04:00,62.868263244628906,19.00497055053711,-2.8448492610774405,8.801986817134896,2.277,False,False,0.0,False,False,-1.0,-1.0,0.005008101349957807,-0.005008101349957807,3.056690132691872
2010-09-16 00:00:00-04:00,62.84811782836914,19.089574813842773,-2.854433359960245,8.358198652279448,1.923,False,False,0.0,False,False,-1.0,-1.0,-0.0037821338773426395,0.0037821338773426395,3.0604722665692146
2010-09-17 00:00:00-04:00,62.727210998535156,19.252735137939453,-2.8628954804365407,7.608642586086518,1.209,False,False,0.0,False,False,-1.0,-1.0,-0.0063604829119834234,0.0063604829119834234,3.0668327494811978
2010-09-20 00:00:00-04:00,62.948875427246094,19.494449615478516,-2.8696237091079655,7.007140614658283,0.667,False,False,0.0,False,False,-1.0,-1.0,-0.005059289124808473,0.005059289124808473,3.0718920386060065
2010-09-21 00:00:00-04:00,62.485435485839844,19.603225708007812,-2.8737660413741386,6.15035114477449,-0.067,False,False,0.0,False,False,-1.0,-1.0,-0.007210787085698186,0.007210787085698186,3.0791028256917046
2010-09-22 00:00:00-04:00,62.46527862548828,19.579050064086914,-2.876320743680601,6.149650784594094,-0.084,False,False,0.0,False,False,-1.0,-1.0,-5.896235356598266e-06,5.896235356598266e-06,3.079108721927061
2010-09-23 00:00:00-04:00,61.84061050415039,19.373592376708984,-2.877791860643778,6.087444051026935,-0.135,False,False,0.0,False,False,-1.0,-1.0,-0.0005289968157903524,0.0005289968157903524,3.0796377187428514
2010-09-24 00:00:00-04:00,62.767478942871094,19.863069534301758,-2.8777514142756586,5.606502498678459,-0.526,False,False,0.0,False,True,0.0,0.0,-0.004010237193468877,0.004010237193468877,3.0836479559363204
2010-09-27 00:00:00-04:00,62.22346115112305,19.977886199951172,-2.875306698433005,4.780911139871151,-1.151,False,False,0.0,False,False,0.0,0.0,-0.006899129926600985,-0.0,3.0836479559363204
2010-09-28 00:00:00-04:00,62.54862976074219,20.026229858398438,-2.8718540312458,5.036220811245627,-0.897,False,False,0.0,False,False,0.0,0.0,0.0021264989385162115,0.0,3.0836479559363204
2010-09-29 00:00:00-04:00,61.95929718017578,19.91745376586914,-2.8674585043016685,4.846824995199022,-0.999,False,False,0.0,False,False,0.0,0.0,-0.0015906021809904678,-0.0,3.0836479559363204
2010-09-30 00:00:00-04:00,62.6298828125,19.989973068237305,-2.8634623478464274,5.389347597138354,-0.539,False,False,0.0,False,False,0.0,0.0,0.004525908984593954,0.0,3.0836479559363204
2010-10-01 00:00:00-04:00,63.03630828857422,19.989973068237305,-2.8605426649751133,5.854137455177934,-0.163,False,False,0.0,False,False,0.0,0.0,0.0038662097660378553,0.0,3.0836479559363204
2010-10-04 00:00:00-04:00,62.650230407714844,19.989973068237305,-2.8576882703911326,5.525118845178461,-0.41,False,False,0.0,False,True,0.0,0.0,-0.0027469644802282558,-0.0,3.0836479559363204
2010-10-05 00:00:00-04:00,63.30047607421875,20.28607940673828,-2.8546267919911004,5.391290295284726,-0.501,False,False,0.0,False,False,0.0,0.0,-0.0011041079386548448,-0.0,3.0836479559363204
2010-10-06 00:00:00-04:00,63.402099609375,19.95975685119629,-2.8533444661867784,6.450037851580433,0.341,False,True,0.0,False,False,0.0,0.0,0.008796933519113979,0.0,3.0836479559363204
2010-10-07 00:00:00-04:00,63.178558349609375,20.18334197998047,-2.851654290081521,5.6226446042156155,-0.306,False,False,0.0,False,True,0.0,0.0,-0.0068529992553722436,-0.0,3.0836479559363204
2010-10-08 00:00:00-04:00,63.46306610107422,20.249820709228516,-2.8499493570005243,5.752102591432511,-0.199,False,False,0.0,False,False,0.0,0.0,0.0010683641340705793,0.0,3.0836479559363204
2010-10-11 00:00:00-04:00,63.74756622314453,20.1954288482666,-2.849054140499727,6.209696043822937,0.14,False,False,0.0,False,False,0.0,0.0,0.0037728639642436263,0.0,3.0836479559363204
2010-10-12 00:00:00-04:00,63.48337173461914,20.04435920715332,-2.8489465479341867,6.378063765846861,0.23,False,True,0.0,False,False,0.0,0.0,0.0013962149883227231,0.0,3.0836479559363204
2010-10-13 00:00:00-04:00,63.48337173461914,20.17730140686035,-2.848649177556855,6.00531867664963,-0.116,False,False,0.0,False,False,0.0,0.0,-0.003081520326305459,-0.0,3.0836479559363204
2010-10-14 00:00:00-04:00,63.605316162109375,20.008102416992188,-2.84928696263757,6.5964907982562835,0.356,False,True,0.0,False,False,0.0,0.0,0.004901349992027284,0.0,3.0836479559363204
2010-10-15 00:00:00-04:00,63.54436111450195,20.092697143554688,-2.8499282978643916,6.281614944666423,0.045,False,False,0.0,False,False,0.0,0.0,-0.002606434842022611,-0.0,3.0836479559363204
2010-10-18 00:00:00-04:00,64.11333465576172,20.38275718688965,-2.850109090484496,6.020253108269337,-0.214,False,False,0.0,False,True,0.0,0.0,-0.002138691604885851,-0.0,3.0836479559363204
2010-10-19 00:00:00-04:00,63.80852508544922,20.13500213623047,-2.850702464812649,6.409624866689072,0.086,False,False,0.0,False,False,0.0,0.0,0.003212441460929311,0.0,3.0836479559363204
2010-10-20 00:00:00-04:00,64.6213607788086,20.2800350189209,-2.852198782838214,6.778669581926053,0.389,False,True,0.0,False,False,0.0,0.0,0.003013494240009599,0.0,3.0836479559363204
2010-10-21 00:00:00-04:00,64.41815948486328,20.425058364868164,-2.853111107961517,6.143198583295629,-0.246,False,False,0.0,False,True,0.0,0.0,-0.005179353142449732,-0.0,3.0836479559363204
2010-10-22 00:00:00-04:00,64.35717010498047,20.092697143554688,-2.855166653015941,6.989171251554474,0.555,False,True,0.0,False,False,0.0,0.0,0.0069498582380108625,0.0,3.0836479559363204
2010-10-25 00:00:00-04:00,64.6213607788086,20.141048431396484,-2.858027643167051,7.05768759951107,0.593,False,False,0.0,False,False,0.0,0.0,0.0005607589222431951,0.0,3.0836479559363204
2010-10-26 00:00:00-04:00,64.41815948486328,20.17730140686035,-2.860733138199329,6.696284710821928,0.243,False,False,0.0,False,False,0.0,0.0,-0.0029589224440781073,-0.0,3.0836479559363204
2010-10-27 00:00:00-04:00,65.14972686767578,19.71803855895996,-2.8667197431809215,8.623636433902576,1.953,False,False,0.0,True,False,-1.0,-1.0,0.01584005569739202,0.0,3.0836479559363204
2010-10-28 00:00:00-04:00,64.51972961425781,19.609272003173828,-2.8738547077819105,8.165530951760694,1.517,False,False,0.0,False,False,-1.0,-1.0,-0.0037899445204841523,0.0037899445204841523,3.0874379004568047
2010-10-29 00:00:00-04:00,64.6213607788086,19.542795181274414,-2.8819134884803814,8.300715743284456,1.641,False,False,0.0,False,False,-1.0,-1.0,0.0011177654166848793,-0.0011177654166848793,3.0863201350401197
2010-11-01 00:00:00-04:00,64.72297668457031,19.44610595703125,-2.8908832078666578,8.50655551499289,1.798,False,False,0.0,False,False,-1.0,-1.0,0.0017020075786773384,-0.0017020075786773384,3.084618127461442
2010-11-02 00:00:00-04:00,64.64171600341797,19.863069534301758,-2.897949389435235,7.079545774178577,0.592,False,False,0.0,False,False,-1.0,-1.0,-0.011677286089719817,0.011677286089719817,3.096295413551162
2010-11-03 00:00:00-04:00,64.76361083984375,19.899328231811523,-2.9036905324675746,6.982119850667907,0.564,False,False,0.0,False,False,-1.0,-1.0,-0.0007950209519316655,0.0007950209519316655,3.0970904345030936
2010-11-04 00:00:00-04:00,66.0844955444336,20.098735809326172,-2.909733321994368,7.602534230075783,1.194,False,False,0.0,False,False,-1.0,-1.0,0.004980589438384509,-0.004980589438384509,3.092109845064709
2010-11-05 00:00:00-04:00,66.40962982177734,19.95371437072754,-2.9170056529921506,8.204532204174399,1.697,False,False,0.0,True,False,-1.0,-1.0,0.004830873416558745,-0.004830873416558745,3.0872789716481503
2010-11-08 00:00:00-05:00,66.02352142333984,19.645524978637695,-2.925596127079945,8.548649631385082,1.857,False,False,0.0,False,False,-1.0,-1.0,0.0027864121811753775,-0.0027864121811753775,3.084492559466975
2010-11-09 00:00:00-05:00,66.14542388916016,19.615306854248047,-2.935024726491483,8.574013254224276,1.731,False,False,0.0,False,False,-1.0,-1.0,0.00020501351280737795,-0.00020501351280737795,3.0842875459541674
2010-11-10 00:00:00-05:00,66.79573059082031,19.488399505615234,-2.9463540099683625,9.376006559585413,2.177,False,False,0.0,False,False,-1.0,-1.0,0.006456469589885782,-0.006456469589885782,3.0778310763642818
2010-11-11 00:00:00-05:00,66.28771209716797,19.373592376708984,-2.9581230240545335,8.97824242897773,1.711,False,False,0.0,False,False,-1.0,-1.0,-0.003218229776167668,0.003218229776167668,3.0810493061404496
2010-11-12 00:00:00-05:00,67.0599365234375,19.131872177124023,-2.972257673404282,10.195082638390737,2.398,False,False,0.0,False,False,-1.0,-1.0,0.009819183114226181,-0.009819183114226181,3.0712301230262233
2010-11-15 00:00:00-05:00,67.58824157714844,19.313161849975586,-2.987337417158302,9.893310539082123,1.999,False,False,0.0,False,False,-1.0,-1.0,-0.002408720125850056,0.002408720125850056,3.0736388431520734
2010-11-16 00:00:00-05:00,66.5112075805664,18.998929977416992,-3.002209559903012,9.472438374437196,1.602,False,False,0.0,False,False,-1.0,-1.0,-0.0034064932717190726,0.0034064932717190726,3.0770453364237924
2010-11-17 00:00:00-05:00,67.1208724975586,18.878070831298828,-3.018126103761631,10.14447413295457,1.919,False,False,0.0,False,False,-1.0,-1.0,0.005415395148083622,-0.005415395148083622,3.0716299412757087
2010-11-18 00:00:00-05:00,67.22250366210938,18.829729080200195,-3.0345787538632556,10.082207854332758,1.734,False,False,0.0,False,False,-1.0,-1.0,-0.000500682510262166,0.000500682510262166,3.072130623785971
2010-11-19 00:00:00-05:00,67.0599365234375,18.588014602661133,-3.051767019446515,10.333646602046038,1.767,False,False,0.0,False,False,-1.0,-1.0,0.00203123364314967,-0.00203123364314967,3.070099390142821
2010-11-22 00:00:00-05:00,66.40962982177734,18.6242733001709,-3.067605001868783,9.277715890001872,1.017,False,False,0.0,False,False,-1.0,-1.0,-0.008547171096959839,0.008547171096959839,3.078646561239781
2010-11-23 00:00:00-05:00,65.41390991210938,18.515499114990234,-3.081040922024816,8.3668994471102,0.374,False,False,0.0,False,False,-1.0,-1.0,-0.007437608994664472,0.007437608994664472,3.0860841702344453
2010-11-24 00:00:00-05:00,65.92192840576172,18.690736770629883,-3.0926229131094103,8.118527606015157,0.162,False,False,0.0,False,False,-1.0,-1.0,-0.002007445384788562,0.002007445384788562,3.0880916156192337
2010-11-26 00:00:00-05:00,66.00321960449219,18.50945472717285,-3.103810150679138,8.55338613875714,0.423,False,True,0.0,False,False,-1.0,-1.0,0.003522460740558691,-0.003522460740558691,3.084569154878675
2010-11-29 00:00:00-05:00,65.37325286865234,18.6363582611084,-3.112708544622273,7.363701268658346,-0.473,False,False,0.0,False,True,0.0,0.0,-0.009642225877602852,0.009642225877602852,3.0942113807562777
2010-11-30 00:00:00-05:00,64.68233489990234,18.63031768798828,-3.118830329336111,6.577535049437479,-1.064,False,False,0.0,False,False,0.0,0.0,-0.006402675824459824,-0.0,3.0942113807562777
2010-12-01 00:00:00-05:00,66.02352142333984,19.011022567749023,-3.1233877186693637,6.644727015886431,-1.047,False,False,0.0,False,False,0.0,0.0,0.000535811208938239,0.0,3.0942113807562777
2010-12-02 00:00:00-05:00,66.59252166748047,19.029150009155273,-3.1277343123166577,7.074396249624677,-0.74,False,False,0.0,False,False,0.0,0.0,0.0034070813501376903,0.0,3.0942113807562777
2010-12-03 00:00:00-05:00,66.59252166748047,19.180217742919922,-3.131007386311635,6.539118243332716,-1.164,False,False,0.0,False,False,0.0,0.0,-0.0042265710950011815,-0.0,3.0942113807562777
2010-12-06 00:00:00-05:00,66.65349578857422,19.206485748291016,-3.1334945346143357,6.47007766715619,-1.246,False,False,0.0,False,False,0.0,0.0,-0.0005443255756405409,-0.0,3.0942113807562777
2010-12-07 00:00:00-05:00,67.34439086914062,19.102636337280273,-3.137176826605786,7.416042824747329,-0.541,False,False,0.0,False,False,0.0,0.0,0.007432582701263353,0.0,3.0942113807562777
2010-12-08 00:00:00-05:00,67.62890625,19.017108917236328,-3.1423923471952886,7.869688722697283,-0.207,False,False,0.0,False,False,0.0,0.0,0.0035611317954804688,0.0,3.0942113807562777
2010-12-09 00:00:00-05:00,67.50701141357422,19.114856719970703,-3.1476128571188955,7.340842639808912,-0.69,False,False,0.0,False,False,0.0,0.0,-0.004142186182817536,-0.0,3.0942113807562777
2010-12-10 00:00:00-05:00,68.99041748046875,19.011003494262695,-3.1557693968550735,8.996074449769672,0.661,False,True,0.0,False,False,0.0,0.0,0.012832770347450824,0.0,3.0942113807562777
2010-12-13 00:00:00-05:00,68.94976043701172,19.047658920288086,-3.1651320000385175,8.661405662588784,0.341,False,False,0.0,False,False,0.0,0.0,-0.0025895517482080826,-0.0,3.0942113807562777
2010-12-14 00:00:00-05:00,69.37652587890625,19.21870994567871,-3.174720466687364,8.362494071032046,0.042,False,False,0.0,False,False,0.0,0.0,-0.0022924328023412014,-0.0,3.0942113807562777
2010-12-15 00:00:00-05:00,69.07170867919922,19.05376434326172,-3.1844815525579864,8.395347621295137,0.078,False,False,0.0,False,False,0.0,0.0,0.00025321032004298405,0.0,3.0942113807562777
2010-12-16 00:00:00-05:00,68.9294662475586,19.469173431396484,-3.1915344506037955,6.7929285164766,-1.276,False,False,0.0,False,True,0.0,0.0,-0.01222604684796584,-0.0,3.0942113807562777
2010-12-17 00:00:00-05:00,69.35620880126953,19.32866096496582,-3.1982334976680984,7.538637838046057,-0.608,False,False,0.0,False,False,0.0,0.0,0.0056848961957815785,0.0,3.0942113807562777
2010-12-20 00:00:00-05:00,69.15299224853516,19.23092269897461,-3.204679532372004,7.524047886503048,-0.593,False,False,0.0,False,False,0.0,0.0,-0.00011155937831425198,-0.0,3.0942113807562777
2010-12-21 00:00:00-05:00,69.60005950927734,19.084306716918945,-3.212331688889884,8.294936282024551,0.037,False,False,0.0,False,False,0.0,0.0,0.005888906607105482,0.0,3.0942113807562777
2010-12-22 00:00:00-05:00,69.98616027832031,19.304229736328125,-3.219910338677466,7.828271370112404,-0.396,False,False,0.0,False,True,0.0,0.0,-0.0035314863952248467,-0.0,3.0942113807562777
2010-12-23 00:00:00-05:00,70.1080322265625,19.200376510620117,-3.2279674751531373,8.129841339586477,-0.144,False,False,0.0,False,False,0.0,0.0,0.002283129628249345,0.0,3.0942113807562777
2010-12-27 00:00:00-05:00,69.86420440673828,19.200376510620117,-3.235620455423598,7.739073417141064,-0.478,False,False,0.0,False,True,0.0,0.0,-0.0029606022431435167,-0.0,3.0942113807562777
2010-12-28 00:00:00-05:00,70.33162689208984,19.267574310302734,-3.2432159182622704,7.842723182614833,-0.367,False,False,0.0,False,False,0.0,0.0,0.0007803745776674945,0.0,3.0942113807562777
2010-12-29 00:00:00-05:00,70.82301330566406,19.157608032226562,-3.251973483099375,8.52297998525168,0.236,False,True,0.0,False,False,0.0,0.0,0.005109985234544635,0.0,3.0942113807562777
2010-12-30 00:00:00-05:00,70.96635437011719,19.175947189331055,-3.261274051290148,8.428335392641571,0.179,False,False,0.0,False,False,0.0,0.0,-0.0007089250354645081,-0.0,3.0942113807562777
2010-12-31 00:00:00-05:00,70.90491485595703,19.43251609802246,-3.2690635712784877,7.378784381629025,-0.72,False,False,0.0,False,True,0.0,0.0,-0.00780735587106307,-0.0,3.0942113807562777
2011-01-03 00:00:00-05:00,71.99009704589844,19.426410675048828,-3.2775947051471577,8.318196277344178,0.182,False,False,0.0,False,False,0.0,0.0,0.006924650313642024,0.0,3.0942113807562777
2011-01-04 00:00:00-05:00,70.78206634521484,19.292009353637695,-3.2849403729188404,7.408965944722475,-0.634,False,False,0.0,False,True,0.0,0.0,-0.006777452964932471,-0.0,3.0942113807562777
2011-01-05 00:00:00-05:00,71.76485443115234,19.133182525634766,-3.293919370541601,8.74169388985591,0.715,False,True,0.0,False,False,0.0,0.0,0.009887584926640918,0.0,3.0942113807562777
2011-01-06 00:00:00-05:00,71.96961975097656,19.090421676635742,-3.304155970076236,8.89188899684779,0.961,False,False,0.0,False,False,0.0,0.0,0.0011121662619082804,0.0,3.0942113807562777
2011-01-07 00:00:00-05:00,71.8467788696289,19.298120498657227,-3.3134321613175746,7.903765756396105,-0.032,False,False,0.0,False,False,0.0,0.0,-0.007276859519575654,-0.0,3.0942113807562777
2011-01-10 00:00:00-05:00,72.03105163574219,19.304229736328125,-3.3221107147520814,7.900263188650783,0.055,False,False,0.0,False,False,0.0,0.0,-2.57235635416737e-05,-0.0,3.0942113807562777
2011-01-11 00:00:00-05:00,71.70343780517578,19.48750114440918,-3.328546439461155,6.838385256957423,-1.316,False,False,0.0,False,True,0.0,0.0,-0.007775424103653562,-0.0,3.0942113807562777
2011-01-12 00:00:00-05:00,71.99009704589844,19.64632797241211,-3.3330230439006687,6.508433185818575,-1.642,True,False,1.0,False,False,0.0,1.0,-0.0024001443566618297,-0.0,3.0942113807562777
2011-01-13 00:00:00-05:00,71.64201354980469,19.298120498657227,-3.337572873693717,7.233130060213654,-0.634,False,False,1.0,False,False,0.0,1.0,0.005326660023309006,0.005326660023309006,3.0995380407795867
2011-01-14 00:00:00-05:00,72.70672607421875,19.31644630432129,-3.34374251962339,8.117503238437564,0.575,False,True,0.0,False,False,0.0,0.0,0.006441363967728091,0.006441363967728091,3.105979404747315
2011-01-18 00:00:00-05:00,72.78863525390625,19.133182525634766,-3.3518395846090843,8.657276684932825,1.231,False,False,0.0,False,False,0.0,0.0,0.003942254388307334,0.0,3.105979404747315
2011-01-19 00:00:00-05:00,72.58389282226562,19.4080867767334,-3.3588950804924864,7.394165626124533,-0.498,False,False,0.0,False,True,0.0,0.0,-0.009168018221772345,-0.0,3.105979404747315
2011-01-20 00:00:00-05:00,72.58389282226562,19.652437210083008,-3.36369633410116,6.479061822556176,-1.732,True,False,1.0,False,False,0.0,1.0,-0.006598256717272927,-0.0,3.105979404747315
2011-01-21 00:00:00-05:00,72.1334228515625,19.8295955657959,-3.3651933162100054,5.403000390398589,-2.767,False,False,1.0,False,False,0.0,1.0,-0.007749039569905743,-0.007749039569905743,3.0982303651774092
2011-01-24 00:00:00-05:00,73.46428680419922,19.97620964050293,-3.3661341057706493,6.221686229277864,-1.739,False,False,1.0,False,False,0.0,1.0,0.005818377864286123,0.005818377864286123,3.1040487430416954
2011-01-25 00:00:00-05:00,74.85659790039062,19.854034423828125,-3.369834150842883,7.951794666964403,0.263,False,True,0.0,False,False,0.0,0.0,0.012204368917413486,0.012204368917413486,3.116253111959109
2011-01-26 00:00:00-05:00,76.43316650390625,19.89680290222168,-3.3775018217133295,9.23167845538147,1.685,False,False,0.0,True,False,-1.0,-1.0,0.008910689362572109,0.0,3.116253111959109
2011-01-27 00:00:00-05:00,77.7231216430664,19.93345069885254,-3.389243080781541,10.163811785880469,2.434,False,False,0.0,False,False,-1.0,-1.0,0.006416008603885323,-0.006416008603885323,3.1098371033552237
2011-01-28 00:00:00-05:00,77.4773941040039,19.8112735748291,-3.4032291329813464,10.055090712682002,2.087,False,False,0.0,False,False,-1.0,-1.0,-0.0007503195319091266,0.0007503195319091266,3.1105874228871326
2011-01-31 00:00:00-05:00,76.94502258300781,19.8112735748291,-3.4171247875473694,9.24742857757711,1.273,False,False,0.0,False,False,-1.0,-1.0,-0.005583846269892832,0.005583846269892832,3.1161712691570256
2011-02-01 00:00:00-05:00,76.86314392089844,20.232784271240234,-3.4279088060826766,7.507004545942962,-0.396,False,False,0.0,False,True,0.0,0.0,-0.011902835196590644,0.011902835196590644,3.128074104353616
2011-02-02 00:00:00-05:00,75.75749969482422,19.909019470214844,-3.436453575425903,7.341078553180495,-0.529,False,False,0.0,False,False,0.0,0.0,-0.0011508738321036036,-0.0,3.128074104353616
2011-02-03 00:00:00-05:00,76.0236587524414,20.00675392150879,-3.4432867761214814,7.134667541393597,-0.693,False,False,0.0,False,False,0.0,0.0,-0.0014243822871150523,-0.0,3.128074104353616
2011-02-04 00:00:00-05:00,76.78120422363281,19.682987213134766,-3.45207996064061,8.833958499624913,0.913,False,True,0.0,False,False,0.0,0.0,0.011741236493903436,0.0,3.128074104353616
2011-02-07 00:00:00-05:00,76.82217407226562,19.92123031616211,-3.460396453199541,7.88681934284709,-0.026,False,False,0.0,False,False,0.0,0.0,-0.006498046204299252,-0.0,3.128074104353616
2011-02-08 00:00:00-05:00,77.14977264404297,20.000652313232422,-3.4682418883690107,7.782672496585732,-0.136,False,False,0.0,False,False,0.0,0.0,-0.000710818107683498,-0.0,3.128074104353616
2011-02-09 00:00:00-05:00,77.98925018310547,20.17169952392578,-3.4759721089446143,7.872985247928099,-0.035,False,False,0.0,False,False,0.0,0.0,0.0006097865516367818,0.0,3.128074104353616
2011-02-10 00:00:00-05:00,77.80500793457031,20.092287063598633,-3.4835112437313205,7.813300036247114,-0.094,False,False,0.0,False,False,0.0,0.0,-0.0004038331389478827,-0.0,3.128074104353616
2011-02-11 00:00:00-05:00,78.74683380126953,20.08006477355957,-3.492364311866497,8.619932206122485,0.683,False,True,0.0,False,False,0.0,0.0,0.005418230205129836,0.0,3.128074104353616
2011-02-14 00:00:00-05:00,78.8287353515625,19.902910232543945,-3.5028574212695727,9.111678538633825,1.105,False,False,0.0,False,False,0.0,0.0,0.003310402303195558,0.0,3.128074104353616
2011-02-15 00:00:00-05:00,79.44295501708984,19.82349395751953,-3.5154624239555026,9.75420689792098,1.601,False,False,0.0,True,False,-1.0,-1.0,0.004308462558763174,0.0,3.128074104353616
2011-02-16 00:00:00-05:00,80.13912200927734,19.621891021728516,-3.531238017282433,10.849554462376773,2.33,False,False,0.0,False,False,-1.0,-1.0,0.007330236032378476,-0.007330236032378476,3.1207438683212376
2011-02-17 00:00:00-05:00,80.07770538330078,19.591346740722656,-3.5484082507654238,10.559608964914219,1.915,False,False,0.0,False,False,-1.0,-1.0,-0.0019381927431822072,0.0019381927431822072,3.12268206106442
2011-02-18 00:00:00-05:00,81.2447738647461,19.389751434326172,-3.568987277610367,12.042997679608618,2.653,False,False,0.0,False,False,-1.0,-1.0,0.0098599051570312,-0.0098599051570312,3.1128221559073888
2011-02-22 00:00:00-05:00,79.68868255615234,19.689098358154297,-3.586487720464932,9.073973067605706,0.537,False,False,0.0,False,False,-1.0,-1.0,-0.019753543626746285,0.019753543626746285,3.132575699534135
2011-02-23 00:00:00-05:00,78.27590942382812,19.73185157775879,-3.598936909612247,7.262220485641365,-0.732,False,False,0.0,False,True,0.0,0.0,-0.012135825950653255,0.012135825950653255,3.1447115254847886
2011-02-24 00:00:00-05:00,78.41926574707031,19.689098358154297,-3.6085132660963937,7.370893124193813,-0.625,False,False,0.0,False,False,0.0,0.0,0.0007270646658875637,0.0,3.1447115254847886
2011-02-25 00:00:00-05:00,79.23822784423828,19.80516242980957,-3.616781150236162,7.607289690737602,-0.433,False,False,0.0,False,False,0.0,0.0,0.0015668978149407393,0.0,3.1447115254847886
2011-02-28 00:00:00-05:00,79.62727355957031,19.97620964050293,-3.623620369672435,7.241073397397017,-0.671,False,False,0.0,False,False,0.0,0.0,-0.0024091041693510267,-0.0,3.1447115254847886
2011-03-01 00:00:00-05:00,79.13585662841797,19.493608474731445,-3.6315012152203896,8.344793763400233,0.086,False,False,0.0,False,False,0.0,0.0,0.007361722429383608,0.0,3.1447115254847886
2011-03-02 00:00:00-05:00,78.58303833007812,19.481388092041016,-3.63886647202771,7.692868373390198,-0.389,False,False,0.0,False,True,0.0,0.0,-0.0043614865666046915,-0.0,3.1447115254847886
2011-03-03 00:00:00-05:00,79.3815689086914,19.518041610717773,-3.646824899706347,8.202688769221254,-0.067,False,False,0.0,False,False,0.0,0.0,0.003386150871986135,0.0,3.1447115254847886
2011-03-04 00:00:00-05:00,78.8287353515625,19.310338973999023,-3.6551996891317384,8.245590336772779,-0.058,False,False,0.0,False,False,0.0,0.0,0.0002871362534647949,0.0,3.1447115254847886
2011-03-07 00:00:00-05:00,77.96881103515625,19.224815368652344,-3.662615718426322,7.555700082086247,-0.545,False,False,0.0,False,True,0.0,0.0,-0.0046494225539231975,-0.0,3.1447115254847886
2011-03-08 00:00:00-05:00,78.17355346679688,19.56635856628418,-3.6674797633682235,6.4143293821431655,-1.29,False,False,0.0,False,False,0.0,0.0,-0.007612549561095214,-0.0,3.1447115254847886
2011-03-09 00:00:00-05:00,77.86642456054688,20.078990936279297,-3.666953259816229,4.237703292936999,-2.492,True,False,1.0,False,False,0.0,1.0,-0.014367629255099346,-0.0,3.1447115254847886
2011-03-10 00:00:00-05:00,77.51835632324219,19.794889450073242,-3.6644565987313076,4.980843056764556,-1.908,False,False,1.0,False,False,0.0,1.0,0.0049524204941761825,0.0049524204941761825,3.149663945978965
2011-03-11 00:00:00-05:00,79.48393249511719,19.99869728088379,-3.6629764560462035,6.229175203644644,-1.186,False,False,1.0,False,False,0.0,1.0,0.008172992374258864,0.008172992374258864,3.1578369383532237
2011-03-14 00:00:00-04:00,80.2824935913086,19.461360931396484,-3.6668738469644047,8.920138165636004,0.452,False,True,0.0,False,False,0.0,0.0,0.01774516562504557,0.01774516562504557,3.175582103978269
2011-03-15 00:00:00-04:00,79.79107666015625,19.20813751220703,-3.6744924371423897,9.210920639960477,0.61,False,False,0.0,False,False,0.0,0.0,0.0019337639862446088,0.0,3.175582103978269
2011-03-16 00:00:00-04:00,79.60680389404297,18.726390838623047,-3.6866691691544355,10.568796139755307,1.407,False,False,0.0,False,False,0.0,0.0,0.00913503461531736,0.0,3.175582103978269
2011-03-17 00:00:00-04:00,79.85249328613281,18.819032669067383,-3.700981638238687,10.20359892850044,1.18,False,False,0.0,False,False,0.0,0.0,-0.0024427680372109007,-0.0,3.175582103978269
2011-03-18 00:00:00-04:00,79.54537200927734,18.794328689575195,-3.7157412617458627,9.710509410608736,0.889,False,False,0.0,False,False,0.0,0.0,-0.003300902018167504,-0.0,3.175582103978269
2011-03-21 00:00:00-04:00,80.54861450195312,18.998146057128906,-3.7307558645931924,9.671169682921416,0.852,False,False,0.0,False,False,0.0,0.0,-0.000259794964378819,-0.0,3.175582103978269
2011-03-22 00:00:00-04:00,80.63053894042969,19.146373748779297,-3.7446657228814355,8.933769445898918,0.372,False,False,0.0,False,False,0.0,0.0,-0.004840893235747995,-0.0,3.175582103978269
2011-03-23 00:00:00-04:00,81.40859985351562,19.239017486572266,-3.7582126919039647,9.104280155717419,0.446,False,False,0.0,False,False,0.0,0.0,0.0011092802759600153,0.0,3.175582103978269
2011-03-24 00:00:00-04:00,80.69197845458984,19.25136947631836,-3.7697997256916587,8.118171083576115,-0.184,False,False,0.0,False,False,0.0,0.0,-0.006433980466216815,-0.0,3.175582103978269
2011-03-25 00:00:00-04:00,81.4290542602539,19.20195960998535,-3.7814168466581246,8.81844070220643,0.254,False,True,0.0,False,False,0.0,0.0,0.0045460343335479245,0.0,3.175582103978269
2011-03-28 00:00:00-04:00,81.06051635742188,19.134017944335938,-3.7924746907933264,8.495237570342482,0.041,False,False,0.0,False,False,0.0,0.0,-0.0021038337445865906,-0.0,3.175582103978269
2011-03-29 00:00:00-04:00,81.28721618652344,19.337833404541016,-3.8019316180534752,7.766095941148265,-0.415,False,False,0.0,False,True,0.0,0.0,-0.004709963597567447,-0.0,3.175582103978269
2011-03-30 00:00:00-04:00,82.40017700195312,19.572540283203125,-3.8105217780070015,7.818586001888292,-0.381,False,False,0.0,False,False,0.0,0.0,0.00033437042663038544,0.0,3.175582103978269
2011-03-31 00:00:00-04:00,83.18340301513672,19.461360931396484,-3.8203655105037693,8.833890925364074,0.235,False,True,0.0,False,False,0.0,0.0,0.006445033552509564,0.0,3.175582103978269
2011-04-01 00:00:00-04:00,83.76048278808594,19.455184936523438,-3.8316468766632275,9.215084191150439,0.462,False,False,0.0,False,False,0.0,0.0,0.00240795390829006,0.0,3.175582103978269
2011-04-04 00:00:00-04:00,82.9979019165039,19.07843589782715,-3.8445177436226103,9.650516586740864,0.72,False,False,0.0,False,False,0.0,0.0,0.002785068889889559,0.0,3.175582103978269
2011-04-05 00:00:00-04:00,83.59556579589844,19.029024124145508,-3.8592490804884734,10.157821942196904,1.02,False,False,0.0,False,False,0.0,0.0,0.003230558895994921,0.0,3.175582103978269
2011-04-06 00:00:00-04:00,84.0077896118164,19.492244720458984,-3.872315762172115,8.527663140666888,0.059,False,False,0.0,False,False,0.0,0.0,-0.01022120572872746,-0.0,3.175582103978269
2011-04-07 00:00:00-04:00,84.35813903808594,19.36871337890625,-3.885353662017048,9.103837582793943,0.466,False,True,0.0,False,False,0.0,0.0,0.003609834172988286,0.0,3.175582103978269
2011-04-08 00:00:00-04:00,82.97727966308594,19.282255172729492,-3.896137043823734,7.850970996152753,-0.301,False,False,0.0,False,True,0.0,0.0,-0.007924339984150177,-0.0,3.175582103978269
2011-04-11 00:00:00-04:00,83.080322265625,18.874624252319336,-3.9080892337112423,9.3166064347907,0.748,False,True,0.0,False,False,0.0,0.0,0.009344540324424562,0.0,3.175582103978269
2011-04-12 00:00:00-04:00,82.89483642578125,18.88697052001953,-3.9199588169587702,8.858689810190313,0.387,False,False,0.0,False,False,0.0,0.0,-0.0029179491246777225,-0.0,3.175582103978269
2011-04-13 00:00:00-04:00,83.05972290039062,19.12166976928711,-3.9301446521919208,7.908794715646977,-0.313,False,False,0.0,False,True,0.0,0.0,-0.00600398954196953,-0.0,3.175582103978269
2011-04-14 00:00:00-04:00,83.16275787353516,19.066085815429688,-3.939543515079851,8.051083141403197,-0.219,False,False,0.0,False,False,0.0,0.0,0.000898998173070219,0.0,3.175582103978269
2011-04-15 00:00:00-04:00,82.8536376953125,19.26990509033203,-3.946285847165767,6.809083961107632,-1.107,False,False,0.0,False,False,0.0,0.0,-0.007816320432108127,-0.0,3.175582103978269
2011-04-18 00:00:00-04:00,82.72997283935547,19.084613800048828,-3.9522577928924902,7.302659223768927,-0.721,False,False,0.0,False,False,0.0,0.0,0.003120787373915344,0.0,3.175582103978269
2011-04-19 00:00:00-04:00,82.72997283935547,18.84992027282715,-3.9591530274392106,8.100253924204111,-0.158,False,False,0.0,False,False,0.0,0.0,0.005068608685885662,0.0,3.175582103978269
2011-04-20 00:00:00-04:00,83.16275787353516,18.998146057128906,-3.9661232723342663,7.813768665150718,-0.355,False,False,0.0,False,True,0.0,0.0,-0.0018073440254578479,-0.0,3.175582103978269
2011-04-21 00:00:00-04:00,83.47193908691406,19.10313606262207,-3.9727361102437393,7.58022063203596,-0.507,False,False,0.0,False,False,0.0,0.0,-0.001465503720969201,-0.0,3.175582103978269
2011-04-25 00:00:00-04:00,83.36884307861328,19.029024124145508,-3.9792424038490046,7.647743379947812,-0.461,False,False,0.0,False,False,0.0,0.0,0.0004244312791436586,0.0,3.175582103978269
2011-04-26 00:00:00-04:00,84.42001342773438,19.29460334777832,-3.9854813110630842,7.521732380788663,-0.588,False,False,0.0,False,False,0.0,0.0,-0.000781132726263278,-0.0,3.175582103978269
2011-04-27 00:00:00-04:00,84.2344970703125,19.640478134155273,-3.9886718976682585,5.895073879839444,-2.002,True,False,1.0,False,False,0.0,1.0,-0.01000565464829715,-0.0,3.175582103978269
2011-04-28 00:00:00-04:00,85.69783782958984,19.81958770751953,-3.9912337882140627,6.5932297028657985,-1.617,False,False,1.0,False,False,0.0,1.0,0.004236319545957606,0.004236319545957606,3.179818423524227
2011-04-29 00:00:00-04:00,85.1619644165039,19.86899185180664,-3.9920588724162096,5.843779208533832,-2.222,False,False,1.0,False,False,0.0,1.0,-0.004556479891604206,-0.004556479891604206,3.1752619436326226
2011-05-02 00:00:00-04:00,85.5535888671875,19.875167846679688,-3.992465970313918,6.202657585041507,-1.757,False,False,1.0,False,False,0.0,1.0,0.002176279802292163,0.002176279802292163,3.1774382234349146
2011-05-03 00:00:00-04:00,86.17191314697266,19.899879455566406,-3.99351504584851,6.701445130596568,-1.262,False,False,1.0,False,False,0.0,1.0,0.0030112314375822687,0.0030112314375822687,3.180449454872497
2011-05-04 00:00:00-04:00,84.37876892089844,19.973989486694336,-3.9912774773413844,4.65703455000174,-2.614,True,False,1.0,False,False,0.0,1.0,-0.012458283427440573,-0.012458283427440573,3.167991171445056
2011-05-05 00:00:00-04:00,83.03913116455078,19.794889450073242,-3.9861175991069118,4.13437395523809,-2.652,False,False,1.0,False,False,0.0,1.0,-0.0032274178421419423,-0.0032274178421419423,3.164763753602914
2011-05-06 00:00:00-04:00,83.8428955078125,19.949289321899414,-3.979747068143774,4.449769817431417,-2.196,False,False,1.0,False,False,0.0,1.0,0.0019321462253137625,0.0019321462253137625,3.1666958998282277
2011-05-09 00:00:00-04:00,83.05972290039062,19.973989486694336,-3.9713672879129462,3.7356744438156397,-2.38,False,False,1.0,False,False,0.0,1.0,-0.004397578450410495,-0.004397578450410495,3.162298321377817
2011-05-10 00:00:00-04:00,83.65740966796875,20.375452041625977,-3.9603462060332184,2.963565478703515,-2.496,False,False,1.0,False,False,0.0,1.0,-0.0046979195290035814,-0.0046979195290035814,3.1576004018488133
2011-05-11 00:00:00-04:00,84.04900360107422,20.536035537719727,-3.947744288057531,2.977986607694703,-2.226,False,False,1.0,False,False,0.0,1.0,8.733725286170638e-05,8.733725286170638e-05,3.157687739101675
2011-05-12 00:00:00-04:00,84.21390533447266,20.813962936401367,-3.933035735333298,2.3518453117032863,-2.267,False,False,1.0,False,False,0.0,1.0,-0.0037702101845052613,-0.0037702101845052613,3.15391752891717
2011-05-13 00:00:00-04:00,84.13146209716797,20.65955924987793,-3.9186010593776115,3.174891334321785,-1.724,False,False,1.0,False,False,0.0,1.0,0.004985497787816019,0.004985497787816019,3.158903026704986
2011-05-16 00:00:00-04:00,83.28643798828125,20.708967208862305,-3.9030526253205027,2.4582491560550324,-1.88,False,False,1.0,False,False,0.0,1.0,-0.004366717288706666,-0.004366717288706666,3.154536309416279
2011-05-17 00:00:00-04:00,82.50325775146484,20.88807487487793,-3.8848415738107076,1.356396080668162,-2.124,False,False,1.0,False,False,0.0,1.0,-0.00673298057634649,-0.00673298057634649,3.1478033288399327
2011-05-18 00:00:00-04:00,82.9979019165039,20.95601463317871,-3.8661730170994226,1.9783235957677192,-1.72,False,False,1.0,False,False,0.0,1.0,0.0037918367859327033,0.0037918367859327033,3.1515951656258654
2011-05-19 00:00:00-04:00,82.70933532714844,21.110416412353516,-3.8463896048380404,1.5104490848695207,-1.756,False,False,1.0,False,False,0.0,1.0,-0.0028544908023422047,-0.0028544908023422047,3.1487406748235234
2011-05-20 00:00:00-04:00,82.17349243164062,21.06719207763672,-3.826092539564959,1.5684659938127652,-1.615,False,False,1.0,False,False,0.0,1.0,0.000356416247955715,0.000356416247955715,3.149097091071479
2011-05-23 00:00:00-04:00,81.45213317871094,20.88190269470215,-3.8062787113873076,1.9697914986049057,-1.382,False,False,1.0,False,False,0.0,1.0,0.0024937199139228026,0.0024937199139228026,3.151590810985402
2011-05-24 00:00:00-04:00,81.51392364501953,20.628679275512695,-3.7892681345777692,3.3463266078944542,-0.823,False,False,1.0,False,False,0.0,1.0,0.008620503508540742,0.008620503508540742,3.1602113144939428
2011-05-25 00:00:00-04:00,82.97727966308594,20.65338134765625,-3.776797032235618,4.97365028362735,-0.158,False,False,1.0,False,False,0.0,1.0,0.01010879914526276,0.01010879914526276,3.1703201136392054
2011-05-26 00:00:00-04:00,83.90473175048828,20.517505645751953,-3.7698331203112296,6.55715942095992,0.512,False,True,0.0,False,False,0.0,0.0,0.009820071386681088,0.009820071386681088,3.1801401850258864
2011-05-27 00:00:00-04:00,84.60548400878906,20.591617584228516,-3.7669742033031395,7.037391764716929,0.723,False,False,0.0,False,False,0.0,0.0,0.0029612243551207797,0.0,3.1801401850258864
2011-05-31 00:00:00-04:00,85.53297424316406,20.690433502197266,-3.7675139950207974,7.581476460588689,0.996,False,False,0.0,False,False,0.0,0.0,0.0033280512156903677,0.0,3.1801401850258864
2011-06-01 00:00:00-04:00,85.6566162109375,20.319856643676758,-3.7725562448586447,8.998814135202323,1.589,False,False,0.0,True,False,-1.0,-1.0,0.008732050359878653,0.0,3.1801401850258864
2011-06-02 00:00:00-04:00,86.64588928222656,20.30751609802246,-3.78175135981633,9.847912664038105,1.854,False,False,0.0,False,False,-1.0,-1.0,0.005195046777424677,-0.005195046777424677,3.1749451382484617
2011-06-03 00:00:00-04:00,86.99629211425781,20.060462951660156,-3.795156782314484,10.86369008689634,2.114,False,False,0.0,False,False,-1.0,-1.0,0.006226839384912368,-0.006226839384912368,3.168718298863549
2011-06-06 00:00:00-04:00,86.50164031982422,19.99869728088379,-3.8100830112017183,10.30494356376289,1.774,False,False,0.0,False,False,-1.0,-1.0,-0.0034342485189190392,0.0034342485189190392,3.1721525473824683
2011-06-07 00:00:00-04:00,86.56349182128906,19.96936798095703,-3.8256793481497473,10.167093140938931,1.632,False,False,0.0,False,False,-1.0,-1.0,-0.0008459162705596724,0.0008459162705596724,3.172998463653028
2011-06-08 00:00:00-04:00,85.78028869628906,19.91942024230957,-3.840144412780516,9.286838346956856,1.29,False,False,0.0,False,False,-1.0,-1.0,-0.005424505524794759,0.005424505524794759,3.1784229691778227
2011-06-09 00:00:00-04:00,86.19247436523438,20.000572204589844,-3.853661148288053,9.117046316876554,1.201,False,False,0.0,False,False,-1.0,-1.0,-0.0010399596465089798,0.0010399596465089798,3.1794629288243317
2011-06-10 00:00:00-04:00,84.70855712890625,19.819541931152344,-3.8648351568998716,8.109294679737502,0.845,False,False,0.0,False,False,-1.0,-1.0,-0.00624738242556981,0.00624738242556981,3.1857103112499017
2011-06-13 00:00:00-04:00,84.64669799804688,19.725906372070312,-3.874790392800468,8.212945498267288,0.871,False,False,0.0,False,False,-1.0,-1.0,0.0006434723655753918,-0.0006434723655753918,3.1850668388843264
2011-06-14 00:00:00-04:00,85.5535888671875,19.900691986083984,-3.8841209643585004,8.256893918797488,0.874,False,False,0.0,False,False,-1.0,-1.0,0.000269870088651301,-0.000269870088651301,3.184796968795675
2011-06-15 00:00:00-04:00,84.06963348388672,19.43875503540039,-3.8932624550763464,8.389458331136098,0.883,False,False,0.0,False,False,-1.0,-1.0,0.0008298251714350238,-0.0008298251714350238,3.18396714362424
2011-06-16 00:00:00-04:00,83.45130920410156,19.6072998046875,-3.8998823397025206,6.9851469665481005,0.408,False,False,0.0,False,False,-1.0,-1.0,-0.008781475544405113,0.008781475544405113,3.192748619168645
2011-06-17 00:00:00-04:00,82.72997283935547,19.700937271118164,-3.9029981791967425,5.837250541712038,0.024,False,False,0.0,False,False,-1.0,-1.0,-0.007191310883774145,0.007191310883774145,3.199939930052419
2011-06-20 00:00:00-04:00,82.25592803955078,19.763357162475586,-3.9027605932054565,5.12427651639625,-0.204,False,False,0.0,False,True,0.0,0.0,-0.004473209438727274,0.004473209438727274,3.2044131394911464
2011-06-21 00:00:00-04:00,83.26583099365234,19.82578468322754,-3.901870751356732,5.908181615470511,0.066,False,False,0.0,False,False,0.0,0.0,0.004880389201252302,0.0,3.2044131394911464
2011-06-22 00:00:00-04:00,82.3383560180664,19.844514846801758,-3.8989360412154177,4.965861861436579,-0.253,False,False,0.0,False,True,0.0,0.0,-0.0059001611537550245,-0.0,3.2044131394911464
2011-06-23 00:00:00-04:00,82.02921295166016,19.71341896057129,-3.8952556393421287,5.240406574780792,-0.173,False,False,0.0,False,False,0.0,0.0,0.0017286748349145111,0.0,3.2044131394911464
2011-06-24 00:00:00-04:00,82.0498275756836,19.401302337646484,-3.893362769351072,6.513519377366848,0.236,False,True,0.0,False,False,0.0,0.0,0.008078837623202273,0.0,3.2044131394911464
2011-06-27 00:00:00-04:00,81.94676208496094,19.91942024230957,-3.8889663758473234,4.480806536246476,-0.459,False,False,0.0,False,True,0.0,0.0,-0.012751258941532327,-0.0,3.2044131394911464
2011-06-28 00:00:00-04:00,82.44464111328125,20.03178596496582,-3.8833525981675865,4.654153040294233,-0.423,False,False,0.0,False,False,0.0,0.0,0.0010818258451069556,0.0,3.2044131394911464
2011-06-29 00:00:00-04:00,84.1043472290039,20.12542152404785,-3.879427702872713,6.02922943662189,0.019,False,False,0.0,False,False,0.0,0.0,0.008478733088349573,0.0,3.2044131394911464
2011-06-30 00:00:00-04:00,85.2868881225586,20.375110626220703,-3.8769862297415543,6.2928647952401064,0.072,False,False,0.0,False,False,0.0,0.0,0.0016047838808019592,0.0,3.2044131394911464
2011-07-01 00:00:00-04:00,85.53582763671875,20.556142807006836,-3.874719380096296,5.886542722382288,-0.103,False,False,0.0,False,False,0.0,0.0,-0.0024597983836602295,-0.0,3.2044131394911464
2011-07-05 00:00:00-04:00,85.4113540649414,20.381359100341797,-3.873589819600388,6.462328944237697,0.065,False,False,0.0,False,False,0.0,0.0,0.003503193559836332,0.0,3.2044131394911464
2011-07-06 00:00:00-04:00,85.9922103881836,20.350139617919922,-3.874362107187234,7.148400576544958,0.273,False,True,0.0,False,False,0.0,0.0,0.00416214630440344,0.0,3.2044131394911464
2011-07-07 00:00:00-04:00,86.73910522460938,20.49371910095215,-3.8765356003609854,7.2944735459704475,0.283,False,False,0.0,False,False,0.0,0.0,0.0008789847439195129,0.0,3.2044131394911464
2011-07-08 00:00:00-04:00,86.40715026855469,20.31269073486328,-3.8800701902716113,7.592484464005324,0.358,False,False,0.0,False,False,0.0,0.0,0.0018037019875330406,0.0,3.2044131394911464
2011-07-11 00:00:00-04:00,85.51506805419922,20.0130558013916,-3.884715749659589,7.7700349837170535,0.39,False,False,0.0,False,False,0.0,0.0,0.00108753160440673,0.0,3.2044131394911464
2011-07-12 00:00:00-04:00,85.86774444580078,20.056751251220703,-3.8901575107527573,7.843822924564805,0.378,False,False,0.0,False,False,0.0,0.0,0.00045022387448664974,0.0,3.2044131394911464
2011-07-13 00:00:00-04:00,84.9756851196289,19.994321823120117,-3.894767506470713,7.102450169022404,-0.092,False,False,0.0,False,False,0.0,0.0,-0.004552518710118878,-0.0,3.2044131394911464
2011-07-14 00:00:00-04:00,83.89688873291016,19.975603103637695,-3.897033578641645,6.051292684415799,-0.74,False,False,0.0,False,True,0.0,0.0,-0.006498957191286185,-0.0,3.2044131394911464
2011-07-15 00:00:00-04:00,83.2330093383789,19.875720977783203,-3.897401759530556,5.7693394276282675,-0.887,False,False,0.0,False,False,0.0,0.0,-0.001754568035288499,-0.0,3.2044131394911464
2011-07-18 00:00:00-04:00,82.02974700927734,19.71341896057129,-3.8956960469120827,5.232258693458078,-1.149,False,False,0.0,False,False,0.0,0.0,-0.0033815405340958163,-0.0,3.2044131394911464
2011-07-19 00:00:00-04:00,81.76005554199219,19.900691986083984,-3.8911501694640322,4.323474547889987,-1.558,True,False,1.0,False,False,0.0,1.0,-0.005708563731885406,-0.0,3.2044131394911464
2011-07-20 00:00:00-04:00,81.05469512939453,19.950632095336914,-3.883579099168347,3.5748373087468934,-1.818,False,False,1.0,False,False,0.0,1.0,-0.004722233892941976,-0.004722233892941976,3.1996909055982043
2011-07-21 00:00:00-04:00,82.19573974609375,20.362627029418945,-3.8736905109965516,3.317224643271686,-1.824,False,False,1.0,False,False,0.0,1.0,-0.0015993410350824996,-0.0015993410350824996,3.198091564563122
2011-07-22 00:00:00-04:00,82.92184448242188,20.481233596801758,-3.8632484894935826,3.797749726612267,-1.522,False,False,1.0,False,False,0.0,1.0,0.002965363313635017,0.002965363313635017,3.2010569278767567
2011-07-25 00:00:00-04:00,82.25797271728516,20.724687576293945,-3.8500884464597593,2.466092523307722,-2.12,False,False,1.0,False,False,0.0,1.0,-0.008217577365119555,-0.008217577365119555,3.1928393505116373
2011-07-26 00:00:00-04:00,83.1500015258789,20.78087043762207,-3.8369913717306385,3.413980959670724,-1.545,False,False,1.0,False,False,0.0,1.0,0.005819335656850382,0.005819335656850382,3.198658686168488
2011-07-27 00:00:00-04:00,84.3325424194336,20.74965476989746,-3.8266575164097625,4.9307200312977955,-0.639,False,False,1.0,False,False,0.0,1.0,0.009263413171753138,0.009263413171753138,3.207922099340241
2011-07-28 00:00:00-04:00,83.89688873291016,20.65601921081543,-3.818169197702091,5.028712435032034,-0.536,False,False,1.0,False,False,0.0,1.0,0.0006020481343198711,0.0006020481343198711,3.2085241474745607
2011-07-29 00:00:00-04:00,84.93421173095703,20.443775177001953,-3.814219756414093,6.957160555148164,0.712,False,True,0.0,False,False,0.0,0.0,0.011837414342676728,0.011837414342676728,3.2203615618172377
2011-08-01 00:00:00-04:00,83.62718963623047,20.387601852416992,-3.8111446075802684,5.927090774897962,0.097,False,False,0.0,False,False,0.0,0.0,-0.006384969274840083,-0.0,3.2203615618172377
2011-08-02 00:00:00-04:00,82.69361114501953,20.13165855407715,-3.808754334317274,6.017069370182767,0.21,False,True,0.0,False,False,0.0,0.0,0.0005645887491245185,0.0,3.2203615618172377
2011-08-03 00:00:00-04:00,83.06703186035156,19.807058334350586,-3.8095634879804496,7.610785625510715,1.374,False,False,0.0,False,False,0.0,0.0,0.01005351563806881,0.0,3.2203615618172377
2011-08-04 00:00:00-04:00,78.56514739990234,18.895668029785156,-3.810433164945987,6.5644672653993865,0.638,False,False,0.0,False,False,0.0,0.0,-0.006949241917939434,-0.0,3.2203615618172377
2011-08-05 00:00:00-04:00,77.09215545654297,18.933122634887695,-3.8086223321497115,4.98304177198051,-0.483,False,False,0.0,False,True,0.0,0.0,-0.01059927641716815,-0.0,3.2203615618172377
2011-08-08 00:00:00-04:00,70.14228057861328,18.003009796142578,-3.7997327619980754,1.735654441638033,-2.475,True,False,1.0,False,False,0.0,1.0,-0.023438563373211402,-0.0,3.2203615618172377
2011-08-09 00:00:00-04:00,74.270751953125,18.608518600463867,-3.789955223483407,3.7452996820088345,-1.111,False,False,1.0,False,False,0.0,1.0,0.013879129298572835,0.013879129298572835,3.2342406911158106
2011-08-10 00:00:00-04:00,71.92642211914062,18.084156036376953,-3.779408045828651,3.5790172932368023,-1.167,False,False,1.0,False,False,0.0,1.0,-0.0011854127914908686,-0.0011854127914908686,3.23305527832432
2011-08-11 00:00:00-04:00,75.80595397949219,19.27021026611328,-3.7675619437665744,3.2042431325038336,-1.325,False,False,1.0,False,False,0.0,1.0,-0.0025253019186789153,-0.0025253019186789153,3.230529976405641
2011-08-12 00:00:00-04:00,75.55696868896484,19.395061492919922,-3.754109151679813,2.745790841001437,-1.493,False,False,1.0,False,False,0.0,1.0,-0.003089964404106712,-0.003089964404106712,3.227440012001534
2011-08-15 00:00:00-04:00,77.63160705566406,20.206573486328125,-3.7383818982824977,2.091718508059941,-1.752,True,False,1.0,False,False,0.0,1.0,-0.004270196163884295,-0.004270196163884295,3.22316981583765
2011-08-16 00:00:00-04:00,77.54859161376953,20.206573486328125,-3.72173911880969,2.344996612599445,-1.517,False,False,1.0,False,False,0.0,1.0,0.0016580980616531006,0.0016580980616531006,3.224827913899303
2011-08-17 00:00:00-04:00,77.54859161376953,20.2877197265625,-3.704629812651358,2.3901002840310355,-1.395,False,False,1.0,False,False,0.0,1.0,0.00029536070339498233,0.00029536070339498233,3.225123274602698
2011-08-18 00:00:00-04:00,74.70639038085938,19.994321823120117,-3.6848962009296136,1.029389854679991,-1.923,True,False,1.0,False,False,0.0,1.0,-0.009170234087745852,-0.009170234087745852,3.215953040514952
2011-08-19 00:00:00-04:00,74.49893951416016,19.738393783569336,-3.6656312001662488,2.145267419940865,-1.282,False,False,1.0,False,False,0.0,1.0,0.0075986225443279865,0.0075986225443279865,3.22355166305928
2011-08-22 00:00:00-04:00,74.16700744628906,19.906932830810547,-3.645623605199682,1.593823211161606,-1.448,False,False,1.0,False,False,0.0,1.0,-0.00375796298519552,-0.00375796298519552,3.2197937000740846
2011-08-23 00:00:00-04:00,75.66071319580078,20.162870407104492,-3.6267897514909944,2.5342214426731573,-0.943,False,False,1.0,False,False,0.0,1.0,0.006320424070297883,0.006320424070297883,3.2261141241443827
2011-08-24 00:00:00-04:00,76.71875,20.8745059967041,-3.6065636126803073,1.433516239610114,-1.387,False,False,1.0,False,False,0.0,1.0,-0.007241291812444404,-0.007241291812444404,3.218872832331938
2011-08-25 00:00:00-04:00,77.36190795898438,20.69971466064453,-3.5885537754501957,3.079868762786674,-0.551,False,False,1.0,False,False,0.0,1.0,0.010856697903621535,0.010856697903621535,3.2297295302355598
2011-08-26 00:00:00-04:00,79.14604187011719,20.599843978881836,-3.5762302499912466,5.4762566877399195,0.707,False,True,0.0,False,False,0.0,0.0,0.01568154275100086,0.01568154275100086,3.2454110729865606
2011-08-29 00:00:00-04:00,79.93441009521484,21.061769485473633,-3.5661101079182203,4.825821042423783,0.44,False,False,0.0,False,False,0.0,0.0,-0.0041951951967545646,-0.0,3.2454110729865606
2011-08-30 00:00:00-04:00,79.45723724365234,21.030567169189453,-3.55703095452335,4.650858831662958,0.4,False,False,0.0,False,False,0.0,0.0,-0.0011341767792568001,-0.0,3.2454110729865606
2011-08-31 00:00:00-04:00,81.17916107177734,21.305225372314453,-3.5501732518339533,5.541919830692493,0.933,False,False,0.0,False,False,0.0,0.0,0.0056821925888325825,0.0,3.2454110729865606
2011-09-01 00:00:00-04:00,80.12107849121094,20.91195297241211,-3.5454688591410863,5.97840044370092,1.179,False,False,0.0,False,False,0.0,0.0,0.002829443693074263,0.0,3.2454110729865606
2011-09-02 00:00:00-04:00,78.21247863769531,20.649784088134766,-3.5404893166433054,5.102138682663252,0.673,False,False,0.0,False,False,0.0,0.0,-0.005790678294170906,-0.0,3.2454110729865606
2011-09-06 00:00:00-04:00,77.1544189453125,20.531173706054688,-3.5344420667225456,4.588174919444981,0.369,False,False,0.0,False,False,0.0,0.0,-0.0034328178423655856,-0.0,3.2454110729865606
2011-09-07 00:00:00-04:00,78.64813232421875,20.96202278137207,-3.5279231560245354,4.695726756702385,0.412,False,False,0.0,False,False,0.0,0.0,0.000704793303767436,0.0,3.2454110729865606
2011-09-08 00:00:00-04:00,77.71455383300781,20.98093605041504,-3.519661331963507,3.868764507962851,-0.078,False,False,0.0,False,False,0.0,0.0,-0.005456323412234207,-0.0,3.2454110729865606
2011-09-09 00:00:00-04:00,75.61921691894531,20.36274528503418,-3.510891223842449,4.127833204379598,0.067,False,False,0.0,False,False,0.0,0.0,0.0017610470985850422,0.0,3.2454110729865606
2011-09-12 00:00:00-04:00,74.49893951416016,20.602455139160156,-3.498773123171964,2.415623201910492,-0.927,False,False,0.0,False,True,0.0,0.0,-0.011680881787607312,-0.0,3.2454110729865606
2011-09-13 00:00:00-04:00,74.02178955078125,20.936784744262695,-3.4823195054998277,1.1132156533840458,-1.582,True,False,1.0,False,False,0.0,1.0,-0.008864114386988487,-0.0,3.2454110729865606
2011-09-14 00:00:00-04:00,73.68984985351562,21.195419311523438,-3.461832546835448,0.314857437059203,-1.853,False,False,1.0,False,False,0.0,1.0,-0.005428613691770524,-0.005428613691770524,3.23998245929479
2011-09-15 00:00:00-04:00,74.24995422363281,21.479291915893555,-3.439024991318657,0.3821325290460891,-1.678,False,False,1.0,False,False,0.0,1.0,0.0004541999876100676,0.0004541999876100676,3.2404366592824
2011-09-16 00:00:00-04:00,75.22502136230469,21.744239807128906,-3.4158309832128024,0.9503733227045927,-1.321,False,False,1.0,False,False,0.0,1.0,0.0038009501688654815,0.0038009501688654815,3.2442376094512655
2011-09-19 00:00:00-04:00,74.6648941040039,21.66222381591797,-3.39287266575339,1.1677270395437347,-1.141,False,False,1.0,False,False,0.0,1.0,0.0014669998184758323,0.0014669998184758323,3.2457046092697412
2011-09-20 00:00:00-04:00,73.68984985351562,21.958711624145508,-3.3674765237469937,-0.2555960325245934,-1.753,True,False,1.0,False,False,0.0,1.0,-0.009640804828807465,-0.009640804828807465,3.236063804440934
2011-09-21 00:00:00-04:00,71.17957305908203,21.334205627441406,-3.3411457440175547,-0.10111727503918644,-1.63,False,False,1.0,False,False,0.0,1.0,0.001084363834559477,0.001084363834559477,3.2371481682754935
2011-09-22 00:00:00-04:00,69.91405487060547,20.842164993286133,-3.315994275194834,0.8015550702024825,-1.102,False,False,1.0,False,False,0.0,1.0,0.006492805258518756,0.006492805258518756,3.243640973534012
2011-09-23 00:00:00-04:00,69.39541625976562,21.20172691345215,-3.289391717414797,-0.34536864423425584,-1.625,True,False,1.0,False,False,0.0,1.0,-0.008243172552100879,-0.008243172552100879,3.2353978009819113
2011-09-26 00:00:00-04:00,70.86837768554688,21.44774627685547,-3.264008066672784,0.8627608259394464,-0.938,False,False,1.0,False,False,0.0,1.0,0.008575958068587746,0.008575958068587746,3.243973759050499
2011-09-27 00:00:00-04:00,72.4658203125,21.5045223236084,-3.24265403184521,2.734094296945898,0.095,False,False,1.0,False,False,0.0,1.0,0.013160096776137246,0.013160096776137246,3.2571338558266363
2011-09-28 00:00:00-04:00,70.5428695678711,21.151268005371094,-3.2231214186451105,2.369764628256476,-0.085,False,False,1.0,False,False,0.0,1.0,-0.0026264434934980103,-0.0026264434934980103,3.254507412333138
2011-09-29 00:00:00-04:00,72.4240493774414,21.422513961791992,-3.2069718056360066,3.7226510961307753,0.646,False,True,0.0,False,False,0.0,0.0,0.009586410461886663,0.009586410461886663,3.264093822795025
2011-09-30 00:00:00-04:00,71.83879089355469,21.050334930419922,-3.194403210683523,4.595533405857779,1.074,False,False,0.0,False,False,0.0,0.0,0.006276024259682023,0.0,3.264093822795025
2011-10-03 00:00:00-04:00,70.29204559326172,20.3942928314209,-3.185264140755569,5.330835961268363,1.376,False,False,0.0,False,False,0.0,0.0,0.005436486938417769,0.0,3.264093822795025
2011-10-04 00:00:00-04:00,72.4240493774414,20.116727828979492,-3.183376917822,8.384922344560607,2.565,False,False,0.0,True,False,-1.0,-1.0,0.022380296748399812,0.0,3.264093822795025
2011-10-05 00:00:00-04:00,73.1137924194336,20.167192459106445,-3.1865122916006583,8.850785761414798,2.433,False,False,0.0,False,False,-1.0,-1.0,0.0033911360577817745,-0.0033911360577817745,3.2607026867372433
2011-10-06 00:00:00-04:00,74.01255798339844,20.53937530517578,-3.1919390331920985,8.45212422942599,2.05,False,False,0.0,False,False,-1.0,-1.0,-0.0028562942373475332,0.0028562942373475332,3.2635589809745906
2011-10-07 00:00:00-04:00,72.86295318603516,20.387975692749023,-3.1973725695741555,7.6749989568947825,1.613,False,False,0.0,False,False,-1.0,-1.0,-0.005629265950379266,0.005629265950379266,3.26918824692497
2011-10-10 00:00:00-04:00,75.93550109863281,20.703386306762695,-3.2060985859344484,9.558403536466315,2.098,False,False,0.0,False,False,-1.0,-1.0,0.013234278604247885,-0.013234278604247885,3.255953968320722
2011-10-11 00:00:00-04:00,73.82442474365234,20.684465408325195,-3.2129671362824612,7.365917155132109,1.238,False,False,0.0,False,False,-1.0,-1.0,-0.015629031592686343,0.015629031592686343,3.2715829999134085
2011-10-12 00:00:00-04:00,75.01581573486328,20.583532333374023,-3.221072668997889,8.714762304397865,1.586,False,False,0.0,True,False,-1.0,-1.0,0.009544827572479845,-0.009544827572479845,3.2620381723409286
2011-10-13 00:00:00-04:00,76.1863021850586,20.589839935302734,-3.231539438967209,9.649422392105762,1.749,False,False,0.0,False,False,-1.0,-1.0,0.006548761558944887,-0.006548761558944887,3.255489410781984
2011-10-14 00:00:00-04:00,75.7264633178711,20.854782104492188,-3.2408052500112077,8.140175985793036,1.212,False,False,0.0,False,False,-1.0,-1.0,-0.010531138363251157,0.010531138363251157,3.266020549145235
2011-10-17 00:00:00-04:00,74.51419067382812,20.94310188293457,-3.246526825176482,6.521848608476958,0.681,False,False,0.0,False,False,-1.0,-1.0,-0.011356162740118027,0.011356162740118027,3.277376711885353
2011-10-18 00:00:00-04:00,76.16541290283203,20.835859298706055,-3.253386107279541,8.378317727190506,1.201,False,False,0.0,False,False,-1.0,-1.0,0.012896399955056856,-0.012896399955056856,3.2644803119302965
2011-10-19 00:00:00-04:00,77.75394439697266,20.842164993286133,-3.263301235034962,9.739681633579565,1.524,False,False,0.0,True,False,-1.0,-1.0,0.00933923749841668,-0.00933923749841668,3.25514107443188
2011-10-20 00:00:00-04:00,79.23794555664062,21.075565338134766,-3.2758541646275185,10.197467071832477,1.564,False,False,0.0,False,False,-1.0,-1.0,0.0030873368206620956,-0.0030873368206620956,3.2520537376112175
2011-10-21 00:00:00-04:00,82.12236022949219,21.55498504638672,-3.291747400624221,11.16879423255476,1.707,False,False,0.0,False,False,-1.0,-1.0,0.006345394633023464,-0.006345394633023464,3.245708342978194
2011-10-24 00:00:00-04:00,85.00680541992188,21.712690353393555,-3.312999327380318,13.072676883511903,2.015,False,False,0.0,False,False,-1.0,-1.0,0.012131205052512884,-0.012131205052512884,3.233577137925681
2011-10-25 00:00:00-04:00,77.50313568115234,21.41620445251465,-3.3253136954362734,6.28753771094209,0.28,False,False,0.0,False,False,-1.0,-1.0,-0.045623970874281626,0.045623970874281626,3.279201108799963
2011-10-26 00:00:00-04:00,77.3568115234375,21.643301010131836,-3.330594281546768,5.271756945297014,0.012,False,False,0.0,False,False,-1.0,-1.0,-0.006797163285920382,0.006797163285920382,3.2859982720858834
2011-10-27 00:00:00-04:00,77.5658187866211,21.718994140625,-3.331613248705593,5.2065301591557045,-0.013,False,False,0.0,False,False,-1.0,-1.0,-0.0004350624606267975,0.0004350624606267975,3.28643333454651
2011-10-28 00:00:00-04:00,76.1863021850586,21.441444396972656,-3.3294126386554597,4.798886218749544,-0.135,False,False,0.0,False,False,-1.0,-1.0,-0.0027623071744254375,0.0027623071744254375,3.289195641720936
2011-10-31 00:00:00-04:00,75.8936767578125,21.258501052856445,-3.3260235247882144,5.187402154276938,-0.067,False,False,0.0,False,False,-1.0,-1.0,0.0026501777928272124,-0.0026501777928272124,3.2865454639281086
2011-11-01 00:00:00-04:00,75.35023498535156,20.545690536499023,-3.325179894727333,7.032117890095378,0.373,False,True,0.0,False,False,-1.0,-1.0,0.012840098108617744,-0.012840098108617744,3.273705365819491
2011-11-02 00:00:00-04:00,76.35353088378906,21.189117431640625,-3.3238779491996966,5.92349068975588,0.032,False,False,0.0,False,False,-1.0,-1.0,-0.007552801667100211,0.007552801667100211,3.281258167486591
2011-11-03 00:00:00-04:00,75.81006622314453,21.68745994567871,-3.318639351411808,3.8372082152477702,-0.583,False,False,0.0,False,True,0.0,0.0,-0.014117209314700334,0.014117209314700334,3.2953753768012914
2011-11-04 00:00:00-04:00,75.4965591430664,21.37205696105957,-3.3126150226803204,4.699162188280965,-0.377,False,False,0.0,False,False,0.0,0.0,0.005891931533088481,0.0,3.2953753768012914
2011-11-07 00:00:00-05:00,75.45477294921875,21.55498504638672,-3.305261881108978,4.2099025275226865,-0.586,False,False,0.0,False,False,0.0,0.0,-0.0033351114530063074,-0.0,3.2953753768012914
2011-11-08 00:00:00-05:00,76.79244232177734,21.561290740966797,-3.2996569010986043,5.6475805317528085,-0.21,False,False,0.0,False,False,0.0,0.0,0.009718157383371092,0.0,3.2953753768012914
2011-11-09 00:00:00-05:00,75.58019256591797,20.861087799072266,-3.297117285005152,6.798739399586722,0.112,False,False,0.0,False,False,0.0,0.0,0.007974132339617367,0.0,3.2953753768012914
2011-11-10 00:00:00-05:00,76.33263397216797,21.208030700683594,-3.295716938447483,6.436967960810804,-0.088,False,False,0.0,False,False,0.0,0.0,-0.0024740179487601033,-0.0,3.2953753768012914
2011-11-11 00:00:00-05:00,77.4822006225586,21.4666748046875,-3.295509212477838,6.738576042445047,-0.043,False,False,0.0,False,False,0.0,0.0,0.0020347876709193393,0.0,3.2953753768012914
2011-11-14 00:00:00-05:00,76.87606811523438,21.195419311523438,-3.296467822988989,7.006050360037932,0.015,False,False,0.0,False,False,0.0,0.0,0.0018227015460504428,0.0,3.2953753768012914
2011-11-15 00:00:00-05:00,75.43386840820312,20.98093605041504,-3.296813999644375,6.263624711551458,-0.372,False,False,0.0,False,True,0.0,0.0,-0.005134194579114938,-0.0,3.2953753768012914
2011-11-16 00:00:00-05:00,75.22481536865234,20.671852111816406,-3.2981567685752258,7.0458064070789845,-0.064,False,False,0.0,False,False,0.0,0.0,0.0054543991360114915,0.0,3.2953753768012914
2011-11-17 00:00:00-05:00,74.38878631591797,20.558298110961914,-3.2992444304537285,6.561935773719469,-0.326,False,False,0.0,False,True,0.0,0.0,-0.0034023729320444293,-0.0,3.2953753768012914
2011-11-18 00:00:00-05:00,73.30189514160156,20.62137794494629,-3.2979949542149085,5.292694730210101,-0.935,False,False,0.0,False,False,0.0,0.0,-0.008981892317389826,-0.0,3.2953753768012914
2011-11-21 00:00:00-05:00,73.13465881347656,20.312280654907227,-3.2968853430536376,6.167398438320987,-0.484,False,False,0.0,False,False,0.0,0.0,0.006243338515107644,0.0,3.2953753768012914
2011-11-22 00:00:00-05:00,71.75518035888672,20.00948715209961,-3.2952616546171223,5.8186846180189065,-0.611,False,False,0.0,False,False,0.0,0.0,-0.0025325700883286886,-0.0,3.2953753768012914
2011-11-23 00:00:00-05:00,71.6088638305664,19.668846130371094,-3.295014870817329,6.79972333917577,-0.115,False,False,0.0,False,False,0.0,0.0,0.007191416749079078,0.0,3.2953753768012914
2011-11-25 00:00:00-05:00,72.38224029541016,19.687776565551758,-3.2967301314533053,7.476954070435411,0.218,False,True,0.0,False,False,0.0,0.0,0.004932937087762912,0.0,3.2953753768012914
2011-11-28 00:00:00-05:00,73.15556335449219,19.92748260498047,-3.299492669149097,7.404980584762981,0.218,False,False,0.0,False,False,0.0,0.0,-0.0005181447162753005,-0.0,3.2953753768012914
2011-11-29 00:00:00-05:00,72.194091796875,20.15457534790039,-3.299931971608852,5.685364232138895,-0.61,False,False,0.0,False,True,0.0,0.0,-0.012397847142103778,-0.0,3.2953753768012914
2011-11-30 00:00:00-05:00,73.69905853271484,20.779085159301758,-3.2980754504960625,5.168067885054654,-0.817,False,False,0.0,False,False,0.0,0.0,-0.0036370397821363985,-0.0,3.2953753768012914
2011-12-01 00:00:00-05:00,74.07526397705078,20.596145629882812,-3.2966043613282348,6.177920467027633,-0.273,False,False,0.0,False,False,0.0,0.0,0.007113010036565835,0.0,3.2953753768012914
2011-12-02 00:00:00-05:00,76.2490234375,20.381671905517578,-3.3002576975480498,8.984253842416791,1.138,False,True,0.0,False,False,0.0,0.0,0.01955445059383255,0.0,3.2953753768012914
2011-12-05 00:00:00-05:00,78.63179779052734,20.551992416381836,-3.30980477244875,10.608715207456228,1.8,False,False,0.0,True,False,-1.0,-1.0,0.01107676308419587,0.0,3.2953753768012914
2011-12-06 00:00:00-05:00,78.19285583496094,20.596145629882812,-3.3214249284737174,9.78430430939315,1.356,False,False,0.0,False,False,-1.0,-1.0,-0.005623485564743934,0.005623485564743934,3.3009988623660353
2011-12-07 00:00:00-05:00,79.53057861328125,20.445056915283203,-3.3369174093022123,11.307112258498151,1.976,False,False,0.0,True,False,-1.0,-1.0,0.010306370627173975,-0.010306370627173975,3.2906924917388616
2011-12-08 00:00:00-05:00,79.00804138183594,20.100805282592773,-3.3550976714260243,11.567876384420998,2.01,False,False,0.0,False,False,-1.0,-1.0,0.001780589413622159,-0.001780589413622159,3.2889119023252396
2011-12-09 00:00:00-05:00,79.38426208496094,20.21555519104004,-3.3742234525623216,11.172461652785657,1.837,False,False,0.0,False,False,-1.0,-1.0,-0.0026790330642420283,0.0026790330642420283,3.2915909353894817
2011-12-12 00:00:00-05:00,79.2797622680664,20.030672073364258,-3.394089682133716,11.293864857656814,2.026,False,False,0.0,False,False,-1.0,-1.0,0.0008243823110982968,-0.0008243823110982968,3.290766553078383
2011-12-13 00:00:00-05:00,79.17525482177734,20.07530403137207,-3.413307488343443,10.652069240723748,1.602,False,False,0.0,False,False,-1.0,-1.0,-0.004345310723543464,0.004345310723543464,3.2951118638019268
2011-12-14 00:00:00-05:00,79.44696044921875,19.794790267944336,-3.433526637654376,11.481020777450269,1.809,False,False,0.0,False,False,-1.0,-1.0,0.005623331038505923,-0.005623331038505923,3.289488532763421
2011-12-15 00:00:00-05:00,79.17525482177734,20.298429489135742,-3.4504012065912235,9.137529220556502,0.762,False,False,0.0,False,False,-1.0,-1.0,-0.015705681571739214,0.015705681571739214,3.30519421433516
2011-12-16 00:00:00-05:00,79.00804138183594,19.94780158996582,-3.4664543764291467,9.859897260158633,1.01,False,False,0.0,False,False,-1.0,-1.0,0.0048757197490414675,-0.0048757197490414675,3.3003184945861186
2011-12-19 00:00:00-05:00,79.00804138183594,19.53341293334961,-3.483856478937962,10.956434178215318,1.387,False,False,0.0,False,False,-1.0,-1.0,0.007456409209488123,-0.007456409209488123,3.2928620853766306
2011-12-20 00:00:00-05:00,80.84737396240234,19.941425323486328,-3.5022639809457816,11.007238323236095,1.323,False,False,0.0,False,False,-1.0,-1.0,0.00033714901225129917,-0.00033714901225129917,3.292524936364379
2011-12-21 00:00:00-05:00,81.2236099243164,20.190052032470703,-3.5198478160501,10.157699371886522,0.918,False,False,0.0,False,False,-1.0,-1.0,-0.005578446558174644,0.005578446558174644,3.298103382922554
2011-12-22 00:00:00-05:00,80.40843200683594,20.49605369567871,-3.5331808235457327,7.992168130900268,-0.021,False,False,0.0,False,False,-1.0,-1.0,-0.01417003468240097,0.01417003468240097,3.312273417604955
2011-12-23 00:00:00-05:00,81.53713989257812,20.744688034057617,-3.544007368837382,8.01781263564527,-0.053,False,False,0.0,False,False,-1.0,-1.0,0.00016538816610774164,-0.00016538816610774164,3.312108029438847
2011-12-27 00:00:00-05:00,81.87154388427734,20.923192977905273,-3.552480595567467,7.542306832955376,-0.323,False,False,0.0,False,True,0.0,0.0,-0.0030441960651012585,0.0030441960651012585,3.3151522255039483
2011-12-28 00:00:00-05:00,81.4296875,20.731937408447266,-3.5596672659489497,7.630888547447768,-0.315,False,False,0.0,False,False,0.0,0.0,0.0005706537280415228,0.0,3.3151522255039483
2011-12-29 00:00:00-05:00,81.7873764038086,20.99969482421875,-3.564849404129814,6.926626822784442,-0.653,False,False,0.0,False,False,0.0,0.0,-0.00449581966101219,-0.0,3.3151522255039483
2011-12-30 00:00:00-05:00,81.64009857177734,21.044313430786133,-3.568158714764263,6.5506482074871855,-0.835,False,False,0.0,False,False,0.0,0.0,-0.0023989006403037907,-0.0,3.3151522255039483
2012-01-03 00:00:00-05:00,81.64009857177734,20.2793025970459,-3.574903218132196,9.143554456121365,0.37,False,True,0.0,False,False,0.0,0.0,0.016822127454094195,0.0,3.3151522255039483
2012-01-04 00:00:00-05:00,81.17716979980469,20.18367576599121,-3.5831583285534365,8.85586387807112,0.207,False,False,0.0,False,False,0.0,0.0,-0.001874224331531117,-0.0,3.3151522255039483
2012-01-05 00:00:00-05:00,82.58698272705078,20.40043067932129,-3.5930899686121687,9.286399897813524,0.378,False,False,0.0,False,False,0.0,0.0,0.0027618368290378277,0.0,3.3151522255039483
2012-01-06 00:00:00-05:00,81.89260864257812,20.317554473876953,-3.602961279402267,8.689246581053155,0.062,False,False,0.0,False,False,0.0,0.0,-0.003850218120106016,-0.0,3.3151522255039483
2012-01-09 00:00:00-05:00,81.19823455810547,20.17092514038086,-3.612167223208013,8.337479904239245,-0.14,False,False,0.0,False,False,0.0,0.0,-0.0022833245798459007,-0.0,3.3151522255039483
2012-01-10 00:00:00-05:00,82.03984832763672,20.126300811767578,-3.622371303602634,9.134913819415445,0.213,False,True,0.0,False,False,0.0,0.0,0.005146568348938651,0.0,3.3151522255039483
2012-01-11 00:00:00-05:00,81.64009857177734,19.858543395996094,-3.633740430730029,9.479306538339529,0.352,False,False,0.0,False,False,0.0,0.0,0.002239211473801479,0.0,3.3151522255039483
2012-01-12 00:00:00-05:00,81.34550476074219,19.871295928955078,-3.64483939221985,8.917822584428777,0.0,False,False,0.0,False,False,0.0,0.0,-0.003651377493662702,-0.0,3.3151522255039483
2012-01-13 00:00:00-05:00,81.38760375976562,19.69917106628418,-3.6565263010108957,9.357066647784677,0.21,False,True,0.0,False,False,0.0,0.0,0.002863051662991384,0.0,3.3151522255039483
2012-01-17 00:00:00-05:00,81.00884246826172,19.56528663635254,-3.6683489478325484,9.23654382175566,0.112,False,False,0.0,False,False,0.0,0.0,-0.000788859313064571,-0.0,3.3151522255039483
2012-01-18 00:00:00-05:00,81.7873764038086,19.45053482055664,-3.681870528093855,10.1730254923378,0.615,False,True,0.0,False,False,0.0,0.0,0.006104766139024189,0.0,3.3151522255039483
2012-01-19 00:00:00-05:00,81.13510131835938,19.284788131713867,-3.695858203514926,9.861258898717395,0.384,False,False,0.0,False,False,0.0,0.0,-0.0020455925090350816,-0.0,3.3151522255039483
2012-01-20 00:00:00-05:00,80.75636291503906,19.252904891967773,-3.7092450741197625,9.342620282011325,-0.02,False,False,0.0,False,False,0.0,0.0,-0.003408281901613357,-0.0,3.3151522255039483
2012-01-23 00:00:00-05:00,80.52491760253906,19.641788482666016,-3.7191084892807633,7.474975311998762,-1.433,False,False,0.0,False,True,0.0,0.0,-0.012161137384809204,-0.0,3.3151522255039483
2012-01-24 00:00:00-05:00,81.68217468261719,19.354902267456055,-3.7302905246660454,9.482766148488508,0.044,False,False,0.0,False,False,0.0,0.0,0.013047635685303066,0.0,3.3151522255039483
2012-01-25 00:00:00-05:00,82.06095123291016,19.718286514282227,-3.740283303330658,8.308973413250257,-0.779,False,False,0.0,False,True,0.0,0.0,-0.007533346188763469,-0.0,3.3151522255039483
2012-01-26 00:00:00-05:00,81.85050201416016,19.845794677734375,-3.748089478374991,7.466687792553557,-1.319,False,False,0.0,False,False,0.0,0.0,-0.005391169116941257,-0.0,3.3151522255039483
2012-01-27 00:00:00-05:00,81.49282836914062,19.335783004760742,-3.7569393976692473,8.849463413771531,-0.274,False,False,0.0,False,False,0.0,0.0,0.00897112865832073,0.0,3.3151522255039483
2012-01-30 00:00:00-05:00,81.38760375976562,19.25928497314453,-3.7664173450826053,8.849098783025283,-0.226,False,False,0.0,False,False,0.0,0.0,-2.3688687334496833e-06,-0.0,3.3151522255039483
2012-01-31 00:00:00-05:00,81.7873764038086,19.3421573638916,-3.77611913468489,8.749085875931272,-0.259,False,False,0.0,False,False,0.0,0.0,-0.0006459711046369386,-0.0,3.3151522255039483
2012-02-01 00:00:00-05:00,83.13402557373047,19.348533630371094,-3.787874443746668,9.844209511274869,0.707,False,True,0.0,False,False,0.0,0.0,0.007001002046035025,0.0,3.3151522255039483
2012-02-02 00:00:00-05:00,83.11300659179688,19.125402450561523,-3.8018146245097793,10.4017718556169,1.203,False,False,0.0,False,False,0.0,0.0,0.003578148942618506,0.0,3.3151522255039483
2012-02-03 00:00:00-05:00,82.60800170898438,19.297531127929688,-3.814663296667529,8.994417998971855,0.049,False,False,0.0,False,False,0.0,0.0,-0.009008702945053506,-0.0,3.3151522255039483
2012-02-06 00:00:00-05:00,82.58698272705078,19.272029876708984,-3.8265807845798014,8.841003520988338,-0.086,False,False,0.0,False,False,0.0,0.0,-0.0009813316148206512,-0.0,3.3151522255039483
2012-02-07 00:00:00-05:00,82.1661376953125,19.5142822265625,-3.8353061536646984,7.322890987427698,-1.41,False,False,0.0,False,True,0.0,0.0,-0.00966892863971846,-0.0,3.3151522255039483
2012-02-08 00:00:00-05:00,82.86048126220703,19.68004035949707,-3.8419670609922303,7.250414442021594,-1.417,False,False,0.0,False,False,0.0,0.0,-0.00045735025393123555,-0.0,3.3151522255039483
2012-02-09 00:00:00-05:00,83.11300659179688,19.367658615112305,-3.8496391546388637,8.554509653381842,-0.125,False,False,0.0,False,False,0.0,0.0,0.008270963250568402,0.0,3.3151522255039483
2012-02-10 00:00:00-05:00,82.14508819580078,19.45053482055664,-3.855467610031736,7.154181197350198,-1.467,False,False,0.0,False,True,0.0,0.0,-0.00891157022489061,-0.0,3.3151522255039483
2012-02-13 00:00:00-05:00,82.43962860107422,19.552532196044922,-3.859857712882439,6.969636397788008,-1.571,True,False,1.0,False,False,0.0,1.0,-0.0011686735654367025,-0.0,3.3151522255039483
2012-02-14 00:00:00-05:00,81.36658477783203,19.622665405273438,-3.8609601156189504,5.60425628593552,-2.555,False,False,1.0,False,False,0.0,1.0,-0.008689553586542456,-0.008689553586542456,3.306462671917406
2012-02-15 00:00:00-05:00,72.63444519042969,19.546159744262695,-3.845669916326529,-2.533633317793999,-4.876,False,False,1.0,False,False,0.0,1.0,-0.055059206027641486,-0.055059206027641486,3.2514034658897644
2012-02-16 00:00:00-05:00,71.79278564453125,19.986051559448242,-3.8168229203911532,-4.490434035690157,-3.984,False,False,1.0,False,False,0.0,1.0,-0.013214839997909206,-0.013214839997909206,3.2381886258918553
2012-02-17 00:00:00-05:00,71.7507095336914,19.973295211791992,-3.781027511910702,-3.7688691656084075,-3.07,False,False,1.0,False,False,0.0,1.0,0.0048995956940084675,0.0048995956940084675,3.2430882215858636
2012-02-21 00:00:00-05:00,72.52920532226562,19.711915969848633,-3.7455571778874046,-1.3029030285142795,-2.162,False,False,1.0,False,False,0.0,1.0,0.016848483217380892,0.016848483217380892,3.2599367048032444
2012-02-22 00:00:00-05:00,73.89690399169922,19.737417221069336,-3.713647941370478,0.5990851607048597,-1.562,False,False,1.0,False,False,0.0,1.0,0.012921578659516335,0.012921578659516335,3.2728582834627606
2012-02-23 00:00:00-05:00,74.40190887451172,19.444162368774414,-3.6877133914841007,2.6974109209911035,-0.996,False,False,1.0,False,False,0.0,1.0,0.014361627295071183,0.014361627295071183,3.2872199107578317
2012-02-24 00:00:00-05:00,74.2125473022461,19.39952850341797,-3.6660628011836223,3.0926574953640937,-0.853,False,False,1.0,False,False,0.0,1.0,0.002719603291839145,0.002719603291839145,3.2899395140496708
2012-02-27 00:00:00-05:00,73.4129638671875,19.558916091918945,-3.645222652651356,2.116359867617433,-1.026,False,False,1.0,False,False,0.0,1.0,-0.006746600395114123,-0.006746600395114123,3.2831929136545566
2012-02-28 00:00:00-05:00,74.71752166748047,19.53978157043457,-3.6279051040724455,3.829048375640184,-0.591,False,False,1.0,False,False,0.0,1.0,0.01176248621151375,0.01176248621151375,3.2949553998660703
2012-02-29 00:00:00-05:00,75.49603271484375,19.622665405273438,-3.614031882391155,4.579094322691589,-0.385,False,False,1.0,False,False,0.0,1.0,0.005122810782272048,0.005122810782272048,3.3000782106483424
2012-03-01 00:00:00-05:00,74.38085174560547,19.635412216186523,-3.600660872183414,3.6803912695904444,-0.559,False,False,1.0,False,False,0.0,1.0,-0.006194478388286982,-0.006194478388286982,3.2938837322600554
2012-03-02 00:00:00-05:00,74.02314758300781,19.78204345703125,-3.586500286864033,3.074843049608461,-0.662,False,False,1.0,False,False,0.0,1.0,-0.004177016999841795,-0.004177016999841795,3.2897067152602135
2012-03-05 00:00:00-05:00,74.61233520507812,19.737417221069336,-3.573655149234991,4.077612520404301,-0.391,False,False,1.0,False,False,0.0,1.0,0.006908644828044017,0.006908644828044017,3.2966153600882575
2012-03-06 00:00:00-05:00,73.20256042480469,19.520660400390625,-3.560958221781426,3.6903042774305845,-0.448,False,False,1.0,False,False,0.0,1.0,-0.0027138614775700843,-0.0027138614775700843,3.2939014986106874
2012-03-07 00:00:00-05:00,72.80278778076172,19.504533767700195,-3.548183751695586,3.597117981810001,-0.431,False,False,1.0,False,False,0.0,1.0,-0.0006562024347618535,-0.0006562024347618535,3.2932452961759253
2012-03-08 00:00:00-05:00,73.79170989990234,19.685138702392578,-3.536358168568469,4.17800885029304,-0.253,False,False,1.0,False,False,0.0,1.0,0.004050690030709868,0.004050690030709868,3.297295986206635
2012-03-09 00:00:00-05:00,73.98104858398438,19.536787033081055,-3.526728026644917,5.080114203824422,0.003,False,False,1.0,False,False,0.0,1.0,0.006313639654327602,0.006313639654327602,3.303609625860963
2012-03-12 00:00:00-04:00,73.812744140625,19.6722354888916,-3.5175847863116716,4.613987872159356,-0.094,False,False,1.0,False,False,0.0,1.0,-0.003259362571063805,-0.003259362571063805,3.300350263289899
2012-03-13 00:00:00-04:00,74.00212097167969,19.665782928466797,-3.509400858948641,4.987005470620787,0.035,False,False,1.0,False,False,0.0,1.0,0.0026082002957212346,0.0026082002957212346,3.3029584635856204
2012-03-14 00:00:00-04:00,75.6854248046875,19.41423988342285,-3.5064529183832396,7.610306707267156,0.726,False,True,0.0,False,False,0.0,0.0,0.018247713758514937,0.018247713758514937,3.3212061773441355
2012-03-15 00:00:00-04:00,75.8537368774414,19.4335880279541,-3.506824526334917,7.703553746323351,0.748,False,False,0.0,False,False,0.0,0.0,0.0006475312550564738,0.0,3.3212061773441355
2012-03-16 00:00:00-04:00,75.47500610351562,19.42713737487793,-3.50851800474027,7.3145448431937865,0.665,False,False,0.0,False,False,0.0,0.0,-0.0027083067314020784,-0.0,3.3212061773441355
2012-03-19 00:00:00-04:00,75.5802230834961,19.33683967590332,-3.511645736963392,7.676092469265612,0.776,False,False,0.0,False,False,0.0,0.0,0.0025197703913660504,0.0,3.3212061773441355
2012-03-20 00:00:00-04:00,73.83379364013672,19.207841873168945,-3.5133079698984995,6.350729702582143,0.449,False,False,0.0,False,False,0.0,0.0,-0.00937866005090602,-0.0,3.3212061773441355
2012-03-21 00:00:00-04:00,73.64440155029297,19.207841873168945,-3.5137381137932833,6.153075476824668,0.437,False,False,0.0,False,False,0.0,0.0,-0.0014004549314712168,-0.0,3.3212061773441355
2012-03-22 00:00:00-04:00,73.83379364013672,19.227190017700195,-3.513637969561668,6.27640874596824,0.525,False,False,0.0,False,False,0.0,0.0,0.0008722840450307735,0.0,3.3212061773441355
2012-03-23 00:00:00-04:00,73.72858428955078,19.13689422607422,-3.5135899176067915,6.489385682508782,0.62,False,False,0.0,False,False,0.0,0.0,0.0015108199346284105,0.0,3.3212061773441355
2012-03-26 00:00:00-04:00,74.23355865478516,19.33683967590332,-3.5132377399245946,6.298643734530344,0.599,False,False,0.0,False,False,0.0,0.0,-0.001341661362621016,-0.0,3.3212061773441355
2012-03-27 00:00:00-04:00,74.23355865478516,19.504533767700195,-3.511710842295487,5.739275948833935,0.449,False,False,0.0,False,False,0.0,0.0,-0.003919121738012133,-0.0,3.3212061773441355
2012-03-28 00:00:00-04:00,74.55164337158203,19.42068862915039,-3.5105904504330008,6.373559329253908,0.654,False,False,0.0,False,False,0.0,0.0,0.00444394725550465,0.0,3.3212061773441355
2012-03-29 00:00:00-04:00,74.23355102539062,19.510986328125,-3.508658599907404,5.7761610525390665,0.508,False,False,0.0,False,False,0.0,0.0,-0.004186658750272036,-0.0,3.3212061773441355
2012-03-30 00:00:00-04:00,74.16996002197266,19.743179321289062,-3.504799841542366,4.974068265176243,0.28,False,False,0.0,False,False,0.0,0.0,-0.005594726899126233,-0.0,3.3212061773441355
2012-04-02 00:00:00-04:00,74.29716491699219,19.749631881713867,-3.5001181604178235,5.171119706238642,0.364,False,False,0.0,False,False,0.0,0.0,0.001373915985333805,0.0,3.3212061773441355
2012-04-03 00:00:00-04:00,74.5940170288086,19.601285934448242,-3.496525395789095,6.057622968886733,0.643,False,False,0.0,False,False,0.0,0.0,0.006193675096052952,0.0,3.3212061773441355
2012-04-04 00:00:00-04:00,74.191162109375,19.485183715820312,-3.493700250829226,6.115770873960031,0.621,False,False,0.0,False,False,0.0,0.0,0.0004087250566362828,0.0,3.3212061773441355
2012-04-05 00:00:00-04:00,74.2760009765625,19.16268539428711,-3.4934945341035073,7.331264292875375,1.067,False,False,0.0,False,False,0.0,0.0,0.0086070462387726,0.0,3.3212061773441355
2012-04-09 00:00:00-04:00,74.23355102539062,19.046594619750977,-3.495437655654523,7.657366979526216,1.286,False,False,0.0,False,False,0.0,0.0,0.0023159100930473407,0.0,3.3212061773441355
2012-04-10 00:00:00-04:00,73.70348358154297,18.762798309326172,-3.4993481398410444,8.045920219589732,1.529,False,False,0.0,True,False,-1.0,-1.0,0.002788105059378997,0.0,3.3212061773441355
2012-04-11 00:00:00-04:00,74.31839752197266,18.936948776245117,-3.504308049941382,7.957495484049289,1.475,False,False,0.0,False,False,-1.0,-1.0,-0.0006285554151682041,0.0006285554151682041,3.321834732759304
2012-04-12 00:00:00-04:00,74.9757080078125,18.969194412231445,-3.510654577078709,8.381418821016311,1.63,False,False,0.0,True,False,-1.0,-1.0,0.0029944433521763587,-0.0029944433521763587,3.3188402894071274
2012-04-13 00:00:00-04:00,74.31839752197266,19.149795532226562,-3.5154363782433755,6.998509672060933,0.758,False,False,0.0,False,False,-1.0,-1.0,-0.009763667678724169,0.009763667678724169,3.3286039570858517
2012-04-16 00:00:00-04:00,74.44561004638672,19.362632751464844,-3.5180821799809796,6.326276805942172,0.293,False,False,0.0,False,False,-1.0,-1.0,-0.004715274671461648,0.004715274671461648,3.3333192317573133
2012-04-17 00:00:00-04:00,75.61182403564453,19.55613899230957,-3.520205569010637,6.770194646570317,0.545,False,False,0.0,False,False,-1.0,-1.0,0.003073085690260021,-0.003073085690260021,3.3302461460670534
2012-04-18 00:00:00-04:00,74.8696517944336,19.41423988342285,-3.521526128773932,6.501898774675041,0.327,False,False,0.0,False,False,-1.0,-1.0,-0.00187308526179534,0.00187308526179534,3.3321192313288486
2012-04-19 00:00:00-04:00,75.63301086425781,19.401338577270508,-3.5237177835176015,7.268169095483643,0.812,False,False,0.0,False,False,-1.0,-1.0,0.005321401026454092,-0.005321401026454092,3.3267978303023944
2012-04-20 00:00:00-04:00,76.62959289550781,19.614181518554688,-3.5267795349516997,7.454698921041285,0.913,False,False,0.0,False,False,-1.0,-1.0,0.0012793147149441685,-0.0012793147149441685,3.3255185155874503
2012-04-23 00:00:00-04:00,76.587158203125,19.57548713684082,-3.5304097193095223,7.4776681550036415,0.884,False,False,0.0,False,False,-1.0,-1.0,0.00015765108009037777,-0.00015765108009037777,3.32536086450736
2012-04-24 00:00:00-04:00,76.75675964355469,19.60773468017578,-3.5343476356297305,7.456208936620342,0.831,False,False,0.0,False,False,-1.0,-1.0,-0.00014692327506102995,0.00014692327506102995,3.3255077877824206
2012-04-25 00:00:00-04:00,78.19865417480469,19.704484939575195,-3.5402327764666737,8.440190748326643,1.637,False,False,0.0,True,False,-1.0,-1.0,0.006650452696422154,-0.006650452696422154,3.3188573350859985
2012-04-26 00:00:00-04:00,79.13157653808594,19.962480545043945,-3.5471113876838287,8.32243447034368,1.488,False,False,0.0,False,False,-1.0,-1.0,-0.0007853522317211682,0.0007853522317211682,3.3196426873177196
2012-04-27 00:00:00-04:00,78.07141876220703,20.117279052734375,-3.5515489258787953,6.623917950864268,-0.158,False,False,0.0,False,False,-1.0,-1.0,-0.011359876892662372,0.011359876892662372,3.3310025642103818
2012-04-30 00:00:00-04:00,77.30809783935547,20.091476440429688,-3.553222886237373,5.918603932921712,-0.941,False,False,0.0,False,True,0.0,0.0,-0.004743278015883054,0.004743278015883054,3.335745842226265
2012-05-01 00:00:00-04:00,77.13844299316406,20.297874450683594,-3.5516502089532596,5.047492959086654,-1.856,True,False,1.0,False,False,0.0,1.0,-0.005837395409602981,-0.0,3.335745842226265
2012-05-02 00:00:00-04:00,77.20207977294922,20.246274948120117,-3.5486650022742534,5.354832438133386,-1.433,False,False,1.0,False,False,0.0,1.0,0.0020619984337434845,0.0020619984337434845,3.3378078406600085
2012-05-03 00:00:00-04:00,77.24446868896484,20.317222595214844,-3.544598816460097,5.228065524209967,-1.459,False,False,1.0,False,False,0.0,1.0,-0.0008492976916793985,-0.0008492976916793985,3.336958542968329
2012-05-04 00:00:00-04:00,76.92642974853516,20.407522201538086,-3.5389399724834565,4.705433690168434,-1.816,True,False,1.0,False,False,0.0,1.0,-0.003504129093841512,-0.003504129093841512,3.3334544138744877
2012-05-07 00:00:00-04:00,77.01123046875,20.272077560424805,-3.5335476118688525,5.378879217490777,-1.106,False,False,1.0,False,False,0.0,1.0,0.004530606162268554,0.004530606162268554,3.3379850200367565
2012-05-08 00:00:00-04:00,76.43872833251953,20.201126098632812,-3.527949987374567,5.170165767895867,-1.241,False,False,1.0,False,False,0.0,1.0,-0.001413020632409059,-0.001413020632409059,3.3365719994043475
2012-05-09 00:00:00-04:00,76.75675964355469,20.32366943359375,-3.5222270693682396,5.172181015658907,-1.187,False,False,1.0,False,False,0.0,1.0,1.3585206837979955e-05,1.3585206837979955e-05,3.3365855846111856
2012-05-10 00:00:00-04:00,76.43872833251953,20.633277893066406,-3.5141854818624347,3.929562717472436,-2.095,True,False,1.0,False,False,0.0,1.0,-0.00834263758454956,-0.00834263758454956,3.328242947026636
2012-05-11 00:00:00-04:00,76.14190673828125,20.652618408203125,-3.504463396017683,3.7655614948124168,-2.023,False,False,1.0,False,False,0.0,1.0,-0.0011042496155972237,-0.0011042496155972237,3.327138697411039
2012-05-14 00:00:00-04:00,75.23013305664062,20.523622512817383,-3.4933478550795822,3.533980373026992,-2.003,False,False,1.0,False,False,0.0,1.0,-0.0015761721642839912,-0.0015761721642839912,3.3255625252467547
2012-05-15 00:00:00-04:00,75.01810455322266,20.407522201538086,-3.482175913236123,3.955522294195319,-1.59,False,False,1.0,False,False,0.0,1.0,0.002885678664080441,0.002885678664080441,3.328448203910835
2012-05-16 00:00:00-04:00,74.7848892211914,20.394624710083008,-3.471044874880487,3.9942316461468437,-1.462,False,False,1.0,False,False,0.0,1.0,0.00026590559199964184,0.00026590559199964184,3.328714109502835
2012-05-17 00:00:00-04:00,74.08514404296875,20.407522201538086,-3.4590533892273236,3.4944352060065853,-1.681,True,False,1.0,False,False,0.0,1.0,-0.0034545947384533367,-0.0034545947384533367,3.3252595147643818
2012-05-18 00:00:00-04:00,72.81292724609375,20.433320999145508,-3.4446566601808306,2.427151976774354,-2.171,False,False,1.0,False,False,0.0,1.0,-0.007453162706675743,-0.007453162706675743,3.317806352057706
2012-05-21 00:00:00-04:00,72.9189453125,19.981828689575195,-3.4322794544171833,4.335725239587234,-0.979,False,False,1.0,False,False,0.0,1.0,0.013487943860183722,0.013487943860183722,3.33129429591789
2012-05-22 00:00:00-04:00,73.42784118652344,19.949573516845703,-3.4225226209313555,5.14997454718592,-0.47,False,False,1.0,False,False,0.0,1.0,0.0057460586457060685,0.0057460586457060685,3.337040354563596
2012-05-23 00:00:00-04:00,74.06394958496094,19.80123519897461,-3.4165438822219123,6.412160605467051,0.283,False,True,0.0,False,False,0.0,0.0,0.008906463537972293,0.008906463537972293,3.345946818101568
2012-05-24 00:00:00-04:00,74.91207885742188,19.781877517700195,-3.414480727325251,7.367239322925883,0.856,False,False,0.0,False,False,0.0,0.0,0.006704333690774386,0.0,3.345946818101568
2012-05-25 00:00:00-04:00,75.03931427001953,19.65288543701172,-3.41570406732182,7.910873548208841,1.172,False,False,0.0,False,False,0.0,0.0,0.0038238925930440264,0.0,3.345946818101568
2012-05-29 00:00:00-04:00,75.44222259521484,19.852834701538086,-3.418320931857203,7.578862178246155,0.991,False,False,0.0,False,False,0.0,0.0,-0.002316806944879872,-0.0,3.345946818101568
2012-05-30 00:00:00-04:00,75.1029052734375,19.833480834960938,-3.4211981652323735,7.248637030697694,0.815,False,False,0.0,False,False,0.0,0.0,-0.0023099585660952657,-0.0,3.345946818101568
2012-05-31 00:00:00-04:00,74.7848892211914,20.117279052734375,-3.4219526349770195,5.944513158119008,0.064,False,False,0.0,False,False,0.0,0.0,-0.009080045004599694,-0.0,3.345946818101568
2012-06-01 00:00:00-04:00,73.6611099243164,20.123729705810547,-3.419493986750078,4.848137204313318,-0.592,False,False,0.0,False,True,0.0,0.0,-0.007695265928068803,-0.0,3.345946818101568
2012-06-04 00:00:00-04:00,74.23355102539062,20.13018226623535,-3.4161874895877355,5.465074204356526,-0.184,False,False,0.0,False,False,0.0,0.0,0.004314183577213046,0.0,3.345946818101568
2012-06-05 00:00:00-04:00,74.42438507080078,20.194673538208008,-3.4124503347578075,5.511064595018226,-0.132,False,False,0.0,False,False,0.0,0.0,0.0003208534034106864,0.0,3.345946818101568
2012-06-06 00:00:00-04:00,76.05709075927734,20.47846794128418,-3.4097183824825192,6.23128217480172,0.335,False,True,0.0,False,False,0.0,0.0,0.004936956853910618,0.0,3.345946818101568
2012-06-07 00:00:00-04:00,75.44222259521484,20.648088455200195,-3.4056206110977474,5.122666972415615,-0.341,False,False,0.0,False,True,0.0,0.0,-0.0076056646395186184,-0.0,3.345946818101568
2012-06-08 00:00:00-04:00,75.46338653564453,20.830759048461914,-3.3998380258606113,4.642179815143706,-0.61,False,False,0.0,False,False,0.0,0.0,-0.003284605347540414,-0.0,3.345946818101568
2012-06-11 00:00:00-04:00,74.21237182617188,20.765520095825195,-3.3915285882461865,3.7855167713800313,-1.112,False,False,0.0,False,False,0.0,0.0,-0.005922757347622562,-0.0,3.345946818101568
2012-06-12 00:00:00-04:00,75.1029052734375,20.72637939453125,-3.3838300438958218,4.96835997703937,-0.283,False,False,0.0,False,False,0.0,0.0,0.008144202483715335,0.0,3.345946818101568
2012-06-13 00:00:00-04:00,74.74246215820312,20.6611385345459,-3.3765274001155126,4.979561778726435,-0.221,False,False,0.0,False,False,0.0,0.0,7.751824216311764e-05,0.0,3.345946818101568
2012-06-14 00:00:00-04:00,74.44561004638672,20.915565490722656,-3.3677127526756876,4.0079934138564965,-0.906,False,False,0.0,False,False,0.0,0.0,-0.006705871943500265,-0.0,3.345946818101568
2012-06-15 00:00:00-04:00,75.01810455322266,21.09171485900879,-3.35830427514244,4.1857083721281185,-0.718,False,False,0.0,False,False,0.0,0.0,0.00121847341885613,0.0,3.345946818101568
2012-06-18 00:00:00-04:00,75.2725601196289,20.94165802001953,-3.3502252371716885,5.113288912740586,0.045,False,False,0.0,False,False,0.0,0.0,0.006378112220356382,0.0,3.345946818101568
2012-06-19 00:00:00-04:00,75.88743591308594,20.993852615356445,-3.3439537412859486,5.68496391595896,0.49,False,True,0.0,False,False,0.0,0.0,0.003913172452471709,0.0,3.345946818101568
2012-06-20 00:00:00-04:00,75.73902893066406,20.882946014404297,-3.339332657422892,6.00392532156458,0.725,False,False,0.0,False,False,0.0,0.0,0.0021925644101602453,0.0,3.345946818101568
2012-06-21 00:00:00-04:00,75.42097473144531,20.576322555541992,-3.337031770532414,6.757132642878972,1.259,False,False,0.0,False,False,0.0,0.0,0.005227527354636441,0.0,3.345946818101568
2012-06-22 00:00:00-04:00,75.90863800048828,20.648088455200195,-3.336549674876584,7.015265178467118,1.368,False,False,0.0,False,False,0.0,0.0,0.0017826585012313894,0.0,3.345946818101568
2012-06-25 00:00:00-04:00,75.01810455322266,20.621992111206055,-3.335759176040142,6.228105140039645,0.746,False,False,0.0,False,False,0.0,0.0,-0.005473683448405367,-0.0,3.345946818101568
2012-06-26 00:00:00-04:00,74.8272933959961,20.41974639892578,-3.3356405268751286,6.714359759226795,1.058,False,False,0.0,False,False,0.0,0.0,0.003401803881812002,0.0,3.345946818101568
2012-06-27 00:00:00-04:00,74.9127426147461,20.791616439819336,-3.3339520133053893,5.594491125336987,0.223,False,False,0.0,False,False,0.0,0.0,-0.0077644104226384575,-0.0,3.345946818101568
2012-06-28 00:00:00-04:00,76.42981719970703,20.79813575744629,-3.333959212257703,7.089680893382635,1.246,False,False,0.0,False,False,0.0,0.0,0.010257187658249359,0.0,3.345946818101568
2012-06-29 00:00:00-04:00,77.96822357177734,21.20261573791504,-3.335265496139091,7.251870873213647,1.284,False,False,0.0,False,False,0.0,0.0,0.0010908325792724838,0.0,3.345946818101568
2012-07-02 00:00:00-04:00,78.5665054321289,21.267854690551758,-3.3379212096583006,7.576082176605425,1.432,False,False,0.0,False,False,0.0,0.0,0.002167811991304585,0.0,3.345946818101568
2012-07-03 00:00:00-04:00,78.63059997558594,21.20261573791504,-3.3417289418137126,7.777205322040345,1.478,False,False,0.0,False,False,0.0,0.0,0.0013454493635516283,0.0,3.345946818101568
2012-07-05 00:00:00-04:00,79.72032928466797,21.09171485900879,-3.348536661510347,9.093948825154499,2.189,False,False,0.0,True,False,-1.0,-1.0,0.008758046686586122,0.0,3.345946818101568
2012-07-06 00:00:00-04:00,79.39982604980469,21.000381469726562,-3.356769652411578,8.906382843160117,1.917,False,False,0.0,False,False,-1.0,-1.0,-0.001251330249348817,0.001251330249348817,3.3471981483509166
2012-07-09 00:00:00-04:00,78.69468688964844,20.922086715698242,-3.364759528397891,8.296896259035833,1.488,False,False,0.0,False,False,-1.0,-1.0,-0.004087976766241992,0.004087976766241992,3.3512861251171584
2012-07-10 00:00:00-04:00,78.41693115234375,20.94165802001953,-3.3717469180227564,7.806960265056361,1.078,False,False,0.0,False,False,-1.0,-1.0,-0.0032875674611365273,0.0032875674611365273,3.354573692578295
2012-07-11 00:00:00-04:00,78.31009674072266,21.10475730895996,-3.376811154019712,7.043316856947612,0.494,False,False,0.0,False,False,-1.0,-1.0,-0.005105357360989842,0.005105357360989842,3.359679049939285
2012-07-12 00:00:00-04:00,78.01095581054688,21.046045303344727,-3.3804218415716636,6.8664445884136285,0.357,False,False,0.0,False,False,-1.0,-1.0,-0.0011858249117696167,0.0011858249117696167,3.3608648748510546
2012-07-13 00:00:00-04:00,78.84426879882812,21.33962059020996,-3.382813233936493,6.656317859082193,0.222,False,False,0.0,False,False,-1.0,-1.0,-0.0013912708804462344,0.0013912708804462344,3.362256145731501
2012-07-16 00:00:00-04:00,78.33145904541016,21.267854690551758,-3.383959919372377,6.361891201547209,0.042,False,False,0.0,False,False,-1.0,-1.0,-0.0019589131466938594,0.0019589131466938594,3.364215058878195
2012-07-17 00:00:00-04:00,79.164794921875,21.267854690551758,-3.3857718976814457,7.156690186632332,0.645,False,True,0.0,False,False,-1.0,-1.0,0.005257549381455563,-0.005257549381455563,3.358957509496739
2012-07-18 00:00:00-04:00,79.42118835449219,21.489667892456055,-3.387058471415781,6.634426671437197,0.27,False,False,0.0,False,False,-1.0,-1.0,-0.003431249912151773,0.003431249912151773,3.362388759408891
2012-07-19 00:00:00-04:00,79.37843322753906,21.470096588134766,-3.3880377901632084,6.636934628484312,0.257,False,False,0.0,False,False,-1.0,-1.0,1.6486708986786988e-05,-1.6486708986786988e-05,3.362372272699904
2012-07-20 00:00:00-04:00,79.164794921875,21.42443084716797,-3.388706208182001,6.563693103310939,0.167,False,False,0.0,False,False,-1.0,-1.0,-0.00048259541007842884,0.00048259541007842884,3.3628548681099826
2012-07-23 00:00:00-04:00,78.99384307861328,21.2939510345459,-3.3896331134486903,6.815161535761504,0.331,False,True,0.0,False,False,-1.0,-1.0,0.00166345328346034,-0.00166345328346034,3.3611914148265223
2012-07-24 00:00:00-04:00,77.88277435302734,21.222190856933594,-3.3892046558854494,5.956426292618389,-0.341,False,False,0.0,False,True,0.0,0.0,-0.005732195939131249,0.005732195939131249,3.3669236107656535
2012-07-25 00:00:00-04:00,78.11778259277344,21.19609832763672,-3.3885734461116637,6.293246638571816,-0.082,False,False,0.0,False,False,0.0,0.0,0.002246332784616142,0.0,3.3669236107656535
2012-07-26 00:00:00-04:00,78.67334747314453,21.698429107666016,-3.3859054428961315,5.204518255202316,-0.927,False,False,0.0,False,True,0.0,0.0,-0.007155993210088485,-0.0,3.3669236107656535
2012-07-27 00:00:00-04:00,79.74166870117188,22.01810646057129,-3.3821474702091088,5.273185636755855,-0.904,False,False,0.0,False,False,0.0,0.0,0.0004452844431274449,0.0,3.3669236107656535
2012-07-30 00:00:00-04:00,79.164794921875,22.181196212768555,-3.3759895014398418,4.281309378191182,-1.735,True,False,1.0,False,False,0.0,1.0,-0.006438736320633133,-0.0,3.3669236107656535
2012-07-31 00:00:00-04:00,79.01519012451172,21.685386657714844,-3.3713393611864984,5.906392522809142,-0.457,False,False,1.0,False,False,0.0,1.0,0.010682622569313063,0.010682622569313063,3.3776062333349666
2012-08-01 00:00:00-04:00,77.7331771850586,21.267854690551758,-3.367928042416157,6.104572970717328,-0.328,False,False,1.0,False,False,0.0,1.0,0.0013268484484544464,0.0013268484484544464,3.378933081783421
2012-08-02 00:00:00-04:00,73.48114776611328,21.0721378326416,-3.359298834839591,2.6935396973410803,-2.914,True,False,1.0,False,False,0.0,1.0,-0.023643603589956437,-0.023643603589956437,3.3552894781934643
2012-08-03 00:00:00-04:00,76.60071563720703,21.2939510345459,-3.3520131064890064,5.2231126804740455,-1.014,False,False,1.0,False,False,0.0,1.0,0.01709421357918143,0.01709421357918143,3.372383691772646
2012-08-06 00:00:00-04:00,76.19477844238281,21.3070011138916,-3.3449895736979007,4.923081869645841,-1.243,False,False,1.0,False,False,0.0,1.0,-0.002034569625383952,-0.002034569625383952,3.370349122147262
2012-08-07 00:00:00-04:00,76.23750305175781,21.163476943969727,-3.3392491836008453,5.567379944451588,-0.725,False,False,1.0,False,False,0.0,1.0,0.004385736068651288,0.004385736068651288,3.3747348582159136
2012-08-08 00:00:00-04:00,75.74604034423828,21.22871208190918,-3.33324117525971,4.985623135085319,-1.143,False,False,1.0,False,False,0.0,1.0,-0.003970861210361731,-0.003970861210361731,3.3707639970055516
2012-08-09 00:00:00-04:00,75.48963928222656,21.241762161254883,-3.3267925500697086,4.822703173811192,-1.199,False,False,1.0,False,False,0.0,1.0,-0.001114694709004237,-0.001114694709004237,3.3696493022965472
2012-08-10 00:00:00-04:00,75.78878021240234,21.398332595825195,-3.3199437629111133,4.747519374194908,-1.183,False,False,1.0,False,False,0.0,1.0,-0.0005120464387146009,-0.0005120464387146009,3.3691372558578325
2012-08-13 00:00:00-04:00,75.8529052734375,21.248291015625,-3.314069589738411,5.434590184642786,-0.646,False,False,1.0,False,False,0.0,1.0,0.004697238518598442,0.004697238518598442,3.373834494376431
2012-08-14 00:00:00-04:00,77.56222534179688,21.280902862548828,-3.3116366244851125,7.087608020070107,0.575,False,True,0.0,False,False,0.0,0.0,0.011166259734304807,0.011166259734304807,3.385000754110736
2012-08-15 00:00:00-04:00,78.35282135009766,21.33308982849121,-3.3122679667125894,7.691911280184044,0.968,False,False,0.0,False,False,0.0,0.0,0.004055352848058301,0.0,3.385000754110736
2012-08-16 00:00:00-04:00,78.7588119506836,21.176523208618164,-3.3161526219251276,8.534228989166152,1.506,False,False,0.0,True,False,-1.0,-1.0,0.005653769062508631,0.0,3.385000754110736
2012-08-17 00:00:00-04:00,79.10069274902344,21.313528060913086,-3.321550613083806,8.306730551318665,1.294,False,False,0.0,False,False,-1.0,-1.0,-0.0015177221491209187,0.0015177221491209187,3.3865184762598566
2012-08-20 00:00:00-04:00,78.78015899658203,21.085182189941406,-3.328330196776312,8.60171040926997,1.443,False,False,0.0,False,False,-1.0,-1.0,0.001980280715132024,-0.001980280715132024,3.3845381955447245
2012-08-21 00:00:00-04:00,78.84426879882812,21.156949996948242,-3.335363565520554,8.278148621466755,1.2,False,False,0.0,False,False,-1.0,-1.0,-0.0021655909607114286,0.0021655909607114286,3.3867037865054357
2012-08-22 00:00:00-04:00,78.35282135009766,21.078664779663086,-3.3419014366317112,7.910001240663334,1.01,False,False,0.0,False,False,-1.0,-1.0,-0.002474181213859994,0.002474181213859994,3.3891779677192955
2012-08-23 00:00:00-04:00,78.45964050292969,20.837284088134766,-3.349443259812785,8.6663397611225,1.554,False,False,0.0,True,False,-1.0,-1.0,0.005101676324995121,-0.005101676324995121,3.3840762913943006
2012-08-24 00:00:00-04:00,78.86565399169922,20.96123695373535,-3.357288442558377,8.49273542519596,1.42,False,False,0.0,False,False,-1.0,-1.0,-0.0011632671966145742,0.0011632671966145742,3.385239558590915
2012-08-27 00:00:00-04:00,78.95110321044922,20.90904426574707,-3.3654643502001775,8.582460137320012,1.439,False,False,0.0,False,False,-1.0,-1.0,0.0006008897976135933,-0.0006008897976135933,3.3846386687933014
2012-08-28 00:00:00-04:00,78.2887191772461,20.86337661743164,-3.372692104379312,7.92297358894244,0.958,False,False,0.0,False,False,-1.0,-1.0,-0.004436372290719156,0.004436372290719156,3.3890750410840207
2012-08-29 00:00:00-04:00,78.24600219726562,20.752470016479492,-3.379680684551634,8.109280125832953,1.042,False,False,0.0,False,False,-1.0,-1.0,0.001255581051020064,-0.001255581051020064,3.3878194600330005
2012-08-30 00:00:00-04:00,77.92548370361328,20.635040283203125,-3.3864165372396093,8.04664204196871,0.959,False,False,0.0,False,False,-1.0,-1.0,-0.0004237906009140832,0.0004237906009140832,3.3882432506339146
2012-08-31 00:00:00-04:00,79.74166870117188,20.65460968017578,-3.3957021580318507,9.604766036893423,1.817,False,False,0.0,True,False,-1.0,-1.0,0.010395909039762095,-0.010395909039762095,3.3778473415941526
2012-09-04 00:00:00-04:00,78.8228988647461,20.667659759521484,-3.4045156473413867,8.459527819527281,1.064,False,False,0.0,False,False,-1.0,-1.0,-0.007676565799636269,0.007676565799636269,3.3855239073937886
2012-09-05 00:00:00-04:00,78.63059997558594,20.631378173828125,-3.412642607856388,8.223079760781758,0.881,False,False,0.0,False,False,-1.0,-1.0,-0.0015864938342181891,0.0015864938342181891,3.3871104012280067
2012-09-06 00:00:00-04:00,78.69468688964844,20.92827033996582,-3.4185334548576978,7.150694580169201,0.224,False,False,0.0,False,False,-1.0,-1.0,-0.007137876785985371,0.007137876785985371,3.394248278013992
2012-09-07 00:00:00-04:00,78.78015899658203,20.888681411743164,-3.4233046698380805,7.271838373001756,0.285,False,False,0.0,False,False,-1.0,-1.0,0.000806075044066803,-0.000806075044066803,3.393442202969925
2012-09-10 00:00:00-04:00,78.95110321044922,20.967859268188477,-3.427104268347636,7.0920632143279505,0.171,False,False,0.0,False,False,-1.0,-1.0,-0.0011920627807345881,0.0011920627807345881,3.3946342657506596
2012-09-11 00:00:00-04:00,78.41693115234375,20.809511184692383,-3.4302244188919495,7.035637741406802,0.119,False,False,0.0,False,False,-1.0,-1.0,-0.00037667651326075665,0.00037667651326075665,3.3950109422639203
2012-09-12 00:00:00-04:00,79.01519012451172,20.618175506591797,-3.434949975674416,8.192788669693385,0.778,False,True,0.0,False,False,-1.0,-1.0,0.007722701066467295,-0.007722701066467295,3.387288241197453
2012-09-13 00:00:00-04:00,80.93824768066406,21.027238845825195,-3.4413189320339774,8.576812552125531,0.951,False,False,0.0,False,False,-1.0,-1.0,0.00250505333993485,-0.00250505333993485,3.384783187857518
2012-09-14 00:00:00-04:00,78.67334747314453,21.020639419555664,-3.444618213662271,6.265270065715981,-0.462,False,False,0.0,False,True,0.0,0.0,-0.015299978063066186,0.015299978063066186,3.4000831659205843
2012-09-17 00:00:00-04:00,78.54512023925781,20.862300872802734,-3.4467493606967614,6.637998043261504,-0.289,False,False,0.0,False,False,0.0,0.0,0.002477383995827935,0.0,3.4000831659205843
2012-09-18 00:00:00-04:00,77.36996459960938,20.71054458618164,-3.4470439559983963,5.979807058376636,-0.71,False,False,0.0,False,False,0.0,0.0,-0.004424512264528195,-0.0,3.4000831659205843
2012-09-19 00:00:00-04:00,77.90413665771484,20.81610679626465,-3.44657202650396,6.159925272990137,-0.597,False,False,0.0,False,False,0.0,0.0,0.0012036097756483078,0.0,3.4000831659205843
2012-09-20 00:00:00-04:00,77.81867218017578,20.941463470458984,-3.4448073946344198,5.679363962672099,-1.085,False,False,0.0,False,False,0.0,0.0,-0.003204639786716374,-0.0,3.4000831659205843
2012-09-21 00:00:00-04:00,77.58360290527344,20.915077209472656,-3.442125838124026,5.59127523618865,-1.168,False,False,0.0,False,False,0.0,0.0,-0.0005889231385370334,-0.0,3.4000831659205843
2012-09-24 00:00:00-04:00,77.98959350585938,21.073427200317383,-3.4387776267160497,5.522763531178512,-1.255,False,False,0.0,False,False,0.0,0.0,-0.00045535912276287383,-0.0,3.4000831659205843
2012-09-25 00:00:00-04:00,78.05369567871094,20.994247436523438,-3.4357408177878495,5.922902822309439,-0.974,False,False,0.0,False,False,0.0,0.0,0.002664318366256419,0.0,3.4000831659205843
2012-09-26 00:00:00-04:00,78.37660217285156,21.014047622680664,-3.4334191356782355,6.226568947086037,-0.802,False,False,0.0,False,False,0.0,0.0,0.002017358083985896,0.0,3.4000831659205843
2012-09-27 00:00:00-04:00,79.13001251220703,21.014047622680664,-3.4328591068587233,6.991747758724813,-0.273,False,False,0.0,False,False,0.0,0.0,0.005058422198428346,0.0,3.4000831659205843
2012-09-28 00:00:00-04:00,79.47441101074219,21.23177146911621,-3.4326396039014235,6.593391404869578,-0.691,False,False,0.0,False,False,0.0,0.0,-0.0026146514912071188,-0.0,3.4000831659205843
2012-10-01 00:00:00-04:00,79.99104309082031,20.921674728393555,-3.435291041316576,8.119001327030531,0.608,False,True,0.0,False,False,0.0,0.0,0.010045956353524187,0.0,3.4000831659205843
2012-10-02 00:00:00-04:00,79.84033966064453,21.073427200317383,-3.438346027023325,7.382604970667984,-0.076,False,False,0.0,False,False,0.0,0.0,-0.004835230908220242,-0.0,3.4000831659205843
2012-10-03 00:00:00-04:00,79.23765563964844,21.19878387451172,-3.439777100382372,6.318564312147927,-1.003,False,False,0.0,False,True,0.0,0.0,-0.006993056040753723,-0.0,3.4000831659205843
2012-10-04 00:00:00-04:00,79.81884002685547,21.370325088500977,-3.440217919954262,6.300264702146251,-0.961,False,False,0.0,False,False,0.0,0.0,-0.00011934210551103982,-0.0,3.4000831659205843
2012-10-05 00:00:00-04:00,80.16326141357422,21.330745697021484,-3.4408929688849526,6.766448523620042,-0.501,False,False,0.0,False,False,0.0,0.0,0.003035840035817693,0.0,3.4000831659205843
2012-10-08 00:00:00-04:00,80.33544158935547,21.38351821899414,-3.441660479220623,6.740632028349168,-0.483,False,False,0.0,False,False,0.0,0.0,-0.0001677155404992871,-0.0,3.4000831659205843
2012-10-09 00:00:00-04:00,79.58206939697266,21.4165096282959,-3.4409833263446385,5.888216857507061,-1.201,False,False,0.0,False,False,0.0,0.0,-0.0055613116533436615,-0.0,3.4000831659205843
2012-10-10 00:00:00-04:00,78.59183502197266,21.429706573486328,-3.43775888504286,4.92167084510865,-1.908,True,False,1.0,False,False,0.0,1.0,-0.006347913579777791,-0.0,3.4000831659205843
2012-10-11 00:00:00-04:00,78.61339569091797,21.574859619140625,-3.4323977932765732,4.559895143927832,-2.038,False,False,1.0,False,False,0.0,1.0,-0.0023697062696358593,-0.0023697062696358593,3.3977134596509484
2012-10-12 00:00:00-04:00,78.31200408935547,21.436309814453125,-3.4263316259208074,4.8640978290581245,-1.66,False,False,1.0,False,False,0.0,1.0,0.0020044996364943363,0.0020044996364943363,3.3997179592874427
2012-10-15 00:00:00-04:00,78.48421478271484,21.52207374572754,-3.419879477447957,4.881316467579751,-1.545,False,False,1.0,False,False,0.0,1.0,0.00011321563129775679,0.00011321563129775679,3.3998311749187407
2012-10-16 00:00:00-04:00,79.43135070800781,21.561662673950195,-3.4148195629552895,5.802163199159821,-0.743,False,False,1.0,False,False,0.0,1.0,0.006016225620972382,0.006016225620972382,3.405847400539713
2012-10-17 00:00:00-04:00,78.39810943603516,21.8189754486084,-3.407482696584056,4.050328137709698,-1.998,True,False,1.0,False,False,0.0,1.0,-0.011468950510077734,-0.011468950510077734,3.3943784500296355
2012-10-18 00:00:00-04:00,78.11824798583984,21.983924865722656,-3.397698388596739,3.4235018945421984,-2.238,False,False,1.0,False,False,0.0,1.0,-0.004101917163216422,-0.004101917163216422,3.390276532866419
2012-10-19 00:00:00-04:00,76.91281127929688,21.58145523071289,-3.387225282894473,3.8115604801709964,-1.888,False,False,1.0,False,False,0.0,1.0,0.0025868147309145778,0.0025868147309145778,3.3928633475973338
2012-10-22 00:00:00-04:00,76.69755554199219,21.39671516418457,-3.377457628751867,4.43105668048625,-1.345,False,False,1.0,False,False,0.0,1.0,0.004158695886708534,0.004158695886708534,3.3970220434840424
2012-10-23 00:00:00-04:00,75.8795394897461,21.23177146911621,-3.368007803956755,4.370767489936327,-1.322,False,False,1.0,False,False,0.0,1.0,-0.00040905001177244375,-0.00040905001177244375,3.39661299347227
2012-10-24 00:00:00-04:00,71.5097427368164,21.03383445739746,-3.3528874166077833,0.9856638615972599,-3.211,True,False,1.0,False,False,0.0,1.0,-0.023833081373994536,-0.023833081373994536,3.3727799120982755
2012-10-25 00:00:00-04:00,72.2846908569336,21.119609832763672,-3.3359109330164847,1.8315535147748108,-2.351,False,False,1.0,False,False,0.0,1.0,0.005926177130828235,0.005926177130828235,3.378706089229104
2012-10-26 00:00:00-04:00,72.11248016357422,20.941463470458984,-3.3192156748755663,2.603246357592681,-1.735,False,False,1.0,False,False,0.0,1.0,0.00544897262706311,0.00544897262706311,3.384155061856167
2012-10-31 00:00:00-04:00,72.47840881347656,21.139406204223633,-3.302733933432396,2.6605746101758427,-1.579,False,False,1.0,False,False,0.0,1.0,0.00040287959378099896,0.00040287959378099896,3.3845579414499483
2012-11-01 00:00:00-04:00,73.55473327636719,20.545597076416016,-3.2920910173839184,5.916757694308728,0.319,False,True,0.0,False,False,0.0,0.0,0.02306197756569619,0.02306197756569619,3.4076199190156444
2012-11-02 00:00:00-04:00,73.2318344116211,20.506010055541992,-3.28475162972396,5.874684462543627,0.361,False,False,0.0,False,False,0.0,0.0,-0.0002992640707692821,-0.0,3.4076199190156444
2012-11-05 00:00:00-05:00,74.1359634399414,20.26849365234375,-3.2823151024525368,7.608380620890145,1.383,False,False,0.0,False,False,0.0,0.0,0.012325127614473765,0.0,3.4076199190156444
2012-11-06 00:00:00-05:00,75.04004669189453,20.14313316345215,-3.2848983252576547,8.87190229782864,1.996,False,False,0.0,True,False,-1.0,-1.0,0.008947934728300053,0.0,3.4076199190156444
2012-11-07 00:00:00-05:00,73.57626342773438,19.767059326171875,-3.2898503564102946,8.54559625834439,1.688,False,False,0.0,False,False,-1.0,-1.0,-0.0023541827099013836,0.0023541827099013836,3.409974101725546
2012-11-08 00:00:00-05:00,73.0811538696289,19.76045799255371,-3.2952158673340035,7.9661791467788845,1.307,False,False,0.0,False,False,-1.0,-1.0,-0.004192715942673942,0.004192715942673942,3.4141668176682196
2012-11-09 00:00:00-05:00,72.90895080566406,19.727468490600586,-3.3005459118234333,7.797535328386701,1.158,False,False,0.0,False,False,-1.0,-1.0,-0.0012218763283562387,0.0012218763283562387,3.415388693996576
2012-11-12 00:00:00-05:00,72.75829315185547,19.529537200927734,-3.306506764044775,8.183746298323854,1.286,False,False,0.0,False,False,-1.0,-1.0,0.0028122259025736545,-0.0028122259025736545,3.4125764680940023
2012-11-13 00:00:00-05:00,72.69367980957031,19.68128776550293,-3.3117244385380595,7.514678134654147,0.902,False,False,0.0,False,False,-1.0,-1.0,-0.004852797207291501,0.004852797207291501,3.4174292653012937
2012-11-14 00:00:00-05:00,72.17707061767578,19.45696258544922,-3.316711314404671,7.643942666567995,0.929,False,False,0.0,False,False,-1.0,-1.0,0.0009455368602131745,-0.0009455368602131745,3.4164837284410803
2012-11-15 00:00:00-05:00,72.54300689697266,19.318405151367188,-3.322767691506024,8.352434408586234,1.223,False,False,0.0,False,False,-1.0,-1.0,0.005181549003566143,-0.005181549003566143,3.4113021794375142
2012-11-16 00:00:00-05:00,72.82284545898438,19.430566787719727,-3.3291130851419526,8.136291314261996,1.086,False,False,0.0,False,False,-1.0,-1.0,-0.0015718423245767086,0.0015718423245767086,3.4128740217620908
2012-11-19 00:00:00-05:00,73.21033477783203,19.648296356201172,-3.3348831305428877,7.685562715629459,0.846,False,False,0.0,False,False,-1.0,-1.0,-0.0032488431291745035,0.0032488431291745035,3.4161228648912654
2012-11-20 00:00:00-05:00,73.83457946777344,19.549325942993164,-3.341714701165282,8.506309566201338,1.223,False,False,0.0,False,False,-1.0,-1.0,0.005897743933034699,-0.005897743933034699,3.4102251209582306
2012-11-21 00:00:00-05:00,74.37271881103516,19.397584915161133,-3.3506773850726286,9.37766971077879,1.557,False,False,0.0,True,False,-1.0,-1.0,0.006252235776152185,-0.006252235776152185,3.4039728851820783
2012-11-23 00:00:00-05:00,74.71714782714844,19.292020797729492,-3.361751379662713,9.862170293899567,1.656,False,False,0.0,False,False,-1.0,-1.0,0.003471327687170486,-0.003471327687170486,3.400501557494908
2012-11-26 00:00:00-05:00,74.09288787841797,19.60210418701172,-3.370959019339195,8.014997971184215,0.816,False,False,0.0,False,False,-1.0,-1.0,-0.013178012934622053,0.013178012934622053,3.41367957042953
2012-11-27 00:00:00-05:00,73.27488708496094,19.648296356201172,-3.377137228160054,6.919893990512421,0.34,False,False,0.0,False,False,-1.0,-1.0,-0.007842905682255855,0.007842905682255855,3.421522476111786
2012-11-28 00:00:00-05:00,73.66238403320312,19.767059326171875,-3.381320062227287,6.823629762381174,0.297,False,False,0.0,False,False,-1.0,-1.0,-0.0006851490976745285,0.0006851490976745285,3.4222076252094604
2012-11-29 00:00:00-05:00,73.55473327636719,19.720870971679688,-3.3842740379195697,6.813901641749936,0.281,False,False,0.0,False,False,-1.0,-1.0,-6.934018646569303e-05,6.934018646569303e-05,3.422276965395926
2012-11-30 00:00:00-05:00,75.51361846923828,19.852828979492188,-3.388979684560712,8.232784376681082,0.846,False,False,0.0,False,False,-1.0,-1.0,0.009936539616741147,-0.009936539616741147,3.4123404257791847
2012-12-03 00:00:00-05:00,74.30814361572266,19.69448471069336,-3.39340606189461,7.476759812565092,0.487,False,False,0.0,False,False,-1.0,-1.0,-0.005356575708746891,0.005356575708746891,3.4176970014879315
2012-12-04 00:00:00-05:00,74.69561767578125,19.60871124267578,-3.3986695723792706,8.052087421727762,0.694,False,False,0.0,False,False,-1.0,-1.0,0.004070546749356953,-0.004070546749356953,3.4136264547385746
2012-12-05 00:00:00-05:00,75.31990051269531,20.039413452148438,-3.402844213191533,7.128898411299446,0.269,False,False,0.0,False,False,-1.0,-1.0,-0.006432884147560715,0.006432884147560715,3.4200593388861353
2012-12-06 00:00:00-05:00,75.51361846923828,20.006019592285156,-3.406756196414259,7.357987257635756,0.349,False,False,0.0,False,False,-1.0,-1.0,0.0015945572684845778,-0.0015945572684845778,3.4184647816176508
2012-12-07 00:00:00-05:00,74.30814361572266,20.07280921936035,-3.407931822411735,5.90137831186486,-0.312,False,False,0.0,False,True,0.0,0.0,-0.01020642452003169,0.01020642452003169,3.4286712061376825
2012-12-10 00:00:00-05:00,74.15746307373047,20.092832565307617,-3.407095322103047,5.699267232671119,-0.443,False,False,0.0,False,False,0.0,0.0,-0.001417173126230825,-0.0,3.4286712061376825
2012-12-11 00:00:00-05:00,73.74846649169922,20.213031768798828,-3.403710803003386,4.949151898788017,-0.812,False,False,0.0,False,False,0.0,0.0,-0.005262202807898248,-0.0,3.4286712061376825
2012-12-12 00:00:00-05:00,73.98526000976562,20.219703674316406,-3.3993289061979826,5.25183683490431,-0.69,False,False,0.0,False,False,0.0,0.0,0.0021208501183039015,0.0,3.4286712061376825
2012-12-13 00:00:00-05:00,73.79153442382812,20.119539260864258,-3.3947786959003414,5.490151169715645,-0.603,False,False,0.0,False,False,0.0,0.0,0.001677172505891421,0.0,3.4286712061376825
2012-12-14 00:00:00-05:00,73.4255599975586,20.07280921936035,-3.3899362640153985,5.380016104186311,-0.809,False,False,0.0,False,False,0.0,0.0,-0.0007784986651001512,-0.0,3.4286712061376825
2012-12-17 00:00:00-05:00,73.74846649169922,20.460102081298828,-3.3833725149973484,4.524319455792721,-1.44,False,False,0.0,False,False,0.0,0.0,-0.005985038863602841,-0.0,3.4286712061376825
2012-12-18 00:00:00-05:00,72.95201873779297,20.687135696411133,-3.373333261723903,3.1674158032934088,-2.304,True,False,1.0,False,False,0.0,1.0,-0.009506345579725243,-0.0,3.4286712061376825
2012-12-19 00:00:00-05:00,72.62909698486328,20.526878356933594,-3.362039825813944,3.6169144492142493,-2.139,False,False,1.0,False,False,0.0,1.0,0.0031735003202632375,0.0031735003202632375,3.431844706457946
2012-12-20 00:00:00-05:00,72.80131530761719,20.573619842529297,-3.350449619807165,3.870438528157763,-1.849,False,False,1.0,False,False,0.0,1.0,0.0017887543769008732,0.0017887543769008732,3.4336334608348467
2012-12-21 00:00:00-05:00,72.11248016357422,20.526878356933594,-3.338198727038993,3.5896809623742456,-1.877,False,False,1.0,False,False,0.0,1.0,-0.0019963523167988275,-0.0019963523167988275,3.4316371085180477
2012-12-24 00:00:00-05:00,72.09098052978516,20.393329620361328,-3.3267500342576324,4.247470516620922,-1.406,False,False,1.0,False,False,0.0,1.0,0.004700696387962939,0.004700696387962939,3.4363378049060107
2012-12-26 00:00:00-05:00,72.1986083984375,20.253095626831055,-3.317159498049679,5.015859874986447,-0.925,False,False,1.0,False,False,0.0,1.0,0.005512856061489931,0.005512856061489931,3.441850660967501
2012-12-27 00:00:00-05:00,72.78450775146484,20.219703674316406,-3.310155183591529,5.85415082324171,-0.421,False,False,1.0,False,False,0.0,1.0,0.0060000125983526486,0.0060000125983526486,3.4478506735658536
2012-12-28 00:00:00-05:00,72.48070526123047,19.992671966552734,-3.3056508775090427,6.39191163124498,-0.092,False,False,1.0,False,False,0.0,1.0,0.0038808021412088628,0.0038808021412088628,3.4517314757070623
2012-12-31 00:00:00-05:00,72.76282501220703,20.43338966369629,-3.300718412811616,5.317959513090145,-0.663,False,False,1.0,False,True,0.0,1.0,-0.007659723330712002,-0.007659723330712002,3.44407175237635
2013-01-02 00:00:00-05:00,74.34697723388672,20.65374755859375,-3.2971657841522872,6.248147469172565,-0.102,False,False,1.0,False,False,0.0,1.0,0.006530118194995778,0.006530118194995778,3.450601870571346
2013-01-03 00:00:00-05:00,75.10651397705078,20.65374755859375,-3.2958426584902596,7.035011715748453,0.363,False,True,0.0,False,False,0.0,0.0,0.005495705746236696,0.005495705746236696,3.4560975763175827
2013-01-04 00:00:00-05:00,75.08480834960938,20.74056053161621,-3.2953279053420212,6.737860457339124,0.208,False,False,0.0,False,False,0.0,0.0,-0.0020717257195695267,-0.0,3.4560975763175827
2013-01-07 00:00:00-05:00,74.86779022216797,20.446752548217773,-3.2965808478872507,7.463417370223411,0.657,False,False,0.0,False,False,0.0,0.0,0.005099781272787205,0.0,3.4560975763175827
2013-01-08 00:00:00-05:00,74.49888610839844,20.339902877807617,-3.2987717573326387,7.402188948197804,0.641,False,False,0.0,False,False,0.0,0.0,-0.00043241759814965577,-0.0,3.4560975763175827
2013-01-09 00:00:00-05:00,74.47718811035156,20.099510192871094,-3.302725838262266,8.09401645994042,1.042,False,False,0.0,False,False,0.0,0.0,0.004911442175198305,0.0,3.4560975763175827
2013-01-10 00:00:00-05:00,75.30181121826172,20.126222610473633,-3.308804500064073,8.708075275435263,1.398,False,False,0.0,False,False,0.0,0.0,0.0043275411228918086,0.0,3.4560975763175827
2013-01-11 00:00:00-05:00,74.7592544555664,20.112869262695312,-3.3150559456949895,8.083967621282312,1.087,False,False,0.0,False,False,0.0,0.0,-0.0044126961381656315,-0.0,3.4560975763175827
2013-01-14 00:00:00-05:00,74.86779022216797,20.039413452148438,-3.3217859692237433,8.301147785347752,1.315,False,False,0.0,False,False,0.0,0.0,0.0015355536836569447,0.0,3.4560975763175827
2013-01-15 00:00:00-05:00,75.5188217163086,20.012704849243164,-3.329813310214476,8.880250735904923,1.635,False,False,0.0,True,False,-1.0,-1.0,0.004073674534764906,0.0,3.4560975763175827
2013-01-16 00:00:00-05:00,75.25841522216797,19.885826110839844,-3.338582717103476,8.867939853193036,1.535,False,False,0.0,False,False,-1.0,-1.0,-8.691125402048678e-05,8.691125402048678e-05,3.456184487571603
2013-01-17 00:00:00-05:00,75.45368194580078,19.89250373840332,-3.3477839583172386,8.85787703960844,1.445,False,False,0.0,False,False,-1.0,-1.0,-7.084019666386711e-05,7.084019666386711e-05,3.456255327768267
2013-01-18 00:00:00-05:00,75.41030883789062,19.919218063354492,-3.3567093791986897,8.54728273832464,1.204,False,False,0.0,False,False,-1.0,-1.0,-0.0021830816113246874,0.0021830816113246874,3.4584384093795917
2013-01-22 00:00:00-05:00,75.25841522216797,20.26645278930664,-3.362978714852213,7.102765866172476,0.394,False,False,0.0,False,False,-1.0,-1.0,-0.010072351525640458,0.010072351525640458,3.4685107609052324
2013-01-23 00:00:00-05:00,75.17159271240234,20.126222610473633,-3.3681256871867267,7.383945352027808,0.561,False,False,0.0,False,False,-1.0,-1.0,0.0019668507311048342,-0.0019668507311048342,3.4665439101741273
2013-01-24 00:00:00-05:00,75.08480834960938,20.219703674316406,-3.3717694432676515,6.908629348622654,0.306,False,False,0.0,False,False,-1.0,-1.0,-0.0033178328042786373,0.0033178328042786373,3.4698617429784058
2013-01-25 00:00:00-05:00,75.69243621826172,20.386640548706055,-3.374496273294357,6.89779366166151,0.304,False,False,0.0,False,False,-1.0,-1.0,-7.49941590142338e-05,7.49941590142338e-05,3.46993673713742
2013-01-28 00:00:00-05:00,76.06134033203125,20.486812591552734,-3.3766490967727085,6.884563099012951,0.306,False,False,0.0,False,False,-1.0,-1.0,-9.109566324854905e-05,9.109566324854905e-05,3.470027832800669
2013-01-29 00:00:00-05:00,76.45195770263672,20.647069931030273,-3.3781376422785763,6.70331356586523,0.184,False,False,0.0,False,False,-1.0,-1.0,-0.00123973178541913,0.00123973178541913,3.4712675645860878
2013-01-30 00:00:00-05:00,76.77745819091797,20.620363235473633,-3.379898316635065,7.0827272029370505,0.386,False,True,0.0,False,False,-1.0,-1.0,0.0025903459161685,-0.0025903459161685,3.468677218669919
2013-01-31 00:00:00-05:00,77.49359893798828,20.820693969726562,-3.381823306127182,7.081690821425312,0.352,False,False,0.0,False,False,-1.0,-1.0,-7.007051545122242e-06,7.007051545122242e-06,3.4686842257214643
2013-02-01 00:00:00-05:00,78.16632080078125,20.814010620117188,-3.384964715649501,7.711629260530586,0.69,False,False,0.0,False,False,-1.0,-1.0,0.004238555700722797,-0.004238555700722797,3.4644456700207416
2013-02-04 00:00:00-05:00,77.21149444580078,20.800661087036133,-3.387130759735227,6.756935455073105,0.09,False,False,0.0,False,False,-1.0,-1.0,-0.006465221919591957,0.006465221919591957,3.4709108919403335
2013-02-05 00:00:00-05:00,78.05780029296875,20.693815231323242,-3.3907238839297213,7.89078673849238,0.736,False,True,0.0,False,False,-1.0,-1.0,0.0076495375773333735,-0.0076495375773333735,3.463261354363
2013-02-06 00:00:00-05:00,79.07772827148438,20.834043502807617,-3.3959429399125463,8.32650532829399,0.946,False,False,0.0,False,False,-1.0,-1.0,0.002908106786233274,-0.002908106786233274,3.4603532475767667
2013-02-07 00:00:00-05:00,78.73053741455078,21.061080932617188,-3.4000019871637113,7.122820391836598,0.142,False,False,0.0,False,False,-1.0,-1.0,-0.00800651132316879,0.00800651132316879,3.4683597588999353
2013-02-08 00:00:00-05:00,78.96924591064453,20.987628936767578,-3.404076537547315,7.525750668244925,0.364,False,True,0.0,False,False,-1.0,-1.0,0.002678830751434465,-0.002678830751434465,3.465680928148501
2013-02-11 00:00:00-05:00,78.27481842041016,21.061080932617188,-3.406395994448293,6.532436692791649,-0.456,False,False,0.0,False,True,0.0,0.0,-0.006621333916865058,0.006621333916865058,3.4723022620653663
2013-02-12 00:00:00-05:00,77.819091796875,21.041051864624023,-3.4069632166127994,6.1330020552588,-0.945,False,False,0.0,False,False,0.0,0.0,-0.0026717109963845078,-0.0,3.4723022620653663
2013-02-13 00:00:00-05:00,81.20445251464844,21.03437042236328,-3.4123324490791664,9.428187776467155,2.003,False,True,0.0,True,False,-1.0,-1.0,0.021539876269258396,0.0,3.4723022620653663
2013-02-14 00:00:00-05:00,80.01087951660156,20.780624389648438,-3.4196645313723844,8.948115351548893,1.502,False,False,0.0,False,False,-1.0,-1.0,-0.0031777377788668524,0.0031777377788668524,3.475479999844233
2013-02-15 00:00:00-05:00,79.62026977539062,20.760589599609375,-3.4273043091002307,8.467411581187989,0.969,False,False,0.0,False,False,-1.0,-1.0,-0.003188258921429611,0.003188258921429611,3.478668258765663
2013-02-19 00:00:00-05:00,79.59855651855469,20.974271774291992,-3.433585349852757,7.581604230515509,0.023,False,False,0.0,False,False,-1.0,-1.0,-0.005842458714447521,0.005842458714447521,3.4845107174801107
2013-02-20 00:00:00-05:00,79.6419906616211,20.894147872924805,-3.439398279432742,7.778694417270231,0.17,False,False,0.0,False,False,-1.0,-1.0,0.0013008799282168972,-0.0013008799282168972,3.4832098375518936
2013-02-21 00:00:00-05:00,80.05429077148438,21.194631576538086,-3.4436959409860965,7.066424040664415,-0.704,False,False,0.0,False,True,0.0,0.0,-0.004654079557099099,0.004654079557099099,3.4878639171089927
2013-02-22 00:00:00-05:00,79.83728790283203,21.4750919342041,-3.4449565624995433,5.856529013814608,-1.99,True,False,1.0,False,False,0.0,1.0,-0.007865754715290777,-0.0,3.4878639171089927
2013-02-25 00:00:00-05:00,80.03260040283203,21.34821891784668,-3.445510232377423,6.477093678358017,-1.268,False,False,1.0,False,False,0.0,1.0,0.004040447376755775,0.004040447376755775,3.4919043644857486
2013-02-26 00:00:00-05:00,80.87889862060547,21.4750919342041,-3.446340221793215,6.868425521050824,-0.804,False,False,1.0,False,False,0.0,1.0,0.0025265248244394044,0.0025265248244394044,3.494430889310188
2013-02-27 00:00:00-05:00,81.59503173828125,21.815649032592773,-3.4465156853187784,6.40705516204082,-1.251,False,False,1.0,False,False,0.0,1.0,-0.002942731894035682,-0.002942731894035682,3.4914881574161525
2013-02-28 00:00:00-05:00,82.63667297363281,21.76223373413086,-3.4484097751550524,7.5915734356469216,0.043,False,False,1.0,False,False,0.0,1.0,0.007512081166634662,0.007512081166634662,3.499000238582787
2013-03-01 00:00:00-05:00,82.48479461669922,21.935840606689453,-3.4499220526228322,6.807854364861868,-0.758,False,False,1.0,False,True,0.0,1.0,-0.004955174976023614,-0.004955174976023614,3.4940450636067633
2013-03-04 00:00:00-05:00,82.8320083618164,22.176239013671875,-3.450335034800369,6.316553952837552,-1.221,False,False,1.0,False,False,0.0,1.0,-0.003083201975616018,-0.003083201975616018,3.4909618616311473
2013-03-05 00:00:00-05:00,82.8970947265625,22.336503982543945,-3.4492726710032406,5.85240197381863,-1.6,True,False,1.0,False,False,0.0,1.0,-0.0029020057005363603,-0.0029020057005363603,3.488059855930611
2013-03-06 00:00:00-05:00,82.18096923828125,22.241994857788086,-3.4467556455060815,5.518247894882933,-1.823,False,False,1.0,False,False,0.0,1.0,-0.002103666048755461,-0.002103666048755461,3.4859561898818554
2013-03-07 00:00:00-05:00,82.07245635986328,22.052989959716797,-3.4444561921307915,6.111898538118581,-1.149,False,False,1.0,False,False,0.0,1.0,0.003756497630004311,0.003756497630004311,3.48971268751186
2013-03-08 00:00:00-05:00,82.28948974609375,22.066492080688477,-3.4426558960617775,6.322150679111047,-0.88,False,False,1.0,False,False,0.0,1.0,0.0013285501963444723,0.0013285501963444723,3.4910412377082043
2013-03-11 00:00:00-04:00,82.5281753540039,22.181238174438477,-3.4409356603522183,6.2039619288126175,-0.959,False,False,1.0,False,False,0.0,1.0,-0.0007440161977212185,-0.0007440161977212185,3.4902972215104833
2013-03-12 00:00:00-04:00,82.31117248535156,22.113740921020508,-3.4393536427171947,6.254197094535385,-0.864,False,False,1.0,False,False,0.0,1.0,0.00031720498342916766,0.00031720498342916766,3.4906144264939125
2013-03-13 00:00:00-04:00,82.0290756225586,22.147499084472656,-3.437234550840179,5.902926554707946,-1.185,False,False,1.0,False,False,0.0,1.0,-0.0022210492287880815,-0.0022210492287880815,3.4883933772651243
2013-03-14 00:00:00-04:00,82.54985809326172,22.241994857788086,-3.4352269180311117,6.143558647078521,-0.885,False,False,1.0,False,False,0.0,1.0,0.0015138268066832337,0.0015138268066832337,3.4899072040718075
2013-03-15 00:00:00-04:00,82.48479461669922,22.464750289916992,-3.431949728620084,5.386900955700639,-1.592,True,False,1.0,False,False,0.0,1.0,-0.004741477283934357,-0.004741477283934357,3.4851657267878733
2013-03-18 00:00:00-04:00,81.89885711669922,22.356748580932617,-3.4277334660529135,5.265881813705505,-1.601,False,False,1.0,False,False,0.0,1.0,-0.0007633743971037404,-0.0007633743971037404,3.4844023523907697
2013-03-19 00:00:00-04:00,82.8970947265625,22.37700080871582,-3.4247258039842503,6.262002641176991,-0.588,False,False,1.0,False,False,0.0,1.0,0.006244011615321773,0.006244011615321773,3.4906463640060914
2013-03-20 00:00:00-04:00,84.26425170898438,22.65376091003418,-3.4232079168516982,6.715718015289838,-0.125,False,False,1.0,False,False,0.0,1.0,0.00280395256149725,0.00280395256149725,3.4934503165675888
2013-03-21 00:00:00-04:00,84.17741394042969,22.55925941467285,-3.4229788267830967,6.957546616097275,0.119,False,False,1.0,False,False,0.0,1.0,0.0014983437076039271,0.0014983437076039271,3.4949486602751927
2013-03-22 00:00:00-04:00,83.80852508544922,22.552505493164062,-3.4228890375905876,6.613801262696441,-0.194,False,False,1.0,False,False,0.0,1.0,-0.0021350212230613107,-0.0021350212230613107,3.492813639052131
2013-03-25 00:00:00-04:00,84.15573120117188,22.464750289916992,-3.423968619848302,7.237131155768054,0.42,False,True,0.0,False,False,0.0,0.0,0.003869827602247857,0.003869827602247857,3.496683466654379
2013-03-26 00:00:00-04:00,85.03009033203125,22.67401123046875,-3.42592029271705,7.350735140274082,0.557,False,False,0.0,False,False,0.0,0.0,0.0006982015342767488,0.0,3.496683466654379
2013-03-27 00:00:00-04:00,85.05194091796875,22.741518020629883,-3.427926949887859,7.095678413691175,0.347,False,False,0.0,False,False,0.0,0.0,-0.0015646864466214885,-0.0,3.496683466654379
2013-03-28 00:00:00-04:00,86.31976318359375,23.18027687072754,-3.4294939972561256,6.823142800698648,0.068,False,False,0.0,False,False,0.0,0.0,-0.001643598823775133,-0.0,3.496683466654379
2013-04-01 00:00:00-04:00,85.99188232421875,23.0722713470459,-3.4308234418246824,6.834992930633746,0.103,False,False,0.0,False,False,0.0,0.0,7.175427229544848e-05,0.0,3.496683466654379
2013-04-02 00:00:00-04:00,85.48912048339844,23.106019973754883,-3.4309278173047217,6.214033808244295,-0.55,False,False,0.0,False,True,0.0,0.0,-0.00376877437823557,-0.0,3.496683466654379
2013-04-03 00:00:00-04:00,83.91529083251953,23.12627601623535,-3.42759269075991,4.647836194775039,-2.041,True,False,1.0,False,False,0.0,1.0,-0.009597813843343241,-0.0,3.496683466654379
2013-04-04 00:00:00-04:00,83.65299224853516,23.3220272064209,-3.420930155112063,3.869966099745966,-2.676,False,False,1.0,False,False,0.0,1.0,-0.004759477761738029,-0.004759477761738029,3.491923988892641
2013-04-05 00:00:00-04:00,83.98084259033203,23.295040130615234,-3.41342343179608,4.465006763859975,-2.014,False,False,1.0,False,False,0.0,1.0,0.0036394663786200273,0.0036394663786200273,3.495563455271261
2013-04-08 00:00:00-04:00,84.15572357177734,23.31528663635254,-3.4059341909978595,4.74539164410875,-1.663,False,False,1.0,False,False,0.0,1.0,0.0017141996815453235,0.0017141996815453235,3.497277654952806
2013-04-09 00:00:00-04:00,84.50546264648438,23.328784942626953,-3.3992630501730323,5.204785985579576,-1.103,False,False,1.0,False,False,0.0,1.0,0.0028045001451914653,0.0028045001451914653,3.5000821550979975
2013-04-10 00:00:00-04:00,85.2486572265625,23.592039108276367,-3.3930377435705883,5.199978084387382,-1.057,False,False,1.0,False,False,0.0,1.0,-2.9086380324175133e-05,-2.9086380324175133e-05,3.500053068717673
2013-04-11 00:00:00-04:00,85.86073303222656,23.59878921508789,-3.3882977263345415,5.901009190496168,-0.23,False,False,1.0,False,False,0.0,1.0,0.004227651517337527,0.004227651517337527,3.504280720235011
2013-04-12 00:00:00-04:00,85.97000885009766,23.66629409790039,-3.3843562051453673,5.8748395670732805,-0.26,False,False,1.0,False,False,0.0,1.0,-0.00015758645922692857,-0.00015758645922692857,3.5041231337757837
2013-04-15 00:00:00-04:00,85.68585968017578,23.43004035949707,-3.3818744112563257,6.4484057336896825,0.4,False,True,0.0,False,False,0.0,0.0,0.0034777749367490155,0.0034777749367490155,3.507600908712533
2013-04-16 00:00:00-04:00,85.42351531982422,23.65279197692871,-3.3785831377276656,5.510591186392659,-0.637,False,False,0.0,False,True,0.0,0.0,-0.005672158844101417,-0.0,3.507600908712533
2013-04-17 00:00:00-04:00,84.59288787841797,23.700050354003906,-3.373336427344615,4.644644689354962,-1.524,True,False,1.0,False,False,0.0,1.0,-0.00526279655074547,-0.0,3.507600908712533
2013-04-18 00:00:00-04:00,83.82784271240234,23.882301330566406,-3.3649379850446177,3.465379794897828,-2.545,False,False,1.0,False,False,0.0,1.0,-0.007182305252024172,-0.007182305252024172,3.5004186034605085
2013-04-19 00:00:00-04:00,84.33062744140625,24.23331642150879,-3.354023017762828,3.051526366935846,-2.585,False,False,1.0,False,False,0.0,1.0,-0.002498968096082028,-0.002498968096082028,3.4979196353644264
2013-04-22 00:00:00-04:00,84.74588775634766,24.165813446044922,-3.34328702058512,3.952637320304305,-1.603,False,False,1.0,False,False,0.0,1.0,0.005443491872726678,0.005443491872726678,3.503363127237153
2013-04-23 00:00:00-04:00,85.05194091796875,24.172561645507812,-3.3335665782488175,4.4710973058446655,-1.073,False,False,1.0,False,False,0.0,1.0,0.0031301773197332473,0.0031301773197332473,3.5064933045568862
2013-04-24 00:00:00-04:00,84.94264221191406,24.226566314697266,-3.324309287121567,4.406042816899429,-1.082,False,False,1.0,False,False,0.0,1.0,-0.000393127792425853,-0.000393127792425853,3.5061001767644604
2013-04-25 00:00:00-04:00,85.75141906738281,24.36831283569336,-3.316236560398087,4.940329126438513,-0.579,False,False,1.0,False,False,0.0,1.0,0.0032077225104262383,0.0032077225104262383,3.5093078992748867
2013-04-26 00:00:00-04:00,85.44538116455078,24.381818771362305,-3.308553709023887,4.776824235811802,-0.682,False,False,1.0,False,False,0.0,1.0,-0.0009842936270337958,-0.0009842936270337958,3.508323605647853
2013-04-29 00:00:00-04:00,85.2486572265625,24.591068267822266,-3.299913001481368,4.100271329259897,-1.2,False,False,1.0,False,False,0.0,1.0,-0.004065895005407531,-0.004065895005407531,3.5042577106424457
2013-04-30 00:00:00-04:00,86.73503875732422,24.71258544921875,-3.2929213776811777,5.358437833818982,-0.093,False,False,1.0,False,False,0.0,1.0,0.0074841129796116065,0.0074841129796116065,3.5117418236220574
2013-05-01 00:00:00-04:00,88.17772674560547,24.699077606201172,-3.289571838942082,6.928336604401082,1.217,False,True,0.0,False,False,0.0,0.0,0.009265923893581397,0.009265923893581397,3.5210077475156387
2013-05-02 00:00:00-04:00,89.29251861572266,24.618074417114258,-3.290581853376744,8.284729673688219,2.152,False,False,0.0,True,False,-1.0,-1.0,0.00796471297520774,0.0,3.5210077475156387
2013-05-03 00:00:00-04:00,89.29251861572266,24.4965763092041,-3.294514121922219,8.588202026304472,2.145,False,False,0.0,False,False,-1.0,-1.0,0.001785164719390473,-0.001785164719390473,3.5192225827962482
2013-05-06 00:00:00-04:00,89.2050552368164,23.91604995727539,-3.302798212568503,10.215168186228226,2.807,False,False,0.0,False,False,-1.0,-1.0,0.009673098000436071,-0.009673098000436071,3.509549484795812
2013-05-07 00:00:00-04:00,88.81163024902344,24.172561645507812,-3.311042625086376,8.775248283219,1.756,False,False,0.0,False,False,-1.0,-1.0,-0.008527905565018997,0.008527905565018997,3.518077390360831
2013-05-08 00:00:00-04:00,89.4455337524414,23.835050582885742,-3.321774791917156,10.27086356214123,2.369,False,False,0.0,False,False,-1.0,-1.0,0.008869727612416462,-0.008869727612416462,3.509207662748415
2013-05-09 00:00:00-04:00,88.54931640625,23.50428009033203,-3.333713539386981,10.192779635566254,2.118,False,False,0.0,False,False,-1.0,-1.0,-0.0004678321645928193,0.0004678321645928193,3.5096754949130076
2013-05-10 00:00:00-04:00,88.98648834228516,23.497541427612305,-3.3465940369225886,10.349756318296329,2.005,False,False,0.0,False,False,-1.0,-1.0,0.0009364853054789496,-0.0009364853054789496,3.508739009607529
2013-05-13 00:00:00-04:00,90.23243713378906,23.335533142089844,-3.3623745519615644,11.769634340370487,2.389,False,False,0.0,False,False,-1.0,-1.0,0.00841682327661906,-0.00841682327661906,3.50032218633091
2013-05-14 00:00:00-04:00,90.6258544921875,23.457035064697266,-3.379109207425029,11.361971326177212,2.022,False,False,0.0,False,False,-1.0,-1.0,-0.0023995740991339634,0.0023995740991339634,3.502721760430044
2013-05-15 00:00:00-04:00,91.32537078857422,23.55154037475586,-3.396354227436102,11.33599707414011,1.855,False,False,0.0,False,False,-1.0,-1.0,-0.00015161714254341899,0.00015161714254341899,3.5028733775725875
2013-05-16 00:00:00-04:00,91.4783706665039,23.38953399658203,-3.4143376578357043,11.618603942745438,1.81,False,False,0.0,False,False,-1.0,-1.0,0.0016494101833360358,-0.0016494101833360358,3.5012239673892513
2013-05-17 00:00:00-04:00,91.10680389404297,23.673046112060547,-3.429903983135711,9.910528741331149,1.125,False,False,0.0,False,False,-1.0,-1.0,-0.009913201846792298,0.009913201846792298,3.5111371692360436
2013-05-20 00:00:00-04:00,90.58219146728516,23.517791748046875,-3.4435658185930103,9.597127674922177,0.963,False,False,0.0,False,False,-1.0,-1.0,-0.0018266951111077314,0.0018266951111077314,3.5129638643471512
2013-05-21 00:00:00-04:00,89.51109313964844,23.470535278320312,-3.454207770492498,8.438987803656104,0.514,False,False,0.0,False,False,-1.0,-1.0,-0.006789296259041918,0.006789296259041918,3.5197531606061934
2013-05-22 00:00:00-04:00,88.30889892578125,23.153276443481445,-3.462637233562986,8.137501833605612,0.368,False,False,0.0,False,False,-1.0,-1.0,-0.0017894434968131821,0.0017894434968131821,3.5215426041030065
2013-05-23 00:00:00-04:00,87.80612182617188,22.984525680541992,-3.4697006711959424,8.056697645274951,0.304,False,False,0.0,False,False,-1.0,-1.0,-0.0004822531408614257,0.0004822531408614257,3.522024857243868
2013-05-24 00:00:00-04:00,86.5601806640625,22.87652015686035,-3.4743623056708293,7.078861346147974,-0.083,False,False,0.0,False,False,-1.0,-1.0,-0.005889107838902422,0.005889107838902422,3.5279139650827704
2013-05-28 00:00:00-04:00,87.1503677368164,22.964269638061523,-3.4780320608517736,7.279901681593472,-0.031,False,False,0.0,False,False,-1.0,-1.0,0.0012036841804766516,-0.0012036841804766516,3.526710280902294
2013-05-29 00:00:00-04:00,86.5601806640625,22.478254318237305,-3.48280037972071,8.272907989046928,0.313,False,True,0.0,False,False,-1.0,-1.0,0.006023789190184947,-0.006023789190184947,3.520686491712109
2013-05-30 00:00:00-04:00,87.4345474243164,22.512001037597656,-3.489219295594575,8.885239021485575,0.513,False,False,0.0,False,False,-1.0,-1.0,0.003689099939191181,-0.003689099939191181,3.5169973917729176
2013-05-31 00:00:00-04:00,85.37982940673828,22.30274772644043,-3.494153541872635,7.450604444904599,-0.052,False,False,0.0,False,False,-1.0,-1.0,-0.008784782828655361,0.008784782828655361,3.525782174601573
2013-06-03 00:00:00-04:00,85.68585968017578,22.336503982543945,-3.4984199858475646,7.543387733680319,-0.029,False,False,0.0,False,False,-1.0,-1.0,0.0005663445867663063,-0.0005663445867663063,3.525215830014807
2013-06-04 00:00:00-04:00,85.77327728271484,22.16774559020996,-3.5032653401479874,8.113782487313898,0.163,False,False,0.0,False,False,-1.0,-1.0,0.0034900879816255454,-0.0034900879816255454,3.521725742033181
2013-06-05 00:00:00-04:00,85.77327728271484,21.922042846679688,-3.5096395069132504,8.834809635762795,0.403,False,True,0.0,False,False,-1.0,-1.0,0.004431315937030638,-0.004431315937030638,3.5172944260961505
2013-06-06 00:00:00-04:00,86.21045684814453,22.317893981933594,-3.5151099206049183,7.760606305240955,-0.077,False,False,0.0,False,False,-1.0,-1.0,-0.006523753948610932,0.006523753948610932,3.523818180044761
2013-06-07 00:00:00-04:00,86.69133758544922,22.304244995117188,-3.5207475263983747,8.163722190707048,0.031,False,False,0.0,False,False,-1.0,-1.0,0.0024398888759113724,-0.0024398888759113724,3.52137829116885
2013-06-10 00:00:00-04:00,86.01375579833984,22.181396484375,-3.5258707569546397,7.805018585665579,-0.19,False,False,0.0,False,False,-1.0,-1.0,-0.0021842538038769877,0.0021842538038769877,3.5235625449727266
2013-06-11 00:00:00-04:00,85.81700134277344,22.11314582824707,-3.530600550817907,7.744316501247624,-0.278,False,False,0.0,False,True,0.0,0.0,-0.0003703837979755052,0.0003703837979755052,3.523932928770702
2013-06-12 00:00:00-04:00,85.77327728271484,21.887914657592773,-3.536164382835352,8.374013055995434,-0.025,False,False,0.0,False,False,0.0,0.0,0.0038590840647744758,0.0,3.523932928770702
2013-06-13 00:00:00-04:00,87.50008392333984,22.235994338989258,-3.542822425299907,8.721904530326924,0.106,False,False,0.0,False,False,0.0,0.0,0.0020922246082737176,0.0,3.523932928770702
2013-06-14 00:00:00-04:00,87.87169647216797,22.27012062072754,-3.550256313639696,8.80706013291244,0.094,False,False,0.0,False,False,0.0,0.0,0.000510108261942656,0.0,3.523932928770702
2013-06-17 00:00:00-04:00,90.40731811523438,22.508996963500977,-3.560640545198004,10.260870895254044,0.966,False,True,0.0,False,False,0.0,0.0,0.008524061368473532,0.0,3.523932928770702
2013-06-18 00:00:00-04:00,91.80623626708984,22.652318954467773,-3.5737478770747098,10.852559492741435,1.342,False,False,0.0,False,False,0.0,0.0,0.003424918356757149,0.0,3.523932928770702
2013-06-19 00:00:00-04:00,91.3034896850586,22.079021453857422,-3.590337854687417,12.032343164818684,2.019,False,False,0.0,True,False,-1.0,-1.0,0.006916524627127431,0.0,3.523932928770702
2013-06-20 00:00:00-04:00,90.36359405517578,21.300962448120117,-3.611157993762515,13.44245323581167,2.591,False,False,0.0,False,False,-1.0,-1.0,0.008429400758237377,-0.008429400758237377,3.5155035280124647
2013-06-21 00:00:00-04:00,90.34174346923828,21.61491584777832,-3.631787291452205,11.840966787468105,1.482,False,False,0.0,False,False,-1.0,-1.0,-0.009485089697258937,0.009485089697258937,3.524988617709724
2013-06-24 00:00:00-04:00,90.34174346923828,21.73777198791504,-3.6508961657013677,10.979395067668662,0.938,False,False,0.0,False,False,-1.0,-1.0,-0.005076905985598385,0.005076905985598385,3.5300655236953222
2013-06-25 00:00:00-04:00,90.1668472290039,22.031246185302734,-3.6664906674519533,9.38948869825498,-0.025,False,False,0.0,False,False,-1.0,-1.0,-0.00930073272941557,0.00930073272941557,3.5393662564247377
2013-06-26 00:00:00-04:00,89.94677734375,22.454389572143555,-3.6766780710843765,7.389215604264095,-1.155,False,False,0.0,False,True,0.0,0.0,-0.011595494377829668,0.011595494377829668,3.5509617508025673
2013-06-27 00:00:00-04:00,89.99078369140625,22.283767700195312,-3.6845574998558512,7.884960286606031,-0.817,False,False,0.0,False,False,0.0,0.0,0.002880618570619477,0.0,3.5509617508025673
2013-06-28 00:00:00-04:00,89.74868774414062,22.29059410095215,-3.690422860271641,7.4869697049506385,-0.992,False,False,0.0,False,False,0.0,0.0,-0.0023137587510648227,-0.0,3.5509617508025673
2013-07-01 00:00:00-04:00,90.32091522216797,21.73777198791504,-3.699249774604175,9.907467095476306,0.46,False,True,0.0,False,False,0.0,0.0,0.014176978453832943,0.0,3.5509617508025673
2013-07-02 00:00:00-04:00,89.48462677001953,21.73094367980957,-3.708060206096683,8.90497926998944,-0.1,False,False,0.0,False,False,0.0,0.0,-0.005894758495220398,-0.0,3.5509617508025673
2013-07-03 00:00:00-04:00,89.52864074707031,21.703638076782227,-3.7167911066912476,8.860751760440607,-0.085,False,False,0.0,False,False,0.0,0.0,-0.00025986140621100674,-0.0,3.5509617508025673
2013-07-05 00:00:00-04:00,90.36493682861328,21.608089447021484,-3.727127168463301,9.828839592034356,0.588,False,True,0.0,False,False,0.0,0.0,0.005664610731521148,0.0,3.5509617508025673
2013-07-08 00:00:00-04:00,91.13520050048828,22.02442169189453,-3.736742255057935,8.835613321171422,-0.05,False,False,0.0,False,False,0.0,0.0,-0.00572679958934551,-0.0,3.5509617508025673
2013-07-09 00:00:00-04:00,91.94949340820312,22.02442169189453,-3.7469487592326174,9.425113876942973,0.347,False,True,0.0,False,False,0.0,0.0,0.0033787325623022544,0.0,3.5509617508025673
2013-07-10 00:00:00-04:00,92.235595703125,22.119962692260742,-3.7569990454506104,9.130916982898285,0.137,False,False,0.0,False,False,0.0,0.0,-0.0016778626303182484,-0.0,3.5509617508025673
2013-07-11 00:00:00-04:00,94.34838104248047,22.543123245239258,-3.7674982406436315,9.417203877429017,0.304,False,True,0.0,False,False,0.0,0.0,0.0015968741634187333,0.0,3.5509617508025673
2013-07-12 00:00:00-04:00,94.92058563232422,22.6318416595459,-3.778243809405325,9.411969986703397,0.275,False,False,0.0,False,False,0.0,0.0,-2.9008002521483992e-05,-0.0,3.5509617508025673
2013-07-15 00:00:00-04:00,95.62484741210938,23.143720626831055,-3.7866818485168316,7.986940607343627,-0.717,False,False,0.0,False,True,0.0,0.0,-0.007775881059134228,-0.0,3.5509617508025673
2013-07-16 00:00:00-04:00,95.3387680053711,22.96628189086914,-3.7941240042046007,8.201846595895063,-0.598,False,False,0.0,False,False,0.0,0.0,0.0011777239436145425,0.0,3.5509617508025673
2013-07-17 00:00:00-04:00,95.97698211669922,22.973102569580078,-3.801751167829165,8.63896259413896,-0.301,False,False,0.0,False,False,0.0,0.0,0.00238450751076055,0.0,3.5509617508025673
2013-07-18 00:00:00-04:00,96.06500244140625,23.314353942871094,-3.807159714162269,7.303533348387177,-1.179,False,False,0.0,False,False,0.0,0.0,-0.007225313747890541,-0.0,3.5509617508025673
2013-07-19 00:00:00-04:00,95.60284423828125,23.355300903320312,-3.8100821767019215,6.617228535030236,-1.596,True,False,1.0,False,False,0.0,1.0,-0.003718026650064285,-0.0,3.5509617508025673
2013-07-22 00:00:00-04:00,95.558837890625,23.334829330444336,-3.81157864318494,6.616300772337837,-1.542,False,False,1.0,False,False,0.0,1.0,-5.028486602628842e-06,-5.028486602628842e-06,3.5509567223159646
2013-07-23 00:00:00-04:00,95.47079467773438,23.52593231201172,-3.8108619673045054,5.816713984508766,-1.912,False,False,1.0,False,False,0.0,1.0,-0.004319175293038441,-0.004319175293038441,3.546637547022926
2013-07-24 00:00:00-04:00,94.63448333740234,23.08229637145996,-3.81040400526887,6.681608792788211,-1.301,False,False,1.0,False,False,0.0,1.0,0.004736882215242519,0.004736882215242519,3.5513744292381686
2013-07-25 00:00:00-04:00,95.2507095336914,23.273405075073242,-3.809916136280398,6.580987991979754,-1.313,False,False,1.0,False,False,0.0,1.0,-0.0005470887612654892,-0.0005470887612654892,3.550827340476903
2013-07-26 00:00:00-04:00,94.7225341796875,23.42354965209961,-3.8075911685782144,5.5352333875997175,-1.792,True,False,1.0,False,False,0.0,1.0,-0.005686235347557833,-0.005686235347557833,3.5451411051293453
2013-07-29 00:00:00-04:00,93.84220123291016,23.375774383544922,-3.8031945924983286,4.939582501951165,-1.959,False,False,1.0,False,False,0.0,1.0,-0.0032594679606585846,-0.0032594679606585846,3.5418816371686868
2013-07-30 00:00:00-04:00,94.67850494384766,23.36895179748535,-3.7992860221211675,5.893173028038234,-1.387,False,False,1.0,False,False,0.0,1.0,0.00519770295012706,0.00519770295012706,3.5470793401188137
2013-07-31 00:00:00-04:00,94.19430541992188,23.061824798583984,-3.7969395824005048,6.6299499997927995,-0.967,False,False,1.0,False,False,0.0,1.0,0.004053600353068926,0.004053600353068926,3.5511329404718825
2013-08-01 00:00:00-04:00,95.27268981933594,23.43720054626465,-3.794945707509315,6.329786210253943,-1.064,False,False,1.0,False,False,0.0,1.0,-0.0016294157511453765,-0.0016294157511453765,3.549503524720737
2013-08-02 00:00:00-04:00,95.4927978515625,23.566879272460938,-3.792769290094882,6.10906188359904,-1.113,False,False,1.0,False,False,0.0,1.0,-0.001193901259909876,-0.001193901259909876,3.548309623460827
2013-08-05 00:00:00-04:00,94.48042297363281,23.30752182006836,-3.79053846368975,6.132365021375577,-1.038,False,False,1.0,False,False,0.0,1.0,0.00012745901327038386,0.00012745901327038386,3.5484370824740976
2013-08-06 00:00:00-04:00,93.64411163330078,23.00722312927246,-3.788869206508635,6.472752391527109,-0.822,False,False,1.0,False,False,0.0,1.0,0.0018825124227710925,0.0018825124227710925,3.5503195948968687
2013-08-07 00:00:00-04:00,92.5217056274414,23.04817771911621,-3.7854570004915344,5.273819932039942,-1.359,False,False,1.0,False,False,0.0,1.0,-0.00666927287682398,-0.00666927287682398,3.543650322020045
2013-08-08 00:00:00-04:00,93.02790069580078,23.252927780151367,-3.780780129402718,5.113693394168038,-1.463,False,False,1.0,False,False,0.0,1.0,-0.0008849600551474434,-0.0008849600551474434,3.5427653619648973
2013-08-09 00:00:00-04:00,93.20397186279297,23.15054702758789,-3.776531710437246,5.775196899138578,-1.066,False,False,1.0,False,False,0.0,1.0,0.0036621460759056874,0.0036621460759056874,3.546427508040803
2013-08-12 00:00:00-04:00,92.65377807617188,23.13690757751465,-3.771856290596175,5.384687684980932,-1.266,False,False,1.0,False,False,0.0,1.0,-0.0021704256800934817,-0.0021704256800934817,3.54425708236071
2013-08-13 00:00:00-04:00,93.20397186279297,22.863901138305664,-3.769736792215766,7.01308252813817,-0.177,False,False,1.0,False,False,0.0,1.0,0.0090771543414779,0.0090771543414779,3.5533342367021876
2013-08-14 00:00:00-04:00,93.33599853515625,22.70693588256836,-3.7702649363940464,7.724834364160969,0.287,False,True,0.0,False,False,0.0,0.0,0.003977441303115625,0.003977441303115625,3.5573116780053033
2013-08-15 00:00:00-04:00,91.68540954589844,22.454389572143555,-3.7710599475788307,7.008560383056121,-0.169,False,False,0.0,False,False,0.0,0.0,-0.00406137904078311,-0.0,3.5573116780053033
2013-08-16 00:00:00-04:00,92.01551818847656,22.235994338989258,-3.7738512620948734,8.10018288834749,0.539,False,True,0.0,False,False,0.0,0.0,0.006204838342139169,0.0,3.5573116780053033
2013-08-19 00:00:00-04:00,91.90550994873047,22.01759147644043,-3.778783091211902,8.705807568346074,0.995,False,False,0.0,False,False,0.0,0.0,0.003458633080894798,0.0,3.5573116780053033
2013-08-20 00:00:00-04:00,93.02790069580078,22.215526580810547,-3.7853298507257653,8.934804779866923,1.15,False,False,0.0,False,False,0.0,0.0,0.001292885744217165,0.0,3.5573116780053033
2013-08-21 00:00:00-04:00,91.79545593261719,21.928869247436523,-3.792271657693022,8.635226600307547,0.954,False,False,0.0,False,False,0.0,0.0,-0.0017123089147159701,-0.0,3.5573116780053033
2013-08-22 00:00:00-04:00,93.09393310546875,22.188215255737305,-3.7997208787367205,8.784908336339086,1.113,False,False,0.0,False,False,0.0,0.0,0.0008437386716930907,0.0,3.5573116780053033
2013-08-23 00:00:00-04:00,93.42404174804688,22.358844757080078,-3.806672697719231,8.311237858727367,0.798,False,False,0.0,False,False,0.0,0.0,-0.0026530684796224704,-0.0,3.5573116780053033
2013-08-26 00:00:00-04:00,92.60977172851562,22.181396484375,-3.812858353029664,8.035248861203584,0.652,False,False,0.0,False,False,0.0,0.0,-0.0015576380409637138,-0.0,3.5573116780053033
2013-08-27 00:00:00-04:00,91.00315856933594,22.181396484375,-3.815767143228445,6.364114673334882,-0.54,False,False,0.0,False,True,0.0,0.0,-0.009514422868834731,-0.0,3.5573116780053033
2013-08-28 00:00:00-04:00,90.2328872680664,22.317893981933594,-3.8146474394716328,5.0979901354840536,-1.436,False,False,0.0,False,False,0.0,0.0,-0.007219823995484911,-0.0,3.5573116780053033
2013-08-29 00:00:00-04:00,90.43094635009766,22.092670440673828,-3.8130900790813933,6.189603872349522,-0.544,False,False,0.0,False,False,0.0,0.0,0.006249495808355416,0.0,3.5573116780053033
2013-08-30 00:00:00-04:00,90.84912109375,22.126794815063477,-3.811820602525817,6.505748749829621,-0.251,False,False,0.0,False,False,0.0,0.0,0.0018045572117653325,0.0,3.5573116780053033
2013-09-03 00:00:00-04:00,91.66339874267578,21.935686111450195,-3.81329124506619,8.016238939362736,1.016,False,True,0.0,False,False,0.0,0.0,0.008616082237493251,0.0,3.5573116780053033
2013-09-04 00:00:00-04:00,92.03751373291016,22.1358642578125,-3.8155824489249173,7.576298579016395,0.695,False,False,0.0,False,False,0.0,0.0,-0.002492597896432974,-0.0,3.5573116780053033
2013-09-05 00:00:00-04:00,91.6413803100586,22.066843032836914,-3.8180239816259443,7.389644411911874,0.531,False,False,0.0,False,False,0.0,0.0,-0.001061179488591117,-0.0,3.5573116780053033
2013-09-06 00:00:00-04:00,92.01551818847656,22.197978973388672,-3.820254728056297,7.2135840620942275,0.364,False,False,0.0,False,False,0.0,0.0,-0.0009957181687254254,-0.0,3.5573116780053033
2013-09-09 00:00:00-04:00,92.56574249267578,22.17037010192871,-3.823369614318971,7.800223106755766,0.83,False,False,0.0,False,False,0.0,0.0,0.003308153556495651,0.0,3.5573116780053033
2013-09-10 00:00:00-04:00,93.73216247558594,22.3015193939209,-3.827964309552667,8.362742186860103,1.23,False,False,0.0,False,False,0.0,0.0,0.003140782294730375,0.0,3.5573116780053033
2013-09-11 00:00:00-04:00,93.68814086914062,22.115156173706055,-3.834306282773939,8.891858607772633,1.558,False,False,0.0,True,False,-1.0,-1.0,0.0029644963500576045,0.0,3.5573116780053033
2013-09-12 00:00:00-04:00,94.65650177001953,21.97020721435547,-3.843891541423366,10.205408095439935,2.316,False,False,0.0,False,False,-1.0,-1.0,0.0073338569724342275,-0.0073338569724342275,3.549977821032869
2013-09-13 00:00:00-04:00,94.39237976074219,22.315330505371094,-3.8523215959443977,8.426550134264318,0.944,False,False,0.0,False,False,-1.0,-1.0,-0.009862916510534314,0.009862916510534314,3.559840737543403
2013-09-16 00:00:00-04:00,95.9549560546875,22.37744140625,-3.8619951291970525,9.533386339857557,1.666,False,False,0.0,True,False,-1.0,-1.0,0.006068962005516157,-0.006068962005516157,3.553771775537887
2013-09-17 00:00:00-04:00,97.12139892578125,22.667346954345703,-3.8720972071504773,9.351228090348371,1.432,False,False,0.0,False,False,-1.0,-1.0,-0.0009852166312636203,0.0009852166312636203,3.5547569921691506
2013-09-18 00:00:00-04:00,98.3758544921875,23.399002075195312,-3.8794563823259836,7.600446551512107,0.131,False,False,0.0,False,False,-1.0,-1.0,-0.009255986538592016,0.009255986538592016,3.564012978707743
2013-09-19 00:00:00-04:00,98.88201141357422,23.399002075195312,-3.885827376177507,7.957528574545975,0.361,False,True,0.0,False,False,-1.0,-1.0,0.001881295076019098,-0.001881295076019098,3.5621316836317236
2013-09-20 00:00:00-04:00,97.97970581054688,22.950340270996094,-3.892780010105286,8.639079978498941,0.815,False,False,0.0,False,False,-1.0,-1.0,0.0036384272757607476,-0.0036384272757607476,3.558493256355963
2013-09-23 00:00:00-04:00,97.1654281616211,23.281652450561523,-3.896266881690273,6.453896767475044,-0.826,False,False,0.0,False,True,0.0,0.0,-0.011630927050292582,0.011630927050292582,3.570124183406256
2013-09-24 00:00:00-04:00,96.83529663085938,23.385190963745117,-3.8964822938114203,5.715314103227698,-1.339,False,False,0.0,False,False,0.0,0.0,-0.003929565945442506,-0.0,3.570124183406256
2013-09-25 00:00:00-04:00,96.83529663085938,23.157413482666016,-3.8963890769943537,6.605003685557733,-0.738,False,False,0.0,False,False,0.0,0.0,0.004756030140796212,0.0,3.570124183406256
2013-09-26 00:00:00-04:00,97.45545959472656,23.005563735961914,-3.898154543508649,7.776216791408814,0.103,False,False,0.0,False,False,0.0,0.0,0.006258663363034908,0.0,3.570124183406256
2013-09-27 00:00:00-04:00,96.68023681640625,22.791584014892578,-3.9009543366576342,7.771308314214238,0.053,False,False,0.0,False,False,0.0,0.0,-2.6448080555507938e-05,-0.0,3.570124183406256
2013-09-30 00:00:00-04:00,95.97144317626953,22.729463577270508,-3.9034352571152637,7.248453673434611,-0.46,False,False,0.0,False,True,0.0,0.0,-0.002830917170568189,-0.0,3.570124183406256
2013-10-01 00:00:00-04:00,97.743408203125,22.922727584838867,-3.9073402045220105,8.176513113578366,0.34,False,True,0.0,False,False,0.0,0.0,0.004954663058196356,0.0,3.570124183406256
2013-10-02 00:00:00-04:00,97.72122192382812,23.033172607421875,-3.9111244904675426,7.635616445774289,-0.143,False,False,0.0,False,False,0.0,0.0,-0.002880069246080331,-0.0,3.570124183406256
2013-10-03 00:00:00-04:00,95.7056884765625,22.708755493164062,-3.9134508373963937,6.836090275609649,-0.853,False,False,0.0,False,True,0.0,0.0,-0.004331707589659872,-0.0,3.570124183406256
2013-10-04 00:00:00-04:00,96.37017059326172,22.722562789916992,-3.9159071093777564,7.390725420943298,-0.338,False,False,0.0,False,False,0.0,0.0,0.0029923727817980483,0.0,3.570124183406256
2013-10-07 00:00:00-04:00,95.48420715332031,22.591415405273438,-3.917725443192683,6.977244222345433,-0.665,False,False,0.0,False,False,0.0,0.0,-0.0022472882715427528,-0.0,3.570124183406256
2013-10-08 00:00:00-04:00,94.39891052246094,22.777786254882812,-3.916134660087158,5.198032289657505,-2.054,True,False,1.0,False,False,0.0,1.0,-0.009690707950974771,-0.0,3.570124183406256
2013-10-09 00:00:00-04:00,93.49079132080078,22.92963218688965,-3.9102493689758564,3.830211531167052,-2.743,False,False,1.0,False,False,0.0,1.0,-0.0074682529003056155,-0.0074682529003056155,3.5626559305059504
2013-10-10 00:00:00-04:00,95.24055480957031,23.316164016723633,-3.902608015688249,4.246706222802743,-2.182,False,False,1.0,False,False,0.0,1.0,0.0022364003859658564,0.0022364003859658564,3.5648923308919165
2013-10-11 00:00:00-04:00,96.54735565185547,23.40589141845703,-3.8958953215912193,5.360452777016647,-1.307,False,False,1.0,False,False,0.0,1.0,0.005932569595738107,0.005932569595738107,3.5708249004876547
2013-10-14 00:00:00-04:00,97.83199310302734,23.288555145263672,-3.8928631404656744,7.172835183328161,-0.034,False,False,1.0,False,False,0.0,1.0,0.009615212154405028,0.009615212154405028,3.5804401126420595
2013-10-15 00:00:00-04:00,97.38900756835938,22.971046447753906,-3.8932688568996143,7.956547822924577,0.481,False,True,0.0,False,False,0.0,0.0,0.004194981716314514,0.004194981716314514,3.584635094358374
2013-10-16 00:00:00-04:00,99.00591278076172,23.04006576538086,-3.8977532784155935,9.20142090883759,1.279,False,False,0.0,False,False,0.0,0.0,0.006593244096917967,0.0,3.584635094358374
2013-10-17 00:00:00-04:00,100.22410583496094,23.419696807861328,-3.903867548021303,8.796711482253002,0.937,False,False,0.0,False,False,0.0,0.0,-0.0021116945402894793,-0.0,3.584635094358374
2013-10-18 00:00:00-04:00,99.86970520019531,23.40589141845703,-3.9101263055329323,8.349713460438963,0.585,False,False,0.0,False,False,0.0,0.0,-0.0023355385841604863,-0.0,3.584635094358374
2013-10-21 00:00:00-04:00,100.13549041748047,23.267845153808594,-3.9175438428323037,8.98268689920215,0.997,False,False,0.0,False,False,0.0,0.0,0.003309002478613572,0.0,3.584635094358374
2013-10-22 00:00:00-04:00,101.84095001220703,23.66128921508789,-3.9255983265491197,8.956232665463276,0.938,False,False,0.0,False,False,0.0,0.0,-0.00013585386096076296,-0.0,3.584635094358374
2013-10-23 00:00:00-04:00,101.53086853027344,23.502531051635742,-3.934180488816932,9.06766942911402,0.966,False,False,0.0,False,False,0.0,0.0,0.0005744338732175114,0.0,3.584635094358374
2013-10-24 00:00:00-04:00,102.17317199707031,23.45421600341797,-3.9440847008035504,9.667757488647709,1.29,False,False,0.0,False,False,0.0,0.0,0.0030824553963810387,0.0,3.584635094358374
2013-10-25 00:00:00-04:00,101.92953491210938,23.68889045715332,-3.952393253172284,8.301724094119294,0.379,False,False,0.0,False,False,0.0,0.0,-0.006985334094346732,-0.0,3.584635094358374
2013-10-28 00:00:00-04:00,102.01815032958984,23.426599502563477,-3.9613497602401226,9.217196006868633,0.953,False,False,0.0,False,False,0.0,0.0,0.004699086952396994,0.0,3.584635094358374
2013-10-29 00:00:00-04:00,101.88525390625,23.350677490234375,-3.970578780810542,9.169549345975028,0.913,False,False,0.0,False,False,0.0,0.0,-0.00024484288910530294,-0.0,3.584635094358374
2013-10-30 00:00:00-04:00,99.49314880371094,22.90202522277832,-3.978562244122251,8.376015938429632,0.451,False,False,0.0,False,False,0.0,0.0,-0.004163119641800968,-0.0,3.584635094358374
2013-10-31 00:00:00-04:00,99.8254165649414,23.122901916503906,-3.984700606661436,7.687575270475406,0.003,False,False,0.0,False,False,0.0,0.0,-0.003586314775187002,-0.0,3.584635094358374
2013-11-01 00:00:00-04:00,99.47100067138672,23.34377098083496,-3.9875859771992204,6.385706853259137,-0.823,False,False,0.0,False,True,0.0,0.0,-0.006760975644383118,-0.0,3.584635094358374
2013-11-04 00:00:00-05:00,98.38571166992188,23.48872184753418,-3.9858538986534393,4.763098119541553,-1.787,True,False,1.0,False,False,0.0,1.0,-0.008450720727113639,-0.0,3.584635094358374
2013-11-05 00:00:00-05:00,97.69911193847656,23.21953582763672,-3.982330848116079,5.231238133142355,-1.387,False,False,1.0,False,False,0.0,1.0,0.0024617312609217634,0.0024617312609217634,3.587096825619296
2013-11-06 00:00:00-05:00,98.31925964355469,23.316164016723633,-3.9783596691027023,5.5591730812377165,-1.111,False,False,1.0,False,False,0.0,1.0,0.0017162239384158212,0.0017162239384158212,3.5888130495577117
2013-11-07 00:00:00-05:00,98.29710388183594,23.102188110351562,-3.9756684931609563,6.450462488433587,-0.51,False,False,1.0,False,False,0.0,1.0,0.004687450570123695,0.004687450570123695,3.5935005001278353
2013-11-08 00:00:00-05:00,99.02803039550781,23.129810333251953,-3.974787813220024,7.091942160807378,-0.113,False,False,1.0,False,False,0.0,1.0,0.003359163370454853,0.003359163370454853,3.5968596634982903
2013-11-11 00:00:00-05:00,99.64820861816406,23.11600112915039,-3.9760269513575595,7.738365121050336,0.266,False,True,0.0,False,False,0.0,0.0,0.0033745538394488743,0.0033745538394488743,3.6002342173377393
2013-11-12 00:00:00-05:00,99.094482421875,22.908920288085938,-3.978803576764928,7.944388439816052,0.374,False,False,0.0,False,False,0.0,0.0,0.001082939249360151,0.0,3.6002342173377393
2013-11-13 00:00:00-05:00,99.22737121582031,23.171222686767578,-3.9808209654698308,6.986882148765758,-0.233,False,False,0.0,False,True,0.0,0.0,-0.0050008721549176585,-0.0,3.6002342173377393
2013-11-14 00:00:00-05:00,100.31268310546875,23.29546356201172,-3.9833215226036027,7.519361719879484,0.118,False,False,0.0,False,False,0.0,0.0,0.002757446991444446,0.0,3.6002342173377393
2013-11-15 00:00:00-05:00,100.22410583496094,23.523237228393555,-3.984350666679497,6.49927990155112,-0.529,False,False,0.0,False,True,0.0,0.0,-0.005259538214660689,-0.0,3.6002342173377393
2013-11-18 00:00:00-05:00,99.07234191894531,23.564653396606445,-3.9823655107266775,5.229278960071554,-1.268,False,False,0.0,False,False,0.0,0.0,-0.006583201285993244,-0.0,3.6002342173377393
2013-11-19 00:00:00-05:00,98.0091781616211,23.47492027282715,-3.9776638058579374,4.633837446995813,-1.532,True,False,1.0,False,False,0.0,1.0,-0.003111231339776062,-0.0,3.6002342173377393
2013-11-20 00:00:00-05:00,98.9837417602539,23.102188110351562,-3.97573868015147,7.1354788937938025,-0.008,False,False,1.0,False,False,0.0,1.0,0.013109129423502331,0.013109129423502331,3.6133433467612415
2013-11-21 00:00:00-05:00,99.338134765625,23.247148513793945,-3.975012120082939,6.930437665925979,-0.126,False,False,1.0,False,False,0.0,1.0,-0.0010693386441476235,-0.0010693386441476235,3.612274008117094
2013-11-22 00:00:00-05:00,99.89185333251953,23.198820114135742,-3.9761861478388387,7.6490261484879625,0.301,False,True,0.0,False,False,0.0,0.0,0.003740024865006514,0.003740024865006514,3.6160140329821004
2013-11-25 00:00:00-05:00,99.58177947998047,23.06768226623535,-3.9786864398945405,7.802704847514107,0.356,False,False,0.0,False,False,0.0,0.0,0.0008030832624515804,0.0,3.6160140329821004
2013-11-26 00:00:00-05:00,98.05348205566406,22.708755493164062,-3.9816357499782584,7.635489346566871,0.196,False,False,0.0,False,False,0.0,0.0,-0.0008872191463241033,-0.0,3.6160140329821004
2013-11-27 00:00:00-05:00,98.51861572265625,22.63973617553711,-3.985926617979323,8.278288676553487,0.587,False,True,0.0,False,False,0.0,0.0,0.003405398020130275,0.0,3.6160140329821004
2013-11-29 00:00:00-05:00,99.18309783935547,22.563810348510742,-3.9923618592505927,9.100202004597364,1.118,False,False,0.0,False,False,0.0,0.0,0.004342636054626289,0.0,3.6160140329821004
2013-12-02 00:00:00-05:00,99.80325317382812,22.556903839111328,-4.000784085970534,9.557951265543878,1.362,False,False,0.0,False,False,0.0,0.0,0.0024085911137221683,0.0,3.6160140329821004
2013-12-03 00:00:00-05:00,98.60722351074219,22.69495964050293,-4.0071385339691465,7.665376208408333,0.022,False,False,0.0,False,False,0.0,0.0,-0.009984617962078586,-0.0,3.6160140329821004
2013-12-04 00:00:00-05:00,97.92060852050781,22.806610107421875,-4.010279526368862,6.459726940836717,-0.786,False,False,0.0,False,True,0.0,0.0,-0.006366246600625289,-0.0,3.6160140329821004
2013-12-05 00:00:00-05:00,98.74010467529297,22.478609085083008,-4.015034545405777,8.487712666012541,0.682,False,True,0.0,False,False,0.0,0.0,0.01073050920407974,0.0,3.6160140329821004
2013-12-06 00:00:00-05:00,99.58177947998047,22.722864151000977,-4.0202802565062346,8.22949736243794,0.498,False,False,0.0,False,False,0.0,0.0,-0.0013523794623868809,-0.0,3.6160140329821004
2013-12-09 00:00:00-05:00,99.7589340209961,22.61818504333496,-4.026574301384203,8.685131381550988,0.84,False,False,0.0,False,False,0.0,0.0,0.002387609312147436,0.0,3.6160140329821004
2013-12-10 00:00:00-05:00,99.44888305664062,22.47163200378418,-4.03365984517102,8.805963387516385,0.934,False,False,0.0,False,False,0.0,0.0,0.0006356507973135217,0.0,3.6160140329821004
2013-12-11 00:00:00-05:00,98.20850372314453,22.241336822509766,-4.040397542278867,8.344661088479612,0.621,False,False,0.0,False,False,0.0,0.0,-0.00245279174727337,-0.0,3.6160140329821004
2013-12-12 00:00:00-05:00,97.94274139404297,22.415800094604492,-4.0451293067812495,7.267931496408437,-0.13,False,False,0.0,False,False,0.0,0.0,-0.005708533403692236,-0.0,3.6160140329821004
2013-12-13 00:00:00-05:00,98.23066711425781,22.23435401916504,-4.050256350499437,8.17583354888194,0.575,False,True,0.0,False,False,0.0,0.0,0.004821943533603743,0.0,3.6160140329821004
2013-12-16 00:00:00-05:00,98.16421508789062,22.40882682800293,-4.05415808364386,7.315288658167148,-0.049,False,False,0.0,False,False,0.0,0.0,-0.0045528310032061856,-0.0,3.6160140329821004
2013-12-17 00:00:00-05:00,98.0091781616211,22.26226806640625,-4.0579598252296964,7.669788729650534,0.278,False,True,0.0,False,False,0.0,0.0,0.001882149017710117,0.0,3.6160140329821004
2013-12-18 00:00:00-05:00,99.07234191894531,22.47163200378418,-4.06192806038847,7.794189320050762,0.398,False,False,0.0,False,False,0.0,0.0,0.0006535343694028014,0.0,3.6160140329821004
2013-12-19 00:00:00-05:00,98.85087585449219,22.087799072265625,-4.06802208209529,8.997221483631776,1.33,False,False,0.0,False,False,0.0,0.0,0.006375216123027584,0.0,3.6160140329821004
2013-12-20 00:00:00-05:00,99.51530456542969,22.157590866088867,-4.075693975829885,9.207744953608014,1.402,False,False,0.0,False,False,0.0,0.0,0.0011090522255509574,0.0,3.6160140329821004
2013-12-23 00:00:00-05:00,99.40460205078125,22.150606155395508,-4.083823079010821,8.945445419297926,1.158,False,False,0.0,False,False,0.0,0.0,-0.0013815144929741137,-0.0,3.6160140329821004
2013-12-24 00:00:00-05:00,99.58177947998047,22.227375030517578,-4.09169352405366,8.634173010899659,0.857,False,False,0.0,False,False,0.0,0.0,-0.0016337238838395603,-0.0,3.6160140329821004
2013-12-26 00:00:00-05:00,99.094482421875,22.22039222717285,-4.098379598185381,8.026880254352776,0.274,False,False,0.0,False,False,0.0,0.0,-0.003193553319833262,-0.0,3.6160140329821004
2013-12-27 00:00:00-05:00,99.47338104248047,22.276226043701172,-4.1044199380838124,8.042394723451494,0.25,False,False,0.0,False,False,0.0,0.0,8.126827747915957e-05,0.0,3.6160140329821004
2013-12-30 00:00:00-05:00,99.56253051757812,22.34601402282715,-4.109560111002329,7.730242649468977,-0.065,False,False,0.0,False,False,0.0,0.0,-0.0016309327316975071,-0.0,3.6160140329821004
2013-12-31 00:00:00-05:00,99.87457275390625,22.359973907470703,-4.114434670722735,7.875920872553081,0.071,False,False,0.0,False,False,0.0,0.0,0.0007592420639254417,0.0,3.6160140329821004
2014-01-02 00:00:00-05:00,98.47041320800781,21.864477157592773,-4.120007008528327,8.388614080918074,0.546,False,True,0.0,False,False,0.0,0.0,0.0027191047085346736,0.0,3.6160140329821004
2014-01-03 00:00:00-05:00,97.57887268066406,21.934263229370117,-4.123831478767403,7.125667511817227,-0.662,False,False,0.0,False,True,0.0,0.0,-0.006716654857750554,-0.0,3.6160140329821004
2014-01-06 00:00:00-05:00,97.60115814208984,22.066865921020508,-4.125695797262787,6.559982152974115,-1.152,False,False,0.0,False,False,0.0,0.0,-0.0029987190385889905,-0.0,3.6160140329821004
2014-01-07 00:00:00-05:00,97.89089965820312,22.087799072265625,-4.126743536025743,6.740217611695556,-0.997,False,False,0.0,False,False,0.0,0.0,0.0009534170053812543,0.0,3.6160140329821004
2014-01-08 00:00:00-05:00,98.0468978881836,21.969158172607422,-4.1283657933097775,7.350176780579176,-0.53,False,False,0.0,False,False,0.0,0.0,0.003231681007966853,0.0,3.6160140329821004
2014-01-09 00:00:00-05:00,98.73786163330078,22.136648178100586,-4.1302496031223574,7.307979281241586,-0.805,False,False,0.0,False,False,0.0,0.0,-0.0002218961978159573,-0.0,3.6160140329821004
2014-01-10 00:00:00-05:00,98.53727722167969,22.248313903808594,-4.131114949325723,6.6269350563646725,-1.612,True,False,1.0,False,False,0.0,1.0,-0.0035760185770188774,-0.0,3.6160140329821004
2014-01-13 00:00:00-05:00,98.22525024414062,22.031970977783203,-4.132345525062717,7.181533565786552,-0.942,False,False,1.0,False,False,0.0,1.0,0.0029302136448443043,0.0029302136448443043,3.6189442466269446
2014-01-14 00:00:00-05:00,98.84930419921875,21.920312881469727,-4.135526919454722,8.197260195030594,0.314,False,True,0.0,False,False,0.0,0.0,0.0053599968489605795,0.0053599968489605795,3.624304243475905
2014-01-15 00:00:00-05:00,99.2505111694336,22.00405502319336,-4.13976632685718,8.158865130105127,0.252,False,False,0.0,False,False,0.0,0.0,-0.00020171603331865432,-0.0,3.624304243475905
2014-01-16 00:00:00-05:00,98.73786163330078,22.136648178100586,-4.142684720486373,7.0327074631009765,-1.12,False,False,0.0,False,True,0.0,0.0,-0.0059133576637229995,-0.0,3.624304243475905
2014-01-17 00:00:00-05:00,98.87158966064453,22.17852210998535,-4.144696723176961,6.948341746480466,-1.154,False,False,0.0,False,False,0.0,0.0,-0.00044218029005859045,-0.0,3.624304243475905
2014-01-21 00:00:00-05:00,99.852294921875,22.394866943359375,-4.146273979872418,6.9970408319190796,-1.038,False,False,0.0,False,False,0.0,0.0,0.0002527097962084702,0.0,3.624304243475905
2014-01-22 00:00:00-05:00,101.01126098632812,22.61818504333496,-4.147941326318911,7.192356518750756,-0.76,False,False,0.0,False,False,0.0,0.0,0.001002492023638332,0.0,3.624304243475905
2014-01-23 00:00:00-05:00,99.98604583740234,22.848485946655273,-4.146278587189169,5.249857807092937,-2.802,True,False,1.0,False,False,0.0,1.0,-0.009975741717186199,-0.0,3.624304243475905
2014-01-24 00:00:00-05:00,97.3782730102539,23.04388999938965,-4.1370840549816785,2.0437631290272265,-4.277,False,False,1.0,False,False,0.0,1.0,-0.016636647709410694,-0.016636647709410694,3.6076675957664945
2014-01-27 00:00:00-05:00,96.3975830078125,23.183467864990234,-4.121453242798857,0.8480041963254052,-3.776,False,False,1.0,False,False,0.0,1.0,-0.006229625493642449,-0.006229625493642449,3.601437970272852
2014-01-28 00:00:00-05:00,97.28911590576172,22.9810848236084,-4.105842686010246,2.9323968661681192,-2.275,False,False,1.0,False,False,0.0,1.0,0.01087627430273684,0.01087627430273684,3.6123142445755887
2014-01-29 00:00:00-05:00,96.41983795166016,22.953170776367188,-4.089594989490825,2.550665751701672,-2.214,False,False,1.0,False,False,0.0,1.0,-0.0020060596992032866,-0.0020060596992032866,3.6103081848763856
2014-01-30 00:00:00-05:00,97.0439453125,23.28815460205078,-4.072335138841493,2.206775007795386,-2.145,False,False,1.0,False,False,0.0,1.0,-0.001792207340467702,-0.001792207340467702,3.6085159775359177
2014-01-31 00:00:00-05:00,95.97411346435547,23.2672176361084,-4.05357290090209,1.6587505752352882,-2.152,False,False,1.0,False,False,0.0,1.0,-0.0028799513407778005,-0.0028799513407778005,3.60563602619514
2014-02-03 00:00:00-05:00,93.85669708251953,23.19044303894043,-4.031730083248998,0.3590902385510759,-2.386,False,False,1.0,False,False,0.0,1.0,-0.006936912093538874,-0.006936912093538874,3.598699114101601
2014-02-04 00:00:00-05:00,93.27717590332031,23.113672256469727,-4.0086374850754405,0.6228428782875284,-2.06,False,False,1.0,False,False,0.0,1.0,0.001418547298715717,0.001418547298715717,3.6001176614003167
2014-02-05 00:00:00-05:00,93.7898178100586,23.036914825439453,-3.9871513510609984,1.9381517395305394,-1.467,False,False,1.0,False,False,0.0,1.0,0.007085209801970123,0.007085209801970123,3.6072028712022868
2014-02-06 00:00:00-05:00,93.07661437988281,23.427724838256836,-3.9635105082318707,0.22058079948703835,-1.898,True,False,1.0,False,False,0.0,1.0,-0.009237597371336483,-0.009237597371336483,3.59796527383095
2014-02-07 00:00:00-05:00,95.01568603515625,23.692914962768555,-3.9410846131022756,1.6399034358484244,-1.327,False,False,1.0,False,False,0.0,1.0,0.0075339008005468515,0.0075339008005468515,3.6054991746314973
2014-02-10 00:00:00-05:00,95.86266326904297,23.665002822875977,-3.9218601051628146,3.0518328094402847,-0.807,False,False,1.0,False,False,0.0,1.0,0.007483453799941437,0.007483453799941437,3.6129826284314386
2014-02-11 00:00:00-05:00,97.06622314453125,23.98601722717285,-3.9050233320754812,3.4002662288568217,-0.645,False,False,1.0,False,False,0.0,1.0,0.0018268203053441328,0.0018268203053441328,3.6148094487367826
2014-02-12 00:00:00-05:00,92.85368347167969,24.0069637298584,-3.8829963914780983,-0.365270061706056,-1.788,True,False,1.0,False,False,0.0,1.0,-0.020236915815087683,-0.020236915815087683,3.594572532921695
2014-02-13 00:00:00-05:00,92.2742691040039,24.076751708984375,-3.857647019337051,-0.6053403614779143,-1.732,False,False,1.0,False,False,0.0,1.0,-0.0012965988162206557,-0.0012965988162206557,3.5932759341054745
2014-02-14 00:00:00-05:00,92.40794372558594,24.216323852539062,-3.830860210874031,-0.3614077747456861,-1.541,False,False,1.0,False,False,0.0,1.0,0.001317292092611185,0.001317292092611185,3.5945932261980857
2014-02-18 00:00:00-05:00,92.49710845947266,24.502450942993164,-3.802683604941532,-0.6779600223316322,-1.533,False,False,1.0,False,False,0.0,1.0,-0.0017048986703380065,-0.0017048986703380065,3.592888327527748
2014-02-19 00:00:00-05:00,93.1211929321289,24.404752731323242,-3.7766644759432864,0.9526302475605206,-0.966,False,False,1.0,False,False,0.0,1.0,0.008800218147328665,0.008800218147328665,3.6016885456750765
2014-02-20 00:00:00-05:00,94.83739471435547,25.493440628051758,-3.748667525596186,-0.7290382837365854,-1.401,False,False,1.0,False,False,0.0,1.0,-0.008832115149684924,-0.008832115149684924,3.5928564305253916
2014-02-21 00:00:00-05:00,94.21332550048828,25.528331756591797,-3.7196531736295433,-0.7432147353862462,-1.328,False,False,1.0,False,False,0.0,1.0,-7.49403272792814e-05,-7.49403272792814e-05,3.5927814901981123
2014-02-24 00:00:00-05:00,94.0350112915039,25.633014678955078,-3.6904641535686116,-0.5627105290778474,-1.198,False,False,1.0,False,False,0.0,1.0,0.0009569081851830199,0.0009569081851830199,3.5937383983832953
2014-02-25 00:00:00-05:00,93.61152648925781,25.66790771484375,-3.661594173207443,-0.37393483784043724,-1.074,False,False,1.0,False,False,0.0,1.0,0.0010062831681615695,0.0010062831681615695,3.594744681551457
2014-02-26 00:00:00-05:00,91.1597671508789,25.584169387817383,-3.6306405107228565,-1.7271546617264733,-1.401,False,False,1.0,False,False,0.0,1.0,-0.00735258988633325,-0.00735258988633325,3.587392091665124
2014-02-27 00:00:00-05:00,91.93988037109375,25.43760871887207,-3.6021944186738852,0.3086682195626196,-0.729,False,False,1.0,False,False,0.0,1.0,0.011090106036374874,0.011090106036374874,3.598482197701499
2014-02-28 00:00:00-05:00,91.73930358886719,25.584169387817383,-3.5750640237355937,0.27426003332377036,-0.693,False,False,1.0,False,False,0.0,1.0,-0.00018781315386434043,-0.00018781315386434043,3.5982943845476347
2014-03-03 00:00:00-05:00,91.51639556884766,25.221261978149414,-3.5516560990269763,1.9391466389961067,-0.115,False,False,1.0,False,False,0.0,1.0,0.009193512065434716,0.009193512065434716,3.6074878966130695
2014-03-04 00:00:00-05:00,93.1211929321289,25.291053771972656,-3.533387775688527,3.758092699959505,0.542,False,True,0.0,False,False,0.0,0.0,0.009967685598703688,0.009967685598703688,3.617455582211773
2014-03-05 00:00:00-05:00,94.34703826904297,25.248750686645508,-3.520830837963922,5.450458231438716,1.211,False,False,0.0,False,False,0.0,0.0,0.009235604203400628,0.0,3.617455582211773
2014-03-06 00:00:00-05:00,96.3975830078125,25.037229537963867,-3.516353726910461,8.35782761048057,2.251,False,False,0.0,True,False,-1.0,-1.0,0.015763453345088822,0.0,3.617455582211773
2014-03-07 00:00:00-05:00,95.97411346435547,24.98787498474121,-3.5158530853357797,8.12041610326834,2.106,False,False,0.0,False,False,-1.0,-1.0,-0.0012914885193169613,0.0012914885193169613,3.6187470707310903
2014-03-10 00:00:00-04:00,95.35002136230469,25.030181884765625,-3.5161868307159145,7.339225448667747,1.813,False,False,0.0,False,False,-1.0,-1.0,-0.0042604012471485165,0.0042604012471485165,3.6230074719782386
2014-03-11 00:00:00-04:00,95.79578399658203,24.797504425048828,-3.518989811202702,8.533618581581294,2.148,False,False,0.0,False,False,-1.0,-1.0,0.006524672305970739,-0.006524672305970739,3.616482799672268
2014-03-12 00:00:00-04:00,95.372314453125,25.234643936157227,-3.519792260273988,6.551610035868876,1.498,False,False,0.0,False,False,-1.0,-1.0,-0.010760497644632131,0.010760497644632131,3.6272432973169
2014-03-13 00:00:00-04:00,95.21627807617188,25.52373504638672,-3.5176023743906977,5.433927073682895,1.111,False,False,0.0,False,False,-1.0,-1.0,-0.006041574295724892,0.006041574295724892,3.633284871612625
2014-03-14 00:00:00-04:00,94.48078155517578,25.84101676940918,-3.5109105326945134,3.7552836039215407,0.517,False,False,0.0,False,False,-1.0,-1.0,-0.009063642303246392,0.009063642303246392,3.6423485139158713
2014-03-17 00:00:00-04:00,95.2608642578125,25.939720153808594,-3.5028636494167857,4.397561454992385,0.697,False,False,0.0,False,False,-1.0,-1.0,0.00345080309136649,-0.00345080309136649,3.6388977108245046
2014-03-18 00:00:00-04:00,96.4421615600586,26.010231018066406,-3.4959890535886298,5.510678639586999,1.032,False,False,0.0,False,False,-1.0,-1.0,0.005940628350804572,-0.005940628350804572,3.6329570824737
2014-03-19 00:00:00-04:00,95.72893524169922,25.657691955566406,-3.4908840654714273,6.160907237238021,1.187,False,False,0.0,False,False,-1.0,-1.0,0.0035091163193387937,-0.0035091163193387937,3.6294479661543613
2014-03-20 00:00:00-04:00,96.37528228759766,25.58013153076172,-3.4883956649243895,7.141662347492783,1.413,False,False,0.0,False,False,-1.0,-1.0,0.005283987451483252,-0.005283987451483252,3.624163978702878
2014-03-21 00:00:00-04:00,96.4421615600586,26.017292022705078,-3.48498705283611,5.772235711075183,0.931,False,False,0.0,False,False,-1.0,-1.0,-0.007318750249543868,0.007318750249543868,3.631482728952422
2014-03-24 00:00:00-04:00,94.5699234008789,26.05253791809082,-3.478009812598308,3.9589408786695373,0.334,False,False,0.0,False,False,-1.0,-1.0,-0.009792018369101006,0.009792018369101006,3.641274747321523
2014-03-25 00:00:00-04:00,95.92951202392578,26.080734252929688,-3.471542162456383,5.3891434370599995,0.74,False,False,0.0,False,False,-1.0,-1.0,0.007669885097291644,-0.007669885097291644,3.633604862224231
2014-03-26 00:00:00-04:00,94.72593688964844,26.228811264038086,-3.4628244004640427,3.900169249371217,0.254,False,False,0.0,False,False,-1.0,-1.0,-0.008024578332281727,0.008024578332281727,3.641629440556513
2014-03-27 00:00:00-04:00,95.62383270263672,26.285205841064453,-3.4544683835083827,4.822420170669702,0.506,False,False,0.0,False,False,-1.0,-1.0,0.004947028070891865,-0.004947028070891865,3.636682412485621
2014-03-28 00:00:00-04:00,95.91561126708984,26.348676681518555,-3.44677889627999,5.097548536327011,0.56,False,False,0.0,False,False,-1.0,-1.0,0.0014733730653233607,-0.0014733730653233607,3.635209039420298
2014-03-31 00:00:00-04:00,99.0582046508789,26.89158058166504,-3.4418089794159963,6.502521134215328,0.96,False,False,0.0,False,False,-1.0,-1.0,0.007332310884792671,-0.007332310884792671,3.6278767285355054
2014-04-01 00:00:00-04:00,99.21533966064453,26.510826110839844,-3.4408502123445595,7.99555800773156,1.344,False,False,0.0,False,False,-1.0,-1.0,0.007840134021591002,-0.007840134021591002,3.6200365945139144
2014-04-02 00:00:00-04:00,98.83372497558594,26.510826110839844,-3.4413559116824843,7.60053681546087,1.155,False,False,0.0,False,False,-1.0,-1.0,-0.002078326973136235,0.002078326973136235,3.6221149214870505
2014-04-03 00:00:00-04:00,99.10308074951172,26.86336898803711,-3.4410604791527026,6.664603387880888,0.82,False,False,0.0,False,False,-1.0,-1.0,-0.004886320424713807,0.004886320424713807,3.6270012419117643
2014-04-04 00:00:00-04:00,97.91340637207031,27.124256134033203,-3.436991677949489,4.687563768827815,0.167,False,False,0.0,False,False,-1.0,-1.0,-0.010343451853305253,0.010343451853305253,3.6373446937650695
2014-04-07 00:00:00-04:00,96.49925994873047,26.96913719177246,-3.429773550855048,4.001226519008085,-0.099,False,False,0.0,False,False,-1.0,-1.0,-0.0036314660255233953,0.0036314660255233953,3.640976159790593
2014-04-08 00:00:00-04:00,96.02787017822266,27.046695709228516,-3.42009335846189,3.5256458147505185,-0.287,False,False,0.0,False,True,0.0,0.0,-0.0025225718228894683,0.0025225718228894683,3.6434987316134824
2014-04-09 00:00:00-04:00,96.54415893554688,27.286409378051758,-3.409099933903763,3.522062528359612,-0.346,False,False,0.0,False,False,0.0,0.0,-1.8902554067061603e-05,-0.0,3.6434987316134824
2014-04-10 00:00:00-04:00,95.55648040771484,27.15950584411621,-3.3970617041842432,3.293963200099512,-0.495,False,False,0.0,False,False,0.0,0.0,-0.0012144635588316138,-0.0,3.6434987316134824
2014-04-11 00:00:00-04:00,93.76072692871094,27.36397361755371,-3.3810185566445337,1.2426243442303928,-1.323,False,False,0.0,False,False,0.0,0.0,-0.011012195326919057,-0.0,3.6434987316134824
2014-04-14 00:00:00-04:00,94.14231872558594,27.709457397460938,-3.3623910192405067,0.9722880243358532,-1.483,False,False,0.0,False,False,0.0,0.0,-0.0014432381032097015,-0.0,3.6434987316134824
2014-04-15 00:00:00-04:00,94.07499694824219,27.9139404296875,-3.342097359859168,0.7838903349175013,-1.696,True,False,1.0,False,False,0.0,1.0,-0.0010055057229518894,-0.0,3.6434987316134824
2014-04-16 00:00:00-04:00,94.905517578125,27.935089111328125,-3.3231441430470032,2.07318981231883,-1.215,False,False,1.0,False,False,0.0,1.0,0.0068675523309610995,0.0068675523309610995,3.6503662839444435
2014-04-17 00:00:00-04:00,94.83816528320312,27.80112648010254,-3.3063637900364276,2.917527367169214,-0.926,False,False,1.0,False,False,0.0,1.0,0.004521005384413564,0.004521005384413564,3.654887289328857
2014-04-21 00:00:00-04:00,95.06265258789062,27.80112648010254,-3.2917895470843073,3.5471950435203468,-0.672,False,False,1.0,False,False,0.0,1.0,0.003374820743466508,0.003374820743466508,3.6582621100723234
2014-04-22 00:00:00-04:00,96.14009094238281,27.66010856628418,-3.281442985543818,5.375021708169129,0.173,False,False,1.0,False,False,0.0,1.0,0.009779433927462293,0.009779433927462293,3.6680415439997858
2014-04-23 00:00:00-04:00,96.2747802734375,27.772916793823242,-3.273273118207612,5.366438317999155,0.17,False,False,1.0,False,False,0.0,1.0,-4.5855577510236756e-05,-4.5855577510236756e-05,3.6679956884222755
2014-04-24 00:00:00-04:00,95.91561126708984,28.040849685668945,-3.2645733190745228,4.374201539075784,-0.257,False,False,1.0,False,True,0.0,1.0,-0.005293142788977139,-0.005293142788977139,3.6627025456332984
2014-04-25 00:00:00-04:00,96.76861572265625,28.372234344482422,-3.2556323747900295,4.3990510456297045,-0.198,False,False,1.0,False,False,0.0,1.0,0.00013138281494201126,0.00013138281494201126,3.6628339284482405
2014-04-28 00:00:00-04:00,96.4767837524414,28.647218704223633,-3.2450887433704665,3.514016806493416,-0.611,False,False,1.0,False,True,0.0,1.0,-0.0046718556704421765,-0.0046718556704421765,3.6581620727777984
2014-04-29 00:00:00-04:00,96.97063446044922,28.513256072998047,-3.235745267813373,4.709001052294866,0.086,False,False,1.0,False,False,0.0,1.0,0.006314907384776503,0.006314907384776503,3.6644769801625747
2014-04-30 00:00:00-04:00,92.00983428955078,28.88694190979004,-3.2175901351515535,-0.9365050340856271,-2.685,True,False,1.0,False,True,0.0,1.0,-0.030523480109333177,-0.030523480109333177,3.6339535000532415
2014-05-01 00:00:00-04:00,93.5587387084961,28.5273494720459,-3.200317910564273,2.2621512521813543,-0.998,False,False,1.0,False,False,0.0,1.0,0.017303565726935918,0.017303565726935918,3.6512570657801775
2014-05-02 00:00:00-04:00,92.5261459350586,27.420385360717773,-3.1883169898721264,5.101265420641184,0.411,False,True,0.0,False,False,0.0,0.0,0.015777149063703477,0.015777149063703477,3.667034214843881
2014-05-05 00:00:00-04:00,92.48127746582031,27.935089111328125,-3.1766894774699583,3.7401738336786536,-0.263,False,False,0.0,False,True,0.0,0.0,-0.007510615293299648,-0.0,3.667034214843881
2014-05-06 00:00:00-04:00,92.03228759765625,27.69536590576172,-3.1662648760145666,4.341423301871572,0.056,False,False,0.0,False,False,0.0,0.0,0.0033454202302739674,0.0,3.667034214843881
2014-05-07 00:00:00-04:00,93.19954681396484,28.118412017822266,-3.1565868556167476,4.441337037691099,0.134,False,False,0.0,False,False,0.0,0.0,0.0005491040211301826,0.0,3.667034214843881
2014-05-08 00:00:00-04:00,92.86284637451172,27.617809295654297,-3.1496839989821184,5.875474349049767,0.911,False,True,0.0,False,False,0.0,0.0,0.007974064886422614,0.0,3.667034214843881
2014-05-09 00:00:00-04:00,93.35668182373047,27.053739547729492,-3.1479899028782676,8.19178289237955,1.981,False,False,0.0,True,False,-1.0,-1.0,0.012974949770961242,0.0,3.667034214843881
2014-05-12 00:00:00-04:00,93.67095184326172,26.835174560546875,-3.150465036502503,9.12767264181737,2.188,False,False,0.0,False,False,-1.0,-1.0,0.005251487178950632,-0.005251487178950632,3.66178272766493
2014-05-13 00:00:00-04:00,93.78319549560547,26.947980880737305,-3.1545088290754952,8.775551881561995,1.875,False,False,0.0,False,False,-1.0,-1.0,-0.0019694563883076,0.0019694563883076,3.6637521840532377
2014-05-14 00:00:00-04:00,93.46891784667969,26.962081909179688,-3.158601644057752,8.306441601124959,1.554,False,False,0.0,False,False,-1.0,-1.0,-0.0026261356959170114,0.0026261356959170114,3.6663783197491546
2014-05-15 00:00:00-04:00,93.01998901367188,26.77876853942871,-3.162748313231275,8.325483985182984,1.467,False,False,0.0,False,False,-1.0,-1.0,0.00010715155317330263,-0.00010715155317330263,3.666271168195981
2014-05-16 00:00:00-04:00,94.03009033203125,26.651853561401367,-3.168948831247667,9.571730138044416,1.817,False,False,0.0,True,False,-1.0,-1.0,0.0069822229348098196,-0.0069822229348098196,3.659288945261171
2014-05-19 00:00:00-04:00,94.1198959350586,26.207660675048828,-3.1782264329446934,10.82601603197324,2.102,False,False,0.0,False,False,-1.0,-1.0,0.007069833715016127,-0.007069833715016127,3.652219111546155
2014-05-20 00:00:00-04:00,93.3791275024414,26.207660675048828,-3.187514644061182,9.841825314136912,1.683,False,False,0.0,False,False,-1.0,-1.0,-0.005563026111010242,0.005563026111010242,3.6577821376571653
2014-05-21 00:00:00-04:00,92.48127746582031,26.271106719970703,-3.1947331661750007,8.552101515406974,1.211,False,False,0.0,False,False,-1.0,-1.0,-0.007310926159726398,0.007310926159726398,3.665093063816892
2014-05-22 00:00:00-04:00,93.08729553222656,26.52493667602539,-3.2003189546378445,8.199037917373957,1.06,False,False,0.0,False,False,-1.0,-1.0,-0.0019837758152168538,0.0019837758152168538,3.667076839632109
2014-05-23 00:00:00-04:00,93.17711639404297,26.36981964111328,-3.2057695196175398,8.641552350750075,1.147,False,False,0.0,False,False,-1.0,-1.0,0.0024900554776796325,-0.0024900554776796325,3.6645867841544293
2014-05-27 00:00:00-04:00,93.91785430908203,26.334566116333008,-3.2122681065941125,9.324167472591526,1.291,False,False,0.0,False,False,-1.0,-1.0,0.003823927111159676,-0.003823927111159676,3.6607628570432698
2014-05-28 00:00:00-04:00,92.95264434814453,26.926830291748047,-3.214541132785488,6.3952407997861656,0.312,False,False,0.0,False,False,-1.0,-1.0,-0.01631622690276392,0.01631622690276392,3.6770790839460337
2014-05-29 00:00:00-04:00,93.5362548828125,27.145404815673828,-3.214398813470837,6.280097852124996,0.249,False,False,0.0,False,False,-1.0,-1.0,-0.000636879316131142,0.000636879316131142,3.6777159632621648
2014-05-30 00:00:00-04:00,94.14231872558594,27.469738006591797,-3.212354506343318,5.8997820520404645,0.1,False,False,0.0,False,False,-1.0,-1.0,-0.002085237829929725,0.002085237829929725,3.6798012010920944
2014-06-02 00:00:00-04:00,94.25456237792969,27.57550048828125,-3.2090844151962896,5.762453519748647,0.011,False,False,0.0,False,False,-1.0,-1.0,-0.0007514694049577947,0.0007514694049577947,3.680552670497052
2014-06-03 00:00:00-04:00,94.81572723388672,27.617809295654297,-3.206023448646817,6.272383031763013,0.138,False,False,0.0,False,False,-1.0,-1.0,0.002781043272202239,-0.002781043272202239,3.6777716272248497
2014-06-04 00:00:00-04:00,95.93807220458984,27.4540958404541,-3.205819719438683,7.92519037990256,0.685,False,True,0.0,False,False,-1.0,-1.0,0.008985043632209108,-0.008985043632209108,3.6687865835926408
2014-06-05 00:00:00-04:00,95.04020690917969,27.80998420715332,-3.203807849185736,5.9423612205705325,-0.105,False,False,0.0,False,False,-1.0,-1.0,-0.01076816622831949,0.01076816622831949,3.6795547498209604
2014-06-06 00:00:00-04:00,96.20744323730469,27.575103759765625,-3.204035481097125,7.855832396080899,0.595,False,True,0.0,False,False,-1.0,-1.0,0.010367798995633122,-0.010367798995633122,3.669186950825327
2014-06-09 00:00:00-04:00,96.36458587646484,27.254783630371094,-3.2072298544096585,8.952230141663023,0.972,False,False,0.0,False,False,-1.0,-1.0,0.005965915723536601,-0.005965915723536601,3.6632210351017904
2014-06-10 00:00:00-04:00,96.56658935546875,27.105314254760742,-3.212823208710366,9.482006638385513,1.116,False,False,0.0,False,False,-1.0,-1.0,0.002884688895495863,-0.002884688895495863,3.6603363462062948
2014-06-11 00:00:00-04:00,96.18498229980469,26.82770538330078,-3.2201581969815196,9.795526903563442,1.167,False,False,0.0,False,False,-1.0,-1.0,0.0017172188458270577,-0.0017172188458270577,3.658619127360468
2014-06-12 00:00:00-04:00,96.40946197509766,26.78499984741211,-3.2286182670141064,9.930922185772872,1.148,False,False,0.0,False,False,-1.0,-1.0,0.0007403180137745301,-0.0007403180137745301,3.6578788093466934
2014-06-13 00:00:00-04:00,96.76861572265625,26.93447494506836,-3.2370998266251667,9.579031547735568,0.955,False,False,0.0,False,False,-1.0,-1.0,-0.0019128836781031088,0.0019128836781031088,3.6597916930247965
2014-06-16 00:00:00-04:00,96.45435333251953,27.04125213623047,-3.244200649519077,8.72710558835152,0.585,False,False,0.0,False,False,-1.0,-1.0,-0.004625467225845928,0.004625467225845928,3.6644171602506423
2014-06-17 00:00:00-04:00,96.83595275878906,27.247663497924805,-3.249863459584931,8.284766797817113,0.375,False,False,0.0,False,False,-1.0,-1.0,-0.0023860273888959742,0.0023860273888959742,3.6668031876395384
2014-06-18 00:00:00-04:00,98.02562713623047,27.938106536865234,-3.252911485858624,7.145439489319642,-0.211,False,False,0.0,False,True,0.0,0.0,-0.00603119236856413,0.00603119236856413,3.6728343800081027
2014-06-19 00:00:00-04:00,97.8460464477539,28.36520004272461,-3.2520187013966755,5.601885439955694,-1.117,False,False,0.0,False,False,0.0,0.0,-0.00812011344521716,-0.0,3.6728343800081027
2014-06-20 00:00:00-04:00,98.16031646728516,28.251296997070312,-3.2502946795473053,6.335276147396755,-0.758,False,False,0.0,False,False,0.0,0.0,0.0038602485993834957,0.0,3.6728343800081027
2014-06-23 00:00:00-04:00,98.11544036865234,27.859821319580078,-3.2501903899229165,7.565716850783588,-0.155,False,False,0.0,False,False,0.0,0.0,0.006521822460700388,0.0,3.6728343800081027
2014-06-24 00:00:00-04:00,97.77873992919922,28.080476760864258,-3.2492177454809723,6.539156536233023,-0.856,False,False,0.0,False,True,0.0,0.0,-0.005431009525996491,-0.0,3.6728343800081027
2014-06-25 00:00:00-04:00,97.55428314208984,28.180131912231445,-3.2469927337063735,6.053599588187254,-1.262,False,False,0.0,False,False,0.0,0.0,-0.0025683374339832226,-0.0,3.6728343800081027
2014-06-26 00:00:00-04:00,97.41862487792969,28.40789794921875,-3.2428635417318543,5.295688321169095,-1.727,True,False,1.0,False,False,0.0,1.0,-0.003998654760894274,-0.0,3.6728343800081027
2014-06-27 00:00:00-04:00,97.48645782470703,28.664138793945312,-3.236773375371336,4.707136548516203,-1.925,False,False,1.0,False,False,0.0,1.0,-0.0030933138656572758,-0.0030933138656572758,3.6697410661424454
2014-06-30 00:00:00-04:00,97.87069702148438,29.03428840637207,-3.2287030032393402,4.127602846913717,-2.063,False,False,1.0,False,False,0.0,1.0,-0.0030244884670619543,-0.0030244884670619543,3.6667165776753836
2014-07-01 00:00:00-04:00,99.38508605957031,28.685508728027344,-3.2242467717746406,6.895927146514879,-0.421,False,False,1.0,False,False,0.0,1.0,0.014427805566068087,0.014427805566068087,3.6811443832414517
2014-07-02 00:00:00-04:00,98.18714904785156,27.866926193237305,-3.2240316680707997,8.343296509062839,0.424,False,True,0.0,False,False,0.0,0.0,0.007697503870823375,0.007697503870823375,3.6888418871122752
2014-07-03 00:00:00-04:00,98.18714904785156,27.162256240844727,-3.229416133657808,10.468920517120125,1.57,False,False,0.0,True,False,-1.0,-1.0,0.01143390275065484,0.0,3.6888418871122752
2014-07-07 00:00:00-04:00,97.78026580810547,27.446979522705078,-3.2352369734804474,8.982782845889275,0.75,False,False,0.0,False,False,-1.0,-1.0,-0.007965246022237594,0.007965246022237594,3.696807133134513
2014-07-08 00:00:00-04:00,97.19261169433594,27.532390594482422,-3.2396802770312028,7.9964689058718506,0.25,False,False,0.0,False,False,-1.0,-1.0,-0.005291703046969187,0.005291703046969187,3.702098836181482
2014-07-09 00:00:00-04:00,97.19261169433594,27.48256492614746,-3.2435088092213413,8.052670256379187,0.324,False,False,0.0,False,False,-1.0,-1.0,0.00030161852860694036,-0.00030161852860694036,3.7017972176528753
2014-07-10 00:00:00-04:00,96.78575897216797,27.74593162536621,-3.2449069542420084,6.752792489093878,-0.445,False,False,0.0,False,True,0.0,0.0,-0.006957962935020309,0.006957962935020309,3.7087551805878958
2014-07-11 00:00:00-04:00,97.01179504394531,27.397146224975586,-3.2471673377455117,8.048676674766838,0.358,False,True,0.0,False,False,0.0,0.0,0.006968059088670146,0.0,3.7087551805878958
2014-07-14 00:00:00-04:00,96.62752532958984,26.62128257751465,-3.2530627627490456,10.026822280057004,1.511,False,False,0.0,True,False,-1.0,-1.0,0.010796074506582737,0.0,3.7087551805878958
2014-07-15 00:00:00-04:00,95.83641815185547,26.56433868408203,-3.259560771466347,9.248341857275719,1.046,False,False,0.0,False,False,-1.0,-1.0,-0.0042674117044620265,0.0042674117044620265,3.713022592292358
2014-07-16 00:00:00-04:00,96.03985595703125,26.7921142578125,-3.265268930841649,8.556397679436529,0.593,False,False,0.0,False,False,-1.0,-1.0,-0.003770333925827929,0.003770333925827929,3.7167929262181856
2014-07-17 00:00:00-04:00,95.9494400024414,26.393512725830078,-3.2722218661673197,9.584010536014802,1.141,False,False,0.0,False,False,-1.0,-1.0,0.005636473094992108,-0.005636473094992108,3.7111564531231935
2014-07-18 00:00:00-04:00,96.01726531982422,26.471805572509766,-3.2792275506718527,9.210191170421524,0.865,False,False,0.0,False,False,-1.0,-1.0,-0.0020446914600022337,0.0020446914600022337,3.713201144583196
2014-07-21 00:00:00-04:00,96.15286254882812,26.45758056640625,-3.286262189062291,9.206315919378,0.812,False,False,0.0,False,False,-1.0,-1.0,-2.1164738110931167e-05,2.1164738110931167e-05,3.713222309321307
2014-07-22 00:00:00-04:00,96.55970764160156,26.464691162109375,-3.293626965599681,9.394887193810575,0.873,False,False,0.0,False,False,-1.0,-1.0,0.001026380507782962,-0.001026380507782962,3.712195928813524
2014-07-23 00:00:00-04:00,96.80833435058594,26.350805282592773,-3.3018276073343724,9.802517993028701,1.068,False,False,0.0,False,False,-1.0,-1.0,0.0022176246912858984,-0.0022176246912858984,3.709978304122238
2014-07-24 00:00:00-04:00,96.69534301757812,26.550106048583984,-3.3089206342977633,8.843149270624721,0.454,False,False,0.0,False,False,-1.0,-1.0,-0.005198491072942689,0.005198491072942689,3.715176795195181
2014-07-25 00:00:00-04:00,93.89256286621094,26.29386329650879,-3.3120987453660877,6.804691231016747,-0.765,False,False,0.0,False,True,0.0,0.0,-0.011263416651771536,0.011263416651771536,3.726440211846952
2014-07-28 00:00:00-04:00,94.38983917236328,26.898883819580078,-3.310829153614003,5.332230422821581,-1.538,True,False,1.0,False,False,0.0,1.0,-0.008026608300498155,-0.0,3.726440211846952
2014-07-29 00:00:00-04:00,93.89256286621094,26.3792724609375,-3.3093065078636736,6.59546483852148,-0.752,False,False,1.0,False,False,0.0,1.0,0.006971890170044598,0.006971890170044598,3.7334121020169966
2014-07-30 00:00:00-04:00,91.74528503417969,25.688825607299805,-3.307940915836379,6.768167728007342,-0.607,False,False,1.0,False,False,0.0,1.0,0.0009772552160831945,0.0009772552160831945,3.7343893572330797
2014-07-31 00:00:00-04:00,92.10694122314453,25.03397560119629,-3.3106447415959797,9.228341537801981,0.881,False,True,0.0,False,False,0.0,0.0,0.014059297682665374,0.014059297682665374,3.748448654915745
2014-08-01 00:00:00-04:00,91.67747497558594,25.261747360229492,-3.3134465347462374,7.974025723198622,0.156,False,False,0.0,False,False,0.0,0.0,-0.0071519512177556175,-0.0,3.748448654915745
2014-08-04 00:00:00-04:00,90.81859588623047,25.126508712768555,-3.3155499438842444,7.51040133360371,-0.108,False,False,0.0,False,False,0.0,0.0,-0.0026625678244365787,-0.0,3.748448654915745
2014-08-05 00:00:00-04:00,90.9994125366211,24.69942855834961,-3.31970215444295,9.00466633795817,0.797,False,True,0.0,False,False,0.0,0.0,0.008637661614002744,0.0,3.748448654915745
2014-08-06 00:00:00-04:00,90.5699462890625,24.307937622070312,-3.3260832436248062,9.719722277217414,1.166,False,False,0.0,False,False,0.0,0.0,0.004171364069957748,0.0,3.748448654915745
2014-08-07 00:00:00-04:00,91.1124267578125,24.706552505493164,-3.3321730541413337,8.785918238280118,0.56,False,False,0.0,False,False,0.0,0.0,-0.0053840508040715164,-0.0,3.748448654915745
2014-08-08 00:00:00-04:00,92.28775787353516,25.297348022460938,-3.3366630461328346,7.879031561828199,-0.026,False,False,0.0,False,False,0.0,0.0,-0.005132454562599966,-0.0,3.748448654915745
2014-08-11 00:00:00-04:00,92.60420227050781,25.29021644592285,-3.3406822841223307,8.117624227994128,0.113,False,False,0.0,False,False,0.0,0.0,0.001347290162391275,0.0,3.748448654915745
2014-08-12 00:00:00-04:00,92.40079498291016,25.283103942871094,-3.344015267262913,7.853709394154066,-0.077,False,False,0.0,False,False,0.0,0.0,-0.001491483441267739,-0.0,3.748448654915745
2014-08-13 00:00:00-04:00,93.2370834350586,25.105152130126953,-3.349127064113123,9.156738987373188,0.7,False,True,0.0,False,False,0.0,0.0,0.007348570350799281,0.0,3.748448654915745
2014-08-14 00:00:00-04:00,93.48571014404297,25.268878936767578,-3.35448542882249,8.721623947976596,0.374,False,False,0.0,False,False,0.0,0.0,-0.0024410408781975353,-0.0,3.748448654915745
2014-08-15 00:00:00-04:00,93.25968933105469,25.29021644592285,-3.3592851558815484,8.302640635234638,0.022,False,False,0.0,False,False,0.0,0.0,-0.0023509762179508395,-0.0,3.748448654915745
2014-08-18 00:00:00-04:00,93.39531707763672,25.226160049438477,-3.36416186966417,8.530431321270171,0.112,False,False,0.0,False,False,0.0,0.0,0.0012778549693879386,0.0,3.748448654915745
2014-08-19 00:00:00-04:00,93.37271118164062,25.61765480041504,-3.366756985609545,7.1242929274094,-1.143,False,False,0.0,False,True,0.0,0.0,-0.007828357377982025,-0.0,3.748448654915745
2014-08-20 00:00:00-04:00,93.937744140625,25.760011672973633,-3.3682022288389764,7.172815408797163,-1.05,False,False,0.0,False,False,0.0,0.0,0.0002685211049535095,0.0,3.748448654915745
2014-08-21 00:00:00-04:00,94.6158676147461,25.9450740814209,-3.3690819616675385,7.204786532902958,-0.977,False,False,0.0,False,False,0.0,0.0,0.00017563951016442858,0.0,3.748448654915745
2014-08-22 00:00:00-04:00,94.1412124633789,25.895252227783203,-3.369139202905041,6.896503013640427,-1.182,False,False,0.0,False,False,0.0,0.0,-0.0016996000351680919,-0.0,3.748448654915745
2014-08-25 00:00:00-04:00,94.50288391113281,26.16573143005371,-3.3678856655490916,6.379692099247592,-1.543,True,False,1.0,False,False,0.0,1.0,-0.002829885668554046,-0.0,3.748448654915745
2014-08-26 00:00:00-04:00,94.0281753540039,25.859661102294922,-3.3669100092369133,6.961023553212669,-0.998,False,False,1.0,False,False,0.0,1.0,0.0032100853351570576,0.0032100853351570576,3.751658740250902
2014-08-27 00:00:00-04:00,94.63848114013672,26.222679138183594,-3.3651298550150015,6.39576069375606,-1.451,False,False,1.0,False,False,0.0,1.0,-0.0030908745926474857,-0.0030908745926474857,3.7485678656582544
2014-08-28 00:00:00-04:00,94.57067108154297,26.350805282592773,-3.362207967175597,5.973783618916741,-1.675,True,False,1.0,False,False,0.0,1.0,-0.00230377627017157,-0.00230377627017157,3.7462640893880828
2014-08-29 00:00:00-04:00,94.86450958251953,26.614166259765625,-3.3578678390887853,5.497656634690671,-1.91,False,False,1.0,False,False,0.0,1.0,-0.0025843970195228725,-0.0025843970195228725,3.74367969236856
2014-09-02 00:00:00-04:00,95.74603271484375,26.037607192993164,-3.357543663342005,8.323629675421344,0.332,False,True,0.0,False,False,0.0,0.0,0.015428275232540188,0.015428275232540188,3.7591079676011003
2014-09-03 00:00:00-04:00,95.81385040283203,26.289283752441406,-3.3580231952599586,7.533825775363027,-0.273,False,False,0.0,False,True,0.0,0.0,-0.004290223669463846,-0.0,3.7591079676011003
2014-09-04 00:00:00-04:00,95.90422821044922,26.339618682861328,-3.358765742434934,7.435619309655436,-0.31,False,False,0.0,False,False,0.0,0.0,-0.0005326514862291629,-0.0,3.7591079676011003
2014-09-05 00:00:00-04:00,95.5426025390625,26.742300033569336,-3.356853419667969,5.772621221588437,-1.564,True,False,1.0,False,False,0.0,1.0,-0.0089740159759169,-0.0,3.7591079676011003
2014-09-08 00:00:00-04:00,95.67818450927734,26.641633987426758,-3.3544349805619174,6.310555522525746,-1.067,False,False,1.0,False,False,0.0,1.0,0.0029070330788588893,0.0029070330788588893,3.762015000679959
2014-09-09 00:00:00-04:00,95.5199966430664,26.332426071166992,-3.353280626481183,7.219982450374118,-0.287,False,False,1.0,False,False,0.0,1.0,0.004947377185506402,0.004947377185506402,3.7669623778654655
2014-09-10 00:00:00-04:00,95.72340393066406,26.253332138061523,-3.35356433526257,7.681165590658296,0.16,False,False,1.0,False,False,0.0,1.0,0.00250962657973299,0.00250962657973299,3.7694720044451984
2014-09-11 00:00:00-04:00,96.4015121459961,26.763877868652344,-3.352908928633858,6.664667075325539,-0.694,False,False,1.0,False,True,0.0,1.0,-0.005460983595925602,-0.005460983595925602,3.764011020849273
2014-09-12 00:00:00-04:00,96.28849029541016,26.397144317626953,-3.353594090894663,7.763183095322773,0.27,False,True,0.0,False,False,0.0,0.0,0.005943906974932412,0.005943906974932412,3.7699549278242053
2014-09-15 00:00:00-04:00,96.17547607421875,26.55534553527832,-3.353899352044783,7.111519890123475,-0.389,False,False,0.0,False,True,0.0,0.0,-0.003517950779996791,-0.0,3.7699549278242053
2014-09-16 00:00:00-04:00,95.72340393066406,27.295991897583008,-3.3492822475920243,4.301422837673556,-2.688,True,False,1.0,False,False,0.0,1.0,-0.015015582949559412,-0.0,3.7699549278242053
2014-09-17 00:00:00-04:00,96.31108093261719,27.245647430419922,-3.3435906276109493,5.2127895410727945,-1.785,False,False,1.0,False,False,0.0,1.0,0.004862972924442912,0.004862972924442912,3.774817900748648
2014-09-18 00:00:00-04:00,96.85356140136719,27.15216827392578,-3.3389907261054983,6.192723341073062,-0.934,False,False,1.0,False,False,0.0,1.0,0.005225912264943805,0.005225912264943805,3.780043813013592
2014-09-19 00:00:00-04:00,96.28849029541016,27.54046058654785,-3.332143894507621,4.519712700016953,-2.094,True,False,1.0,False,False,0.0,1.0,-0.008896282817569982,-0.008896282817569982,3.7711475301960222
2014-09-22 00:00:00-04:00,94.79668426513672,27.33193588256836,-3.3232133111604267,3.9668311204022473,-2.244,False,False,1.0,False,False,0.0,1.0,-0.002978461955544212,-0.002978461955544212,3.768169068240478
2014-09-23 00:00:00-04:00,93.71175384521484,27.109031677246094,-3.3131028900823623,3.896742647996504,-2.093,False,False,1.0,False,False,0.0,1.0,-0.0003818978250367895,-0.0003818978250367895,3.767787170415441
2014-09-24 00:00:00-04:00,94.68367767333984,27.101835250854492,-3.304434737842654,5.127431811127678,-1.201,False,False,1.0,False,False,0.0,1.0,0.006679818030285349,0.006679818030285349,3.7744669884457265
2014-09-25 00:00:00-04:00,93.3501205444336,27.0371150970459,-3.2950859476840626,4.26050252224104,-1.694,True,False,1.0,False,False,0.0,1.0,-0.004751866537947485,-0.004751866537947485,3.769715121907779
2014-09-26 00:00:00-04:00,93.98762512207031,27.029930114746094,-3.286854596631065,5.144175077800668,-1.016,False,False,1.0,False,False,0.0,1.0,0.004833273308466085,0.004833273308466085,3.7745483952162453
2014-09-29 00:00:00-04:00,94.26085662841797,27.07307243347168,-3.279745228509431,5.468076493649022,-0.744,False,False,1.0,False,False,0.0,1.0,0.0017694344760130574,0.0017694344760130574,3.776317829692258
2014-09-30 00:00:00-04:00,94.26085662841797,26.778255462646484,-3.2750497974974646,6.560736498142219,0.048,False,False,1.0,False,False,0.0,1.0,0.006004913932409918,0.006004913932409918,3.7823227436246682
2014-10-01 00:00:00-04:00,92.55323791503906,26.814208984375,-3.2688642615483476,4.901228464327005,-1.083,False,False,1.0,False,True,0.0,1.0,-0.009208988406686163,-0.009208988406686163,3.773113755217982
2014-10-02 00:00:00-04:00,92.53047180175781,26.792634963989258,-3.262272795926392,5.125587627549365,-0.872,False,False,1.0,False,False,0.0,1.0,0.0012468875947444548,0.0012468875947444548,3.7743606428127263
2014-10-03 00:00:00-04:00,94.03316497802734,26.792634963989258,-3.2581348784103525,6.739146517337247,0.415,False,True,0.0,False,False,0.0,0.0,0.008898604495961915,0.008898604495961915,3.7832592473086883
2014-10-06 00:00:00-04:00,93.96482849121094,26.900495529174805,-3.2547341543392845,6.410866923754483,0.216,False,False,0.0,False,False,0.0,0.0,-0.0018085157656497308,-0.0,3.7832592473086883
2014-10-07 00:00:00-04:00,92.55323791503906,26.84296989440918,-3.249912015546005,5.315947522258995,-0.662,False,False,0.0,False,True,0.0,0.0,-0.006089972657630097,-0.0,3.7832592473086883
2014-10-08 00:00:00-04:00,93.37287139892578,27.562047958374023,-3.242148743589474,4.012612239930618,-1.633,True,False,1.0,False,False,0.0,1.0,-0.00713245199898361,-0.0,3.7832592473086883
2014-10-09 00:00:00-04:00,91.9840087890625,27.06588363647461,-3.233634919643661,4.462822331146242,-1.19,False,False,1.0,False,False,0.0,1.0,0.0025080616223735796,0.0025080616223735796,3.785767308931062
2014-10-10 00:00:00-04:00,91.43756103515625,27.303178787231445,-3.2230150502318824,3.439004884737429,-1.85,True,False,1.0,False,False,0.0,1.0,-0.005705749001188921,-0.005705749001188921,3.780061559929873
2014-10-13 00:00:00-04:00,90.86834716796875,27.360698699951172,-3.2106094161550485,3.023830289324323,-1.97,False,False,1.0,False,False,0.0,1.0,-0.002323137719424703,-0.002323137719424703,3.777738422210448
2014-10-14 00:00:00-04:00,91.0960693359375,27.820911407470703,-3.1958368021167503,2.1849767915129092,-2.295,False,False,1.0,False,False,0.0,1.0,-0.004660111792490455,-0.004660111792490455,3.773078310417958
2014-10-15 00:00:00-04:00,90.4129867553711,26.907690048217773,-3.1841829820461514,4.733978017663475,-0.542,False,False,1.0,False,False,0.0,1.0,0.014475395199043865,0.014475395199043865,3.7875537056170017
2014-10-16 00:00:00-04:00,89.95765686035156,26.763877868652344,-3.1745664446797446,4.993948249020988,-0.347,False,False,1.0,False,False,0.0,1.0,0.0014862119939236353,0.0014862119939236353,3.7890399176109253
2014-10-17 00:00:00-04:00,91.73355102539062,26.965213775634766,-3.1681425112047776,6.30391093907744,0.518,False,True,0.0,False,False,0.0,0.0,0.007394101911556234,0.007394101911556234,3.7964340195224815
2014-10-20 00:00:00-04:00,92.2344741821289,27.439804077148438,-3.161984448496635,5.470240420390994,0.015,False,False,0.0,False,False,0.0,0.0,-0.004657410817445016,-0.0,3.7964340195224815
2014-10-21 00:00:00-04:00,93.5322494506836,27.871246337890625,-3.1561139145070523,5.567421069013264,0.13,False,False,0.0,False,False,0.0,0.0,0.0005354391915446411,0.0,3.7964340195224815
2014-10-22 00:00:00-04:00,92.87196350097656,27.94315528869629,-3.1492450269523595,4.872120670692254,-0.339,False,False,0.0,False,True,0.0,0.0,-0.0038441613008916896,-0.0,3.7964340195224815
2014-10-23 00:00:00-04:00,92.21168518066406,27.95033836364746,-3.1411090499554346,4.416624397294456,-0.653,False,False,0.0,False,False,0.0,0.0,-0.002530440017446954,-0.0,3.7964340195224815
2014-10-24 00:00:00-04:00,92.39383697509766,28.453702926635742,-3.130463649766344,3.3205542620142268,-1.389,False,False,0.0,False,False,0.0,0.0,-0.006040048120913751,-0.0,3.7964340195224815
2014-10-27 00:00:00-04:00,93.55502319335938,28.37459373474121,-3.1213277010878304,4.988617761998441,-0.103,False,False,0.0,False,False,0.0,0.0,0.009159073221534125,0.0,3.7964340195224815
2014-10-28 00:00:00-04:00,94.69345092773438,28.453702926635742,-3.1147757962297034,6.066545738739094,0.808,False,True,0.0,False,False,0.0,0.0,0.00588002336224069,0.0,3.7964340195224815
2014-10-29 00:00:00-04:00,91.43756103515625,28.381790161132812,-3.1049906666030687,3.3123674833520624,-1.353,False,False,0.0,False,True,0.0,0.0,-0.015338249080230116,-0.0,3.7964340195224815
2014-10-30 00:00:00-04:00,91.20988464355469,29.287809371948242,-3.0891762746492506,0.7346787952822069,-3.025,True,False,1.0,False,False,0.0,1.0,-0.014187673193722019,-0.0,3.7964340195224815
2014-10-31 00:00:00-04:00,92.27999114990234,29.70488166809082,-3.070792988149793,1.0624488097097213,-2.498,False,False,1.0,False,False,0.0,1.0,0.001786236622331532,0.001786236622331532,3.798220256144813
2014-11-03 00:00:00-05:00,91.66526794433594,29.927785873413086,-3.049992481933915,0.3857460294979944,-2.579,False,False,1.0,False,False,0.0,1.0,-0.0036989453524893224,-0.0036989453524893224,3.794521310792324
2014-11-04 00:00:00-05:00,91.59693908691406,29.604204177856445,-3.0305729529359122,1.8792386123099902,-1.522,False,False,1.0,False,False,0.0,1.0,0.00823702149161138,0.00823702149161138,3.8027583322839353
2014-11-05 00:00:00-05:00,92.89472198486328,30.179458618164062,-3.0120060799746087,1.9940091366110266,-1.363,False,False,1.0,False,False,0.0,1.0,0.0006244470892612045,0.0006244470892612045,3.8033827793731967
2014-11-06 00:00:00-05:00,94.85279846191406,29.280620574951172,-3.0022393543199586,6.945367052884961,1.522,False,True,0.0,True,False,-1.0,-1.0,0.027092097223615635,0.027092097223615635,3.830474876596812
2014-11-07 00:00:00-05:00,95.5813980102539,29.55387306213379,-2.996968896452166,7.009359673343411,1.457,False,False,0.0,False,False,-1.0,-1.0,0.0003474962060322972,-0.0003474962060322972,3.83012738039078
2014-11-10 00:00:00-05:00,96.21892547607422,29.81273651123047,-2.993883981433479,6.963051192404308,1.343,False,False,0.0,False,False,-1.0,-1.0,-0.0002496753251605577,0.0002496753251605577,3.8303770557159402
2014-11-11 00:00:00-05:00,95.30817413330078,29.446014404296875,-2.992293430241007,7.19705868454119,1.395,False,False,0.0,False,False,-1.0,-1.0,0.0012758063378726003,-0.0012758063378726003,3.8291012493780676
2014-11-12 00:00:00-05:00,93.96482849121094,28.561540603637695,-2.9935195782475814,8.465297509308257,1.889,False,False,0.0,True,False,-1.0,-1.0,0.007066800497271259,-0.007066800497271259,3.8220344488807965
2014-11-13 00:00:00-05:00,94.51130676269531,28.245153427124023,-2.9983361519874605,9.822842123716839,2.288,False,False,0.0,False,False,-1.0,-1.0,0.0075755934496460064,-0.0075755934496460064,3.8144588554311505
2014-11-14 00:00:00-05:00,94.69345092773438,28.388980865478516,-3.004279805809882,9.40500900605413,1.924,False,False,0.0,False,False,-1.0,-1.0,-0.0023215286329514155,0.0023215286329514155,3.816780384064102
2014-11-17 00:00:00-05:00,95.03494262695312,29.09366798400879,-3.0077749327421364,7.527737363129049,1.09,False,False,0.0,False,False,-1.0,-1.0,-0.01028404488835276,0.01028404488835276,3.8270644289524545
2014-11-18 00:00:00-05:00,96.1506118774414,29.179956436157227,-3.011255741084378,8.282300534470906,1.331,False,False,0.0,False,False,-1.0,-1.0,0.004100465094223304,-0.004100465094223304,3.822963963858231
2014-11-19 00:00:00-05:00,96.67427062988281,29.158388137817383,-3.015483110837016,8.747643661064103,1.431,False,False,0.0,False,False,-1.0,-1.0,0.002520806413437885,-0.002520806413437885,3.8204431574447932
2014-11-20 00:00:00-05:00,97.10688018798828,29.215917587280273,-3.0202786157005495,8.866669061056086,1.417,False,False,0.0,False,False,-1.0,-1.0,0.0006421757101639591,-0.0006421757101639591,3.8198009817346295
2014-11-21 00:00:00-05:00,97.38009643554688,29.481971740722656,-3.0243068747132043,8.217566619978939,1.123,False,False,0.0,False,False,-1.0,-1.0,-0.003479646738774635,0.003479646738774635,3.823280628473404
2014-11-24 00:00:00-05:00,98.38190460205078,29.273435592651367,-3.0303111775075204,9.674285521592864,1.569,False,False,0.0,True,False,-1.0,-1.0,0.007786213107720453,-0.007786213107720453,3.8154944153656833
2014-11-25 00:00:00-05:00,97.51669311523438,29.395675659179688,-3.035067520318385,8.298832684244374,1.003,False,False,0.0,False,False,-1.0,-1.0,-0.007365818544172168,0.007365818544172168,3.8228602339098554
2014-11-26 00:00:00-05:00,97.67607116699219,29.632965087890625,-3.0381399603908092,7.646975788605928,0.727,False,False,0.0,False,False,-1.0,-1.0,-0.0034727701300691512,0.0034727701300691512,3.8263330040399244
2014-11-28 00:00:00-05:00,97.24349212646484,30.042831420898438,-3.0376544834810777,5.983750564306504,0.098,False,False,0.0,False,False,-1.0,-1.0,-0.008823324628196048,0.008823324628196048,3.8351563286681203
2014-12-01 00:00:00-05:00,96.58320617675781,29.934982299804688,-3.0349767904083778,5.73122967556499,-0.024,False,False,0.0,False,False,-1.0,-1.0,-0.0013472438052112856,0.0013472438052112856,3.8365035724733314
2014-12-02 00:00:00-05:00,97.51669311523438,29.798355102539062,-3.033482138667149,7.12391515002102,0.451,False,True,0.0,False,False,-1.0,-1.0,0.007411470355636275,-0.007411470355636275,3.829092102117695
2014-12-03 00:00:00-05:00,98.97386169433594,29.58262825012207,-3.035890349857332,9.164246066373451,1.159,False,False,0.0,False,False,-1.0,-1.0,0.010807783315004309,-0.010807783315004309,3.8182843188026907
2014-12-04 00:00:00-05:00,99.56585693359375,29.503541946411133,-3.0413180287748736,9.836202899257842,1.323,False,False,0.0,False,False,-1.0,-1.0,0.003549776904103305,-0.003549776904103305,3.8147345418985874
2014-12-05 00:00:00-05:00,100.04401397705078,29.431629180908203,-3.0489995920861115,10.30698861003198,1.407,False,False,0.0,False,False,-1.0,-1.0,0.0024806783248805565,-0.0024806783248805565,3.812253863573707
2014-12-08 00:00:00-05:00,100.77255249023438,29.881521224975586,-3.0564223941758195,9.442001846178925,1.043,False,False,0.0,False,False,-1.0,-1.0,-0.00450272145394957,0.00450272145394957,3.8167565850276564
2014-12-09 00:00:00-05:00,100.18058013916016,30.070180892944336,-3.061568078071666,8.118674215481235,0.554,False,False,0.0,False,False,-1.0,-1.0,-0.0068836377316985435,0.0068836377316985435,3.823640222759355
2014-12-10 00:00:00-05:00,98.90557098388672,29.707372665405273,-3.0651278479940003,7.848675736417263,0.431,False,False,0.0,False,False,-1.0,-1.0,-0.0014213254040150193,0.0014213254040150193,3.82506154816337
2014-12-11 00:00:00-05:00,99.04216766357422,30.157270431518555,-3.0658607160456612,6.5841769444161,-0.032,False,False,0.0,False,False,-1.0,-1.0,-0.006603121389977835,0.006603121389977835,3.831664669553348
2014-12-12 00:00:00-05:00,97.69886779785156,29.562253952026367,-3.0659638786059182,7.062065010763661,0.099,False,False,0.0,False,False,-1.0,-1.0,0.002537427269424422,-0.002537427269424422,3.8291272422839233
2014-12-15 00:00:00-05:00,99.04216766357422,29.424379348754883,-3.068483302890474,8.753950934004578,0.667,False,True,0.0,False,False,-1.0,-1.0,0.00893615638432193,-0.00893615638432193,3.8201910858996015
2014-12-16 00:00:00-05:00,98.83727264404297,29.35906982421875,-3.0720194344426366,8.645639566884611,0.598,False,False,0.0,False,False,-1.0,-1.0,-0.000572988383478849,0.000572988383478849,3.82076407428308
2014-12-17 00:00:00-05:00,101.61500549316406,30.237079620361328,-3.076017370656527,8.605223343008149,0.54,False,False,0.0,False,False,-1.0,-1.0,-0.00020766226319810657,0.00020766226319810657,3.8209717365462783
2014-12-18 00:00:00-05:00,101.75159454345703,30.672462463378906,-3.078188666909852,7.335968202466233,0.006,False,False,0.0,False,False,-1.0,-1.0,-0.006470271306384919,0.006470271306384919,3.8274420078526634
2014-12-19 00:00:00-05:00,102.45743560791016,30.52733039855957,-3.08116928915629,8.397562703941162,0.384,False,True,0.0,False,False,-1.0,-1.0,0.005402040713430374,-0.005402040713430374,3.822039967139233
2014-12-22 00:00:00-05:00,102.5257339477539,30.43301010131836,-3.0849386621408175,8.641764480874869,0.465,False,False,0.0,False,False,-1.0,-1.0,0.0012433284745519018,-0.0012433284745519018,3.8207966386646808
2014-12-23 00:00:00-05:00,103.1860122680664,30.469280242919922,-3.0897437377301533,9.04374444435949,0.682,False,False,0.0,False,False,-1.0,-1.0,0.002037112791423856,-0.002037112791423856,3.818759525873257
2014-12-24 00:00:00-05:00,103.09493255615234,30.99173927307129,-3.092181437827564,7.262851649969775,-0.78,False,False,0.0,False,True,0.0,0.0,-0.008952493496952393,0.008952493496952393,3.8277120193702094
2014-12-26 00:00:00-05:00,103.04940795898438,31.318269729614258,-3.091757918288127,6.220899535366129,-1.638,True,False,1.0,False,False,0.0,1.0,-0.005212942647496686,-0.0,3.8277120193702094
2014-12-29 00:00:00-05:00,103.39322662353516,31.58675765991211,-3.0892647198728826,5.813370569594142,-1.875,False,False,1.0,False,False,0.0,1.0,-0.002027778846513465,-0.002027778846513465,3.825684240523696
2014-12-30 00:00:00-05:00,103.82868194580078,30.861120223999023,-3.0900682490228033,8.465714212345901,0.277,False,True,0.0,False,False,0.0,0.0,0.013315536303969783,0.013315536303969783,3.8389997768276656
2014-12-31 00:00:00-05:00,102.70561981201172,30.048418045043945,-3.09446867619794,9.721731402322291,1.244,False,False,0.0,False,False,0.0,0.0,0.006418418654072243,0.0,3.8389997768276656
2015-01-02 00:00:00-05:00,102.10965728759766,30.403972625732422,-3.097744356864518,7.925922659971761,-0.219,False,False,0.0,False,True,0.0,0.0,-0.009148594992571712,-0.0,3.8389997768276656
2015-01-05 00:00:00-05:00,101.37623596191406,29.66382598876953,-3.1027094489440885,9.338002774725624,0.967,False,True,0.0,False,False,0.0,0.0,0.007300798750817838,0.0,3.8389997768276656
2015-01-06 00:00:00-05:00,100.87198638916016,29.700115203857422,-3.1073018823797214,8.584762509319404,0.365,False,False,0.0,False,False,0.0,0.0,-0.003899582444747151,-0.0,3.8389997768276656
2015-01-07 00:00:00-05:00,102.3159408569336,30.157270431518555,-3.1115619070169673,8.479726962611323,0.253,False,False,0.0,False,False,0.0,0.0,-0.000535479953515056,-0.0,3.8389997768276656
2015-01-08 00:00:00-05:00,103.48490142822266,30.418481826782227,-3.116017504599445,8.700379592629133,0.429,False,False,0.0,False,False,0.0,0.0,0.0011128928827528319,0.0,3.8389997768276656
2015-01-09 00:00:00-05:00,102.56807708740234,29.99036979675293,-3.1209820805776354,8.968670361839713,0.648,False,False,0.0,False,False,0.0,0.0,0.0013676617755182133,0.0,3.8389997768276656
2015-01-12 00:00:00-05:00,101.65128326416016,30.033916473388672,-3.124355109710532,7.814662865908929,-0.3,False,False,0.0,False,True,0.0,0.0,-0.005903216896343844,-0.0,3.8389997768276656
2015-01-13 00:00:00-05:00,101.76588439941406,30.411231994628906,-3.125211334752358,6.724357466016244,-1.161,False,False,0.0,False,False,0.0,0.0,-0.005539961084335997,-0.0,3.8389997768276656
2015-01-14 00:00:00-05:00,100.87198638916016,30.68697166442871,-3.1221639056088737,5.0622310860385795,-2.279,True,False,1.0,False,False,0.0,1.0,-0.00845084228803578,-0.0,3.8389997768276656
2015-01-15 00:00:00-05:00,100.61984252929688,30.955461502075195,-3.115763106828199,4.169957626290355,-2.568,False,False,1.0,False,False,0.0,1.0,-0.004527704337819896,-0.004527704337819896,3.8344720724898456
2015-01-16 00:00:00-05:00,100.66570281982422,31.601276397705078,-3.105067245922459,2.5416145479677112,-3.035,False,False,1.0,False,False,0.0,1.0,-0.008191281199001114,-0.008191281199001114,3.8262807912908445
2015-01-20 00:00:00-05:00,99.06128692626953,31.543231964111328,-3.090731167633512,1.5696367668970055,-3.03,False,False,1.0,False,False,0.0,1.0,-0.004945119597206505,-0.004945119597206505,3.821335671693638
2015-01-21 00:00:00-05:00,98.83208465576172,32.1454963684082,-3.0721734248507206,0.07554498410269161,-3.126,False,False,1.0,False,False,0.0,1.0,-0.0075616285496197385,-0.0075616285496197385,3.813774043144018
2015-01-22 00:00:00-05:00,99.63428497314453,31.797197341918945,-3.0555388713352754,2.476712495392505,-1.925,False,False,1.0,False,False,0.0,1.0,0.012201559263644595,0.012201559263644595,3.8259756024076625
2015-01-23 00:00:00-05:00,99.08422088623047,31.927810668945312,-3.0391564786297645,2.050608243240802,-1.91,False,False,1.0,False,False,0.0,1.0,-0.00217269508072664,-0.00217269508072664,3.823802907326936
2015-01-26 00:00:00-05:00,99.88642883300781,31.789936065673828,-3.0255941149806964,3.702985357092487,-1.207,False,False,1.0,False,False,0.0,1.0,0.008427491150951727,0.008427491150951727,3.8322303984778876
2015-01-27 00:00:00-05:00,98.83208465576172,31.760902404785156,-3.0125191188385987,3.1517589297796036,-1.333,False,False,1.0,False,False,0.0,1.0,-0.0028338882142844466,-0.0028338882142844466,3.829396510263603
2015-01-28 00:00:00-05:00,98.19029998779297,31.361814498901367,-3.0011856704901367,4.067671713120376,-0.931,False,False,1.0,False,False,0.0,1.0,0.004762616801771899,0.004762616801771899,3.8341591270653748
2015-01-29 00:00:00-05:00,100.13853454589844,31.826223373413086,-2.9920087612026385,4.914195376654291,-0.575,False,False,1.0,False,False,0.0,1.0,0.0043330835968774,0.0043330835968774,3.838492210662252
2015-01-30 00:00:00-05:00,99.2446517944336,30.96996307373047,-2.986826629521444,6.742741370519639,0.13,False,False,1.0,False,False,0.0,1.0,0.009536264810751222,0.009536264810751222,3.8480284754730034
2015-02-02 00:00:00-05:00,100.75737762451172,30.91917610168457,-2.986210321663098,8.426214812342266,0.743,False,True,0.0,False,False,0.0,0.0,0.008718660558598417,0.008718660558598417,3.856747136031602
2015-02-03 00:00:00-05:00,102.20135498046875,31.34729766845703,-2.9879552391432793,8.537032679018665,0.762,False,False,0.0,False,False,0.0,0.0,0.0005657850227474699,0.0,3.856747136031602
2015-02-04 00:00:00-05:00,102.86602783203125,30.607158660888672,-2.9950271587010184,11.196756391998576,1.672,False,False,0.0,True,False,-1.0,-1.0,0.013672190717738076,0.0,3.856747136031602
2015-02-05 00:00:00-05:00,103.11817169189453,31.1005916595459,-3.002372551041603,9.742608972120522,1.122,False,False,0.0,False,False,-1.0,-1.0,-0.007400477293751827,0.007400477293751827,3.8641476133253536
2015-02-06 00:00:00-05:00,102.88894653320312,29.453407287597656,-3.0165227452472023,14.042073525135095,2.379,False,False,0.0,True,False,-1.0,-1.0,0.022423898483345795,-0.022423898483345795,3.841723714842008
2015-02-09 00:00:00-05:00,102.72852325439453,29.221195220947266,-3.0339724168024227,14.072222968041757,2.151,False,False,0.0,False,False,-1.0,-1.0,0.00015753309143785461,-0.00015753309143785461,3.84156618175057
2015-02-10 00:00:00-05:00,103.11817169189453,29.71462631225586,-3.0505968078604235,12.470827516961464,1.571,False,False,0.0,False,False,-1.0,-1.0,-0.008264604999069652,0.008264604999069652,3.8498307867496395
2015-02-11 00:00:00-05:00,109.74213409423828,29.09058952331543,-3.07885634079166,20.176388083011148,3.114,False,False,0.0,False,False,-1.0,-1.0,0.03866159512595399,-0.03866159512595399,3.8111691916236854
2015-02-12 00:00:00-05:00,110.88812255859375,28.86564064025879,-3.1140515747914566,20.999028865431598,2.81,False,False,0.0,False,False,-1.0,-1.0,0.004097281543085722,-0.004097281543085722,3.8070719100806
2015-02-13 00:00:00-05:00,109.62752532958984,28.560869216918945,-3.1505071995408027,19.646301236543422,2.245,False,False,0.0,False,False,-1.0,-1.0,-0.006776895465759436,0.006776895465759436,3.8138488055463595
2015-02-17 00:00:00-05:00,109.306640625,28.771312713623047,-3.1846392729939175,17.680388221606847,1.715,False,False,0.0,False,False,-1.0,-1.0,-0.009783928282258787,0.009783928282258787,3.8236327338286182
2015-02-18 00:00:00-05:00,108.87116241455078,29.417118072509766,-3.212590955083464,14.365994970183607,1.037,False,False,0.0,False,False,-1.0,-1.0,-0.016296848574868242,0.016296848574868242,3.8399295824034865
2015-02-19 00:00:00-05:00,109.42124938964844,29.22844696044922,-3.2381138591175147,14.776210206536632,1.059,False,False,0.0,False,False,-1.0,-1.0,0.0020102057974497934,-0.0020102057974497934,3.837919376606037
2015-02-20 00:00:00-05:00,109.44414520263672,30.208057403564453,-3.2566930778973053,11.065773759723925,0.382,False,False,0.0,False,False,-1.0,-1.0,-0.01785387121040893,0.01785387121040893,3.8557732478164457
2015-02-23 00:00:00-05:00,109.44414520263672,30.911922454833984,-3.267631819902863,8.435363774851368,-0.095,False,False,0.0,False,False,-1.0,-1.0,-0.012498804492711282,0.012498804492711282,3.868272052309157
2015-02-24 00:00:00-05:00,109.3983154296875,31.318269729614258,-3.272315159919786,6.9150666110138275,-0.356,False,False,0.0,False,True,0.0,0.0,-0.0071752215405371175,0.0071752215405371175,3.8754472738496943
2015-02-25 00:00:00-05:00,109.14619445800781,30.643428802490234,-3.276827954464257,8.732950337372642,-0.03,False,False,0.0,False,False,0.0,0.0,0.008674788111138233,0.0,3.8754472738496943
2015-02-26 00:00:00-05:00,108.98575592041016,30.628923416137695,-3.2808746141229355,8.496098626488447,-0.072,False,False,0.0,False,False,0.0,0.0,-0.0011306897895546949,-0.0,3.8754472738496943
2015-02-27 00:00:00-05:00,109.37540435791016,30.520090103149414,-3.2856547373812512,9.096925725194637,0.034,False,False,0.0,False,False,0.0,0.0,0.0028658047737329796,0.0,3.8754472738496943
2015-03-02 00:00:00-05:00,110.26927185058594,29.707372665405273,-3.295964655083581,12.354821550014051,0.599,False,True,0.0,False,False,0.0,0.0,0.015649138132201923,0.0,3.8754472738496943
2015-03-03 00:00:00-05:00,110.15470886230469,30.425750732421875,-3.3046292328170925,9.608883561537297,0.098,False,False,0.0,False,False,0.0,0.0,-0.013032420631413922,-0.0,3.8754472738496943
2015-03-04 00:00:00-05:00,108.87116241455078,29.99036979675293,-3.312338109100471,9.532917630750305,0.07,False,False,0.0,False,False,0.0,0.0,-0.0003648534992207306,-0.0,3.8754472738496943
2015-03-05 00:00:00-05:00,109.48997497558594,30.077436447143555,-3.3197613108351574,9.640065129255518,0.065,False,False,0.0,False,False,0.0,0.0,0.0005118350886471677,0.0,3.8754472738496943
2015-03-06 00:00:00-05:00,108.20646667480469,29.029943466186523,-3.3300060662918196,11.536578828294992,0.374,False,True,0.0,False,False,0.0,0.0,0.009256869605429109,0.0,3.8754472738496943
2015-03-09 00:00:00-04:00,108.96282958984375,29.169113159179688,-3.341582667168199,11.49182664046107,0.325,False,False,0.0,False,False,0.0,0.0,-0.00021678708031261235,-0.0,3.8754472738496943
2015-03-10 00:00:00-04:00,107.9772720336914,29.344913482666016,-3.350906448219161,9.645212222192455,-0.068,False,False,0.0,False,False,0.0,0.0,-0.00895070718203998,-0.0,3.8754472738496943
2015-03-11 00:00:00-04:00,109.3983154296875,29.462129592895508,-3.3603314026492703,10.395796169758356,0.02,False,False,0.0,False,False,0.0,0.0,0.003601635994806777,0.0,3.8754472738496943
2015-03-12 00:00:00-04:00,110.3609619140625,29.923616409301758,-3.368507917253224,9.563023126481028,-0.204,False,False,0.0,False,True,0.0,0.0,-0.0039438216457377325,-0.0,3.8754472738496943
2015-03-13 00:00:00-04:00,110.63601684570312,29.703853607177734,-3.3772604458722473,10.318366968202085,-0.099,False,False,0.0,False,False,0.0,0.0,0.0035806148973563778,0.0,3.8754472738496943
2015-03-16 00:00:00-04:00,112.56129455566406,30.201976776123047,-3.386281424982262,10.288901600932917,-0.156,False,False,0.0,False,False,0.0,0.0,-0.00013715431509195826,-0.0,3.8754472738496943
2015-03-17 00:00:00-04:00,112.53839874267578,30.209300994873047,-3.3949301677106165,9.979931449730941,-0.294,False,False,0.0,False,True,0.0,0.0,-0.001436423304981159,-0.0,3.8754472738496943
2015-03-18 00:00:00-04:00,113.13431549072266,30.927181243896484,-3.4001921082301303,7.975957895422923,-0.862,False,False,0.0,False,False,0.0,0.0,-0.00918021446151935,-0.0,3.8754472738496943
2015-03-19 00:00:00-04:00,112.7446517944336,30.670785903930664,-3.4043369580247993,8.330961810016376,-0.823,False,False,0.0,False,False,0.0,0.0,0.0016347698719995818,0.0,3.8754472738496943
2015-03-20 00:00:00-04:00,112.69883728027344,30.84659194946289,-3.4067732772747377,7.6114921318452105,-1.034,False,False,0.0,False,False,0.0,0.0,-0.003303559804151964,-0.0,3.8754472738496943
2015-03-23 00:00:00-04:00,112.33212280273438,31.09564781188965,-3.406426275109466,6.407091054763299,-1.324,False,False,0.0,False,False,0.0,0.0,-0.0055182661918288,-0.0,3.8754472738496943
2015-03-24 00:00:00-04:00,111.48405456542969,30.634164810180664,-3.4059147363780924,7.14670120180017,-1.102,False,False,0.0,False,False,0.0,0.0,0.0034269545089798572,0.0,3.8754472738496943
2015-03-25 00:00:00-04:00,110.45263671875,30.399757385253906,-3.4049951909759217,6.941609015125692,-1.102,False,False,0.0,False,False,0.0,0.0,-0.0009585374564795995,-0.0,3.8754472738496943
2015-03-26 00:00:00-04:00,110.13176727294922,30.16534423828125,-3.404659221648478,7.429049837884179,-0.946,False,False,0.0,False,False,0.0,0.0,0.0022902342326113286,0.0,3.8754472738496943
2015-03-27 00:00:00-04:00,110.73155975341797,30.275226593017578,-3.404953133905335,7.64583208582863,-0.839,False,False,0.0,False,False,0.0,0.0,0.0010138667951464825,0.0,3.8754472738496943
2015-03-30 00:00:00-04:00,112.1849365234375,30.744035720825195,-3.4053089978305233,7.491995053688441,-0.829,False,False,0.0,False,False,0.0,0.0,-0.000709325605560478,-0.0,3.8754472738496943
2015-03-31 00:00:00-04:00,111.14682006835938,30.70741081237793,-3.4042801322554057,6.610191526776362,-0.999,False,False,0.0,False,False,0.0,0.0,-0.004088415372599116,-0.0,3.8754472738496943
2015-04-01 00:00:00-04:00,111.58512878417969,30.223941802978516,-3.4058392272476543,8.647242189545267,-0.437,False,False,0.0,False,False,0.0,0.0,0.009495720816583677,0.0,3.8754472738496943
2015-04-02 00:00:00-04:00,111.8388671875,30.282543182373047,-3.408607408710636,8.61756614146347,-0.405,False,False,0.0,False,False,0.0,0.0,-0.00013798951393719262,-0.0,3.8754472738496943
2015-04-06 00:00:00-04:00,112.96926879882812,31.059032440185547,-3.4095020998159997,7.073432475762246,-0.959,False,False,0.0,False,False,0.0,0.0,-0.007055184355867235,-0.0,3.8754472738496943
2015-04-07 00:00:00-04:00,112.90006256103516,30.64881134033203,-3.411509463800821,8.341352619246507,-0.418,False,False,0.0,False,False,0.0,0.0,0.00583062310566384,0.0,3.8754472738496943
2015-04-08 00:00:00-04:00,113.24608612060547,30.546260833740234,-3.4149977771643285,8.930673272700787,-0.056,False,False,0.0,False,False,0.0,0.0,0.002708754334973479,0.0,3.8754472738496943
2015-04-09 00:00:00-04:00,113.4075698852539,30.23128318786621,-3.420886030755047,9.989795536082482,0.722,False,True,0.0,False,False,0.0,0.0,0.004884679266260511,0.0,3.8754472738496943
2015-04-10 00:00:00-04:00,113.79975128173828,30.524272918701172,-3.426695283166395,9.202369249141256,0.249,False,False,0.0,False,False,0.0,0.0,-0.0036054790417413447,-0.0,3.8754472738496943
2015-04-13 00:00:00-04:00,114.09967041015625,30.01884651184082,-3.4352712710263296,10.976789398680538,1.363,False,False,0.0,False,False,0.0,0.0,0.008168673730818617,0.0,3.8754472738496943
2015-04-14 00:00:00-04:00,114.74557495117188,30.216630935668945,-3.4447004412242386,10.65833303476309,1.09,False,False,0.0,False,False,0.0,0.0,-0.0014552495757990066,-0.0,3.8754472738496943
2015-04-15 00:00:00-04:00,114.3072509765625,30.223941802978516,-3.4533892058861855,9.93221659482424,0.58,False,False,0.0,False,False,0.0,0.0,-0.0033204172836823116,-0.0,3.8754472738496943
2015-04-16 00:00:00-04:00,113.68440246582031,30.267898559570312,-3.4601585672799513,8.952673951362598,-0.078,False,False,0.0,False,False,0.0,0.0,-0.004484754120793807,-0.0,3.8754472738496943
2015-04-17 00:00:00-04:00,112.76165008544922,30.01884651184082,-3.4656250154626727,8.727584678679278,-0.22,False,False,0.0,False,True,0.0,0.0,-0.001038255171105531,-0.0,3.8754472738496943
2015-04-20 00:00:00-04:00,113.03846740722656,30.634164810180664,-3.467424644746702,6.816809373173953,-1.445,False,False,0.0,False,False,0.0,0.0,-0.008714650243220155,-0.0,3.8754472738496943
2015-04-21 00:00:00-04:00,112.92311096191406,30.187313079833984,-3.469611329047937,8.184867506605102,-0.465,False,False,0.0,False,False,0.0,0.0,0.006285259673652463,0.0,3.8754472738496943
2015-04-22 00:00:00-04:00,112.50785827636719,30.656139373779297,-3.4687673035081654,6.168844364812273,-1.719,True,False,1.0,False,False,0.0,1.0,-0.009212026297829313,-0.0,3.8754472738496943
2015-04-23 00:00:00-04:00,113.0845947265625,30.736717224121094,-3.467005002260258,6.520242357475638,-1.389,False,False,1.0,False,False,0.0,1.0,0.001599816422112617,0.001599816422112617,3.877047090271807
2015-04-24 00:00:00-04:00,113.93815612792969,30.978439331054688,-3.4649214354235123,6.600297653791486,-1.282,False,False,1.0,False,False,0.0,1.0,0.0003617893085240876,0.0003617893085240876,3.877408879580331
2015-04-27 00:00:00-04:00,113.1768798828125,30.47301483154297,-3.4643047482747993,7.609069907649811,-0.565,False,False,1.0,False,False,0.0,1.0,0.004611642250668086,0.004611642250668086,3.882020521830999
2015-04-28 00:00:00-04:00,113.77666473388672,30.795324325561523,-3.463604975437997,7.113826179645045,-0.864,False,False,1.0,False,False,0.0,1.0,-0.0022466196875677554,-0.0022466196875677554,3.879773902143431
2015-04-29 00:00:00-04:00,113.26915740966797,30.634164810180664,-3.462977858634452,7.183722954253653,-0.766,False,False,1.0,False,False,0.0,1.0,0.00031864741929633054,0.00031864741929633054,3.8800925495627276
2015-04-30 00:00:00-04:00,112.1849365234375,30.42906379699707,-3.4618448914420443,6.844237466439139,-0.956,False,False,1.0,False,False,0.0,1.0,-0.0015606688697111298,-0.0015606688697111298,3.8785318806930165
2015-05-01 00:00:00-04:00,112.30025482177734,30.736717224121094,-3.4590815771740524,5.979442529011692,-1.5,False,False,1.0,False,False,0.0,1.0,-0.003955679792626537,-0.003955679792626537,3.87457620090039
2015-05-04 00:00:00-04:00,110.50086975097656,31.271469116210938,-3.4501114190218467,2.610817063548197,-3.253,False,False,1.0,False,False,0.0,1.0,-0.015424750387294984,-0.015424750387294984,3.859151450513095
2015-05-05 00:00:00-04:00,109.92416381835938,30.443708419799805,-3.4422163304351847,5.130333536717359,-1.569,False,False,1.0,False,False,0.0,1.0,0.01173407232928852,0.01173407232928852,3.8708855228423835
2015-05-06 00:00:00-04:00,109.48582458496094,30.575565338134766,-3.4338137922731975,4.495026620323472,-1.802,False,False,1.0,False,False,0.0,1.0,-0.0029621266357221293,-0.0029621266357221293,3.8679233962066615
2015-05-07 00:00:00-04:00,110.52393341064453,30.736717224121094,-3.426299459513556,5.210735798417431,-1.296,False,False,1.0,False,False,0.0,1.0,0.0033159687339344678,0.0033159687339344678,3.871239364940596
2015-05-08 00:00:00-04:00,110.47782135009766,30.80998420715332,-3.4190956357720528,5.13553880921387,-1.264,False,False,1.0,False,False,0.0,1.0,-0.0003484243953545055,-0.0003484243953545055,3.8708909405452414
2015-05-11 00:00:00-04:00,109.6934585571289,30.802640914916992,-3.411220809439969,4.618848882457058,-1.478,False,False,1.0,False,False,0.0,1.0,-0.002405804228769912,-0.002405804228769912,3.8684851363164716
2015-05-12 00:00:00-04:00,109.04753112792969,30.685440063476562,-3.403037739222608,4.6238205472655665,-1.392,False,False,1.0,False,False,0.0,1.0,2.328962331748096e-05,2.328962331748096e-05,3.868508425939789
2015-05-13 00:00:00-04:00,108.74761962890625,30.531606674194336,-3.395439896766294,5.07938421497073,-1.102,False,False,1.0,False,False,0.0,1.0,0.0021446782661928977,0.0021446782661928977,3.870653104205982
2015-05-14 00:00:00-04:00,109.87801361083984,30.97112274169922,-3.3878975712776223,4.951022094495926,-1.109,False,False,1.0,False,False,0.0,1.0,-0.0005975750909472644,-0.0005975750909472644,3.8700555291150347
2015-05-15 00:00:00-04:00,109.34742736816406,31.161582946777344,-3.378945140488716,4.054148100214718,-1.46,False,False,1.0,False,False,0.0,1.0,-0.004178489757777886,-0.004178489757777886,3.865877039357257
2015-05-18 00:00:00-04:00,111.56208038330078,31.227506637573242,-3.372808776172687,6.237671938102906,-0.371,False,False,1.0,False,False,0.0,1.0,0.010067588118016854,0.010067588118016854,3.8759446274752736
2015-05-19 00:00:00-04:00,111.95420837402344,31.520523071289062,-3.367351729942474,5.813520481226561,-0.565,False,False,1.0,False,False,0.0,1.0,-0.0019448023045776925,-0.0019448023045776925,3.8739998251706957
2015-05-20 00:00:00-04:00,112.23107147216797,31.74027442932129,-3.3617655962870776,5.5277088789652,-0.662,False,False,1.0,False,False,0.0,1.0,-0.001305466650239323,-0.001305466650239323,3.8726943585204565
2015-05-21 00:00:00-04:00,111.51591491699219,32.055259704589844,-3.3536813583026728,4.012788010158388,-1.315,False,False,1.0,False,False,0.0,1.0,-0.006916845476958026,-0.006916845476958026,3.8657775130434984
2015-05-22 00:00:00-04:00,111.8388671875,32.12851333618164,-3.3449787797348045,4.369671853545739,-1.085,False,False,1.0,False,False,0.0,1.0,0.001627317478820178,0.001627317478820178,3.8674048305223185
2015-05-26 00:00:00-04:00,110.70849609375,31.586429595947266,-3.3374945569946273,5.288959242381992,-0.61,False,False,1.0,False,False,0.0,1.0,0.004253438928348965,0.004253438928348965,3.8716582694506676
2015-05-27 00:00:00-04:00,110.80078125,31.681665420532227,-3.3305788032703134,5.282497948073299,-0.571,False,False,1.0,False,False,0.0,1.0,-2.9869278152050192e-05,-2.9869278152050192e-05,3.8716284001725154
2015-05-28 00:00:00-04:00,110.59314727783203,31.535167694091797,-3.3246879931232605,5.748553884156493,-0.3,False,False,1.0,False,False,0.0,1.0,0.002163297547730139,0.002163297547730139,3.8737916977202453
2015-05-29 00:00:00-04:00,109.48582458496094,31.227506637573242,-3.3194252743828443,5.828449796242282,-0.216,False,False,1.0,False,False,0.0,1.0,0.0003748461706522307,0.0003748461706522307,3.8741665438908974
2015-06-01 00:00:00-04:00,109.83185577392578,31.432613372802734,-3.314184113506606,5.6583878877876685,-0.248,False,False,1.0,False,False,0.0,1.0,-0.000794662046467347,-0.000794662046467347,3.87337188184443
2015-06-02 00:00:00-04:00,109.80879974365234,30.978439331054688,-3.3114498014936484,7.225252970248263,0.802,False,True,0.0,False,False,0.0,0.0,0.007377220074805124,0.007377220074805124,3.880749101919235
2015-06-03 00:00:00-04:00,109.92416381835938,30.282543182373047,-3.3136210931138304,9.579289976117622,2.373,False,False,0.0,True,False,-1.0,-1.0,0.011195357300626685,0.0,3.880749101919235
2015-06-04 00:00:00-04:00,108.86295318603516,29.96756935119629,-3.3178914363034764,9.43381146887046,2.224,False,False,0.0,False,False,-1.0,-1.0,-0.0006984350861455923,0.0006984350861455923,3.8814475370053807
2015-06-05 00:00:00-04:00,109.18594360351562,29.886215209960938,-3.3238223371978433,9.849473914345523,2.363,False,False,0.0,False,False,-1.0,-1.0,0.0019933705874180204,-0.0019933705874180204,3.8794541664179625
2015-06-08 00:00:00-04:00,109.16285705566406,29.686525344848633,-3.331213050976757,10.270716388752021,2.34,False,False,0.0,False,False,-1.0,-1.0,0.002024668856876916,-0.002024668856876916,3.8774294975610855
2015-06-09 00:00:00-04:00,108.88606262207031,29.686525344848633,-3.338543945231304,9.776293177070258,1.952,False,False,0.0,False,False,-1.0,-1.0,-0.0023770823038527585,0.0023770823038527585,3.879806579864938
2015-06-10 00:00:00-04:00,109.71650695800781,29.76048469543457,-3.346410738514299,10.12570138981512,1.95,False,False,0.0,False,False,-1.0,-1.0,0.0016693550193145983,-0.0016693550193145983,3.8781372248456236
2015-06-11 00:00:00-04:00,110.98530578613281,29.878816604614258,-3.355501844717286,10.726881551380188,2.045,False,False,0.0,False,False,-1.0,-1.0,0.0028459077176190284,-0.0028459077176190284,3.8752913171280046
2015-06-12 00:00:00-04:00,109.87801361083984,29.36111068725586,-3.365685035625948,11.057762741385702,2.002,False,False,0.0,False,False,-1.0,-1.0,0.001585452523189316,-0.001585452523189316,3.873705864604815
2015-06-15 00:00:00-04:00,109.531982421875,29.590377807617188,-3.3742679887436267,9.686117810802514,1.333,False,False,0.0,False,False,-1.0,-1.0,-0.006551050887285829,0.006551050887285829,3.880256915492101
2015-06-16 00:00:00-04:00,109.85492706298828,29.7235050201416,-3.381543880711548,9.343590548829468,1.134,False,False,0.0,False,False,-1.0,-1.0,-0.0016282423623854127,0.0016282423623854127,3.8818851578544864
2015-06-17 00:00:00-04:00,110.10870361328125,29.94538688659668,-3.3871408210125598,8.679461288675427,0.825,False,False,0.0,False,False,-1.0,-1.0,-0.0031395277911464956,0.0031395277911464956,3.8850246856456327
2015-06-18 00:00:00-04:00,110.80078125,30.455684661865234,-3.3901329031900223,7.551962588630985,0.343,False,False,0.0,False,False,-1.0,-1.0,-0.005267464646097455,0.005267464646097455,3.8902921502917303
2015-06-19 00:00:00-04:00,109.76264953613281,30.315162658691406,-3.3909065806902046,6.966764982082168,0.085,False,False,0.0,False,False,-1.0,-1.0,-0.0027531127322346517,0.0027531127322346517,3.8930452630239647
2015-06-22 00:00:00-04:00,109.85492706298828,30.115482330322266,-3.3917830707531174,7.709743927436577,0.351,False,True,0.0,False,False,-1.0,-1.0,0.0035046158450512247,-0.0035046158450512247,3.8895406471789133
2015-06-23 00:00:00-04:00,109.85492706298828,29.708709716796875,-3.3947631522786277,9.000894014664226,0.867,False,False,0.0,False,False,-1.0,-1.0,0.0061276468098251085,-0.0061276468098251085,3.8834130003690883
2015-06-24 00:00:00-04:00,108.83988952636719,29.2945499420166,-3.399173826218848,9.262622112603495,0.926,False,False,0.0,False,False,-1.0,-1.0,0.0012557895990033675,-0.0012557895990033675,3.882157210770085
2015-06-25 00:00:00-04:00,107.89407348632812,28.946949005126953,-3.4044092580759755,9.346812300220776,0.908,False,False,0.0,False,False,-1.0,-1.0,0.00040781652449044416,-0.00040781652449044416,3.8817493942455945
2015-06-26 00:00:00-04:00,108.265625,29.279762268066406,-3.4086641048799446,8.460750357423848,0.479,False,False,0.0,False,False,-1.0,-1.0,-0.004258469818253943,0.004258469818253943,3.8860078640638482
2015-06-29 00:00:00-04:00,105.43240356445312,29.00613021850586,-3.4093850183319585,6.539337757693346,-0.412,False,False,0.0,False,True,0.0,0.0,-0.009403686215151828,0.009403686215151828,3.895411550279
2015-06-30 00:00:00-04:00,108.91587829589844,29.050491333007812,-3.413475193924865,9.752746759346977,0.995,False,True,0.0,False,False,0.0,0.0,0.015443215556634677,0.0,3.895411550279
2015-07-01 00:00:00-04:00,108.8229751586914,29.176225662231445,-3.418185610831672,9.093220421674104,0.646,False,False,0.0,False,False,0.0,0.0,-0.0031623960904404503,-0.0,3.895411550279
2015-07-02 00:00:00-04:00,108.8462142944336,29.538618087768555,-3.4211361462750527,7.790580243354512,-0.002,False,False,0.0,False,False,0.0,0.0,-0.006205949059464012,-0.0,3.895411550279
2015-07-06 00:00:00-04:00,109.51966094970703,29.827041625976562,-3.4226427534343618,7.432353072173285,-0.234,False,False,0.0,False,True,0.0,0.0,-0.001692889289830946,-0.0,3.895411550279
2015-07-07 00:00:00-04:00,109.12487030029297,30.79589080810547,-3.417681952716335,3.874310067608036,-1.905,True,False,1.0,False,False,0.0,1.0,-0.016597251819946347,-0.0,3.895411550279
2015-07-08 00:00:00-04:00,108.265625,30.603605270385742,-3.409595944791293,3.9196965740993335,-1.787,False,False,1.0,False,False,0.0,1.0,0.00021347149653894791,0.00021347149653894791,3.895625021775539
2015-07-09 00:00:00-04:00,108.70685577392578,30.470487594604492,-3.4018194379991344,5.051758789288726,-1.246,False,False,1.0,False,False,0.0,1.0,0.005330814679767282,0.005330814679767282,3.9009558364553065
2015-07-10 00:00:00-04:00,109.12487030029297,30.51485252380371,-3.3949680562874116,5.527920739658072,-1.079,False,False,1.0,False,False,0.0,1.0,0.0022384255206195957,0.0022384255206195957,3.9031942619759263
2015-07-13 00:00:00-04:00,109.28743743896484,30.307764053344727,-3.3902125962620393,6.537673980777711,-0.653,False,False,1.0,False,False,0.0,1.0,0.0047621513434777775,0.0047621513434777775,3.907956413319404
2015-07-14 00:00:00-04:00,109.14810943603516,30.233810424804688,-3.3868287608751344,6.7513707384601815,-0.581,False,False,1.0,False,False,0.0,1.0,0.0010101723562064766,0.0010101723562064766,3.9089665856756106
2015-07-15 00:00:00-04:00,109.03197479248047,30.359542846679688,-3.383409147347109,6.313219815747928,-0.831,False,False,1.0,False,False,0.0,1.0,-0.002069182586477005,-0.002069182586477005,3.9068974030891335
2015-07-16 00:00:00-04:00,109.12487030029297,30.98078155517578,-3.377035298438859,4.50167741524082,-1.692,True,False,1.0,False,False,0.0,1.0,-0.008475128960285754,-0.008475128960285754,3.8984222741288477
2015-07-17 00:00:00-04:00,109.14810943603516,30.625795364379883,-3.3714824566169463,5.893777645087781,-1.001,False,False,1.0,False,False,0.0,1.0,0.006554068878894386,0.006554068878894386,3.904976343007742
2015-07-20 00:00:00-04:00,108.73008728027344,30.574018478393555,-3.3662028053333493,5.811740507991402,-1.047,False,False,1.0,False,False,0.0,1.0,-0.00038761041376761304,-0.00038761041376761304,3.9045887325939748
2015-07-21 00:00:00-04:00,108.05662536621094,29.94538688659668,-3.3635174110797723,7.334795191623115,-0.288,False,False,1.0,False,False,0.0,1.0,0.007295075920005947,0.007295075920005947,3.9118838085139807
2015-07-22 00:00:00-04:00,107.96372985839844,30.14505958557129,-3.3609844736344106,6.646652634509181,-0.592,False,False,1.0,False,False,0.0,1.0,-0.003288130271990789,-0.003288130271990789,3.9085956782419897
2015-07-23 00:00:00-04:00,107.96372985839844,29.405492782592773,-3.362426149272576,9.08993199396248,0.644,False,True,0.0,False,False,0.0,0.0,0.011812553487524434,0.011812553487524434,3.9204082317295144
2015-07-24 00:00:00-04:00,107.2437973022461,29.42027473449707,-3.364479863040533,8.25987539291053,0.252,False,False,0.0,False,False,0.0,0.0,-0.004024951661325142,-0.0,3.9204082317295144
2015-07-27 00:00:00-04:00,106.89547729492188,29.7235050201416,-3.3646509551956876,6.886257737138621,-0.41,False,False,0.0,False,True,0.0,0.0,-0.0066388906422447415,-0.0,3.9204082317295144
2015-07-28 00:00:00-04:00,107.26702117919922,29.80486297607422,-3.3640800891657165,7.0010750810754985,-0.313,False,False,0.0,False,False,0.0,0.0,0.0005532486979933605,0.0,3.9204082317295144
2015-07-29 00:00:00-04:00,108.8462142944336,30.085895538330078,-3.3641536960289486,7.632637620819608,0.066,False,False,0.0,False,False,0.0,0.0,0.0030065846339920295,0.0,3.9204082317295144
2015-07-30 00:00:00-04:00,108.265625,30.51485252380371,-3.3614274093882544,5.692163333045855,-0.955,False,False,0.0,False,True,0.0,0.0,-0.009203579461710378,-0.0,3.9204082317295144
2015-07-31 00:00:00-04:00,107.96372985839844,30.818078994750977,-3.3554824621122963,4.554206275520187,-1.55,True,False,1.0,False,False,0.0,1.0,-0.005383637896465519,-0.0,3.9204082317295144
2015-08-03 00:00:00-04:00,108.86944580078125,30.788490295410156,-3.349864888077832,5.732163203261692,-0.805,False,False,1.0,False,False,0.0,1.0,0.0055562242606209,0.0055562242606209,3.9259644559901354
2015-08-04 00:00:00-04:00,108.98552703857422,30.056318283081055,-3.348619131990668,8.338364598648099,0.812,False,True,0.0,False,False,0.0,0.0,0.012432228016869933,0.012432228016869933,3.9383966840070053
2015-08-05 00:00:00-04:00,109.47322845458984,30.46307373046875,-3.348116926207128,7.479295673311711,0.306,False,False,0.0,False,False,0.0,0.0,-0.004062422365325046,-0.0,3.9383966840070053
2015-08-06 00:00:00-04:00,107.5689468383789,30.766313552856445,-3.3435116254639516,4.701419801734247,-1.351,False,False,0.0,False,True,0.0,0.0,-0.013200543710056752,-0.0,3.9383966840070053
2015-08-07 00:00:00-04:00,107.45282745361328,31.387554168701172,-3.3338267510341764,2.8121597164630288,-2.235,True,False,1.0,False,False,0.0,1.0,-0.008907675756731522,-0.0,3.9383966840070053
2015-08-10 00:00:00-04:00,107.8011703491211,31.002967834472656,-3.3247835348593053,4.723013361293752,-1.095,False,False,1.0,False,False,0.0,1.0,0.00906136067940653,0.00906136067940653,3.9474580446864116
2015-08-11 00:00:00-04:00,106.61678314208984,31.40973663330078,-3.3125635701980203,2.570033821103465,-2.084,True,False,1.0,False,False,0.0,1.0,-0.01021999163793405,-0.01021999163793405,3.9372380530484774
2015-08-12 00:00:00-04:00,106.4310302734375,31.431922912597656,-3.29908312385554,2.734503842158304,-1.853,False,False,1.0,False,False,0.0,1.0,0.000782715145191366,0.000782715145191366,3.938020768193669
2015-08-13 00:00:00-04:00,106.45423889160156,31.291404724121094,-3.28644358308278,3.6168026303676015,-1.325,False,False,1.0,False,False,0.0,1.0,0.004215642058218501,0.004215642058218501,3.9422364102518874
2015-08-14 00:00:00-04:00,107.40637969970703,31.735149383544922,-3.2740078993711585,3.5052499302572073,-1.302,False,False,1.0,False,False,0.0,1.0,-0.0005279164019803887,-0.0005279164019803887,3.941708493849907
2015-08-17 00:00:00-04:00,107.89408874511719,31.912649154663086,-3.262141053741176,3.790525804052095,-1.092,False,False,1.0,False,False,0.0,1.0,0.0013456558198917134,0.0013456558198917134,3.943054149669799
2015-08-18 00:00:00-04:00,107.77793884277344,31.82390022277832,-3.251406578778665,4.305500296036186,-0.787,False,False,1.0,False,False,0.0,1.0,0.00243774471954937,0.00243774471954937,3.945491894389348
2015-08-19 00:00:00-04:00,106.6632308959961,32.15670394897461,-3.238352108683025,2.5285008545384073,-1.658,True,False,1.0,False,False,0.0,1.0,-0.008429870163805973,-0.008429870163805973,3.937062024225542
2015-08-20 00:00:00-04:00,105.64142608642578,31.949623107910156,-3.224380322278152,2.62369003307694,-1.503,False,False,1.0,False,False,0.0,1.0,0.0004561945785767528,0.0004561945785767528,3.9375182188041187
2015-08-21 00:00:00-04:00,103.64423370361328,31.09172821044922,-3.2119056220118867,3.7805370664058557,-0.829,False,False,1.0,False,False,0.0,1.0,0.005684530481890853,0.005684530481890853,3.9432027492860096
2015-08-24 00:00:00-04:00,100.43949127197266,30.063709259033203,-3.20088356953399,4.209058265486391,-0.605,False,False,1.0,False,False,0.0,1.0,0.0021788852599231444,0.0021788852599231444,3.9453816345459325
2015-08-25 00:00:00-04:00,99.48731994628906,29.501632690429688,-3.192286015435803,5.309670476106646,-0.028,False,False,1.0,False,False,0.0,1.0,0.005683073267904313,0.005683073267904313,3.951064707813837
2015-08-26 00:00:00-04:00,100.13756561279297,29.78266716003418,-3.1847701259686336,5.286616969849021,-0.044,False,False,1.0,False,False,0.0,1.0,-0.00011823007291285553,-0.00011823007291285553,3.9509464777409242
2015-08-27 00:00:00-04:00,102.2508773803711,30.27818489074707,-3.1788680062269137,6.000524144552088,0.34,False,True,0.0,False,False,0.0,0.0,0.003596487399533731,0.003596487399533731,3.9545429651404578
2015-08-28 00:00:00-04:00,100.71817016601562,29.967573165893555,-3.173167368367984,5.626044886822157,0.15,False,False,0.0,False,False,0.0,0.0,-0.0019124594898265509,-0.0,3.9545429651404578
2015-08-31 00:00:00-04:00,100.06791687011719,29.767879486083984,-3.1677908182022634,5.7695015567488355,0.247,False,True,0.0,False,False,0.0,0.0,0.0007380736587201342,0.0,3.9545429651404578
2015-09-01 00:00:00-04:00,98.65132141113281,28.82862663269043,-3.1651597274960563,7.404113394320817,1.122,False,False,0.0,False,False,0.0,0.0,0.00860781725111894,0.0,3.9545429651404578
2015-09-02 00:00:00-04:00,98.99964904785156,28.806434631347656,-3.164528212347333,7.840873959812669,1.278,False,False,0.0,False,False,0.0,0.0,0.002296824700123385,0.0,3.9545429651404578
2015-09-03 00:00:00-04:00,99.02286529541016,29.109663009643555,-3.163444363465643,6.936065925168933,0.77,False,False,0.0,False,False,0.0,0.0,-0.004734496479948873,-0.0,3.9545429651404578
2015-09-04 00:00:00-04:00,98.14041900634766,28.654006958007812,-3.1630387521167136,7.506684594747,1.03,False,False,0.0,False,False,0.0,0.0,0.003022758461613707,0.0,3.9545429651404578
2015-09-08 00:00:00-04:00,100.78782653808594,29.206768035888672,-3.1643255846846152,8.368103196174587,1.437,False,False,0.0,False,False,0.0,0.0,0.004458514183129081,0.0,3.9545429651404578
2015-09-09 00:00:00-04:00,100.88072967529297,28.863155364990234,-3.1681371491021375,9.43829492316074,1.846,False,False,0.0,True,False,-1.0,-1.0,0.005564549284389497,0.0,3.9545429651404578
2015-09-10 00:00:00-04:00,100.23046112060547,29.042428970336914,-3.171132398350312,8.133073685982396,1.25,False,False,0.0,False,False,-1.0,-1.0,-0.006786439129763046,0.006786439129763046,3.961329404270221
2015-09-11 00:00:00-04:00,98.81385803222656,29.3710994720459,-3.169874168864074,5.711168504651027,0.085,False,False,0.0,False,False,-1.0,-1.0,-0.012619574560534919,0.012619574560534919,3.973948978830756
2015-09-14 00:00:00-04:00,98.11717987060547,29.35616683959961,-3.1656676003854263,5.185313634975955,-0.16,False,False,0.0,False,False,-1.0,-1.0,-0.002752460064012383,0.002752460064012383,3.9767014388947683
2015-09-15 00:00:00-04:00,98.79065704345703,29.572784423828125,-3.1602298448111235,5.333861113109862,-0.059,False,False,0.0,False,False,-1.0,-1.0,0.0007726889268808553,-0.0007726889268808553,3.9759287499678875
2015-09-16 00:00:00-04:00,99.69635772705078,29.991092681884766,-3.1538053902742234,5.110287966708796,-0.139,False,False,0.0,False,False,-1.0,-1.0,-0.001150763603751932,0.001150763603751932,3.9770795135716392
2015-09-17 00:00:00-04:00,99.11578369140625,30.327226638793945,-3.144679407863384,3.7463785827850558,-0.824,False,False,0.0,False,True,0.0,0.0,-0.007012921612895325,0.007012921612895325,3.9840924351845346
2015-09-18 00:00:00-04:00,97.21146392822266,30.133014678955078,-3.132734382962901,2.8127327811342724,-1.258,False,False,0.0,False,False,0.0,0.0,-0.004872631131573247,-0.0,3.9840924351845346
2015-09-21 00:00:00-04:00,98.04750061035156,30.33470344543457,-3.1203267073494585,3.3933152900364405,-0.913,False,False,0.0,False,False,0.0,0.0,0.0030128564059945973,0.0,3.9840924351845346
2015-09-22 00:00:00-04:00,97.42049407958984,29.632539749145508,-3.1107340273358957,5.241544365539426,0.073,False,False,0.0,False,False,0.0,0.0,0.009748072243896426,0.0,3.9840924351845346
2015-09-23 00:00:00-04:00,97.16504669189453,29.834230422973633,-3.1015210999635237,4.633551533868129,-0.209,False,False,0.0,False,True,0.0,0.0,-0.003205081261588375,-0.0,3.9840924351845346
2015-09-24 00:00:00-04:00,95.1446304321289,29.991092681884766,-3.08905613184663,2.5004616823721904,-1.294,False,False,0.0,False,False,0.0,0.0,-0.011358983394051649,-0.0,3.9840924351845346
2015-09-25 00:00:00-04:00,95.60910034179688,30.543851852416992,-3.073692623287321,1.7266882162419819,-1.646,True,False,1.0,False,False,0.0,1.0,-0.004083420180962063,-0.0,3.9840924351845346
2015-09-28 00:00:00-04:00,94.69654083251953,30.31975746154785,-3.0573835090514287,1.9974143711441172,-1.419,False,False,1.0,False,False,0.0,1.0,0.0014446767036377216,0.0014446767036377216,3.9855371118881724
2015-09-29 00:00:00-04:00,95.00072479248047,30.558795928955078,-3.0407258369805383,2.0798044642910725,-1.358,False,False,1.0,False,False,0.0,1.0,0.00043842790485390965,0.00043842790485390965,3.985975539793026
2015-09-30 00:00:00-04:00,95.86649322509766,31.492521286010742,-3.02158450012451,0.7091790374463898,-1.919,True,False,1.0,False,False,0.0,1.0,-0.007175154999832797,-0.007175154999832797,3.9788003847931934
2015-10-01 00:00:00-04:00,95.88990020751953,30.87999725341797,-3.005210682162536,3.0890025963980747,-0.783,False,False,1.0,False,False,0.0,1.0,0.012612292631456452,0.012612292631456452,3.9914126774246497
2015-10-02 00:00:00-04:00,97.08323669433594,31.634431838989258,-2.9892012817395877,2.521552494125629,-1.024,False,False,1.0,False,False,0.0,1.0,-0.00296094516684159,-0.00296094516684159,3.988451732257808
2015-10-05 00:00:00-04:00,98.5807876586914,31.918285369873047,-2.9751672298281764,3.6185509939409997,-0.512,False,False,1.0,False,False,0.0,1.0,0.00566798262892755,0.00566798262892755,3.9941197148867356
2015-10-06 00:00:00-04:00,98.6510009765625,32.03034591674805,-2.9623640144264503,3.765456863156899,-0.435,False,False,1.0,False,False,0.0,1.0,0.0007590600997222945,0.0007590600997222945,3.994878774986458
2015-10-07 00:00:00-04:00,98.74459838867188,31.6195011138916,-2.9528270824256486,5.377679166784787,0.277,False,True,0.0,False,False,0.0,0.0,0.008392116847965998,0.008392116847965998,4.003270891834424
2015-10-08 00:00:00-04:00,98.83818054199219,32.04527282714844,-2.9434554655442935,4.514347094064092,-0.157,False,False,0.0,False,False,0.0,0.0,-0.004469471273817563,-0.0,4.003270891834424
2015-10-09 00:00:00-04:00,98.53399658203125,31.597084045410156,-2.9362116034299928,5.758271773345257,0.41,False,True,0.0,False,False,0.0,0.0,0.006502150911299808,0.0,4.003270891834424
2015-10-12 00:00:00-04:00,98.74459838867188,31.895885467529297,-2.9292653995897036,5.31308469936225,0.182,False,False,0.0,False,False,0.0,0.0,-0.0023165578133996093,-0.0,4.003270891834424
2015-10-13 00:00:00-04:00,98.51058959960938,31.768890380859375,-2.923018343513049,5.649540263302171,0.338,False,True,0.0,False,False,0.0,0.0,0.0017581265740875436,0.0,4.003270891834424
2015-10-14 00:00:00-04:00,97.2938461303711,31.873470306396484,-2.9150761835313155,4.380251953702128,-0.257,False,False,0.0,False,True,0.0,0.0,-0.0066731790699202384,-0.0,4.003270891834424
2015-10-15 00:00:00-04:00,98.46379852294922,32.373958587646484,-2.9062975490954575,4.375442025154399,-0.237,False,False,0.0,False,False,0.0,0.0,-2.4979873879941933e-05,-0.0,4.003270891834424
2015-10-16 00:00:00-04:00,98.67437744140625,32.4710578918457,-2.897476505239392,4.590250099515188,-0.12,False,False,0.0,False,False,0.0,0.0,0.0011143896068413707,0.0,4.003270891834424
2015-10-19 00:00:00-04:00,98.48719787597656,32.7847900390625,-2.887406707425895,3.8241752156378226,-0.46,False,False,0.0,False,True,0.0,0.0,-0.003966212835534047,-0.0,4.003270891834424
2015-10-20 00:00:00-04:00,99.70394134521484,32.53828430175781,-2.880239616290718,5.9858858531616335,0.611,False,True,0.0,False,False,0.0,0.0,0.01117613649363017,0.0,4.003270891834424
2015-10-21 00:00:00-04:00,100.14852142333984,32.25442123413086,-2.876661925359746,7.363455934600694,1.306,False,False,0.0,False,False,0.0,0.0,0.0071401257991789025,0.0,4.003270891834424
2015-10-22 00:00:00-04:00,100.92070770263672,32.583106994628906,-2.87460778827046,7.257054569826764,1.241,False,False,0.0,False,False,0.0,0.0,-0.0005468135482065289,-0.0,4.003270891834424
2015-10-23 00:00:00-04:00,102.88623046875,31.86599349975586,-2.8794200095516556,11.130651161309984,2.779,False,False,0.0,True,False,-1.0,-1.0,0.01990115379597681,0.0,4.003270891834424
2015-10-26 00:00:00-04:00,103.0968246459961,31.25348663330078,-2.8900182345505274,12.773678382475666,3.029,False,False,0.0,False,False,-1.0,-1.0,0.008494610010743427,-0.008494610010743427,3.9947762818236807
2015-10-27 00:00:00-04:00,103.21382904052734,31.20865821838379,-2.9030901390917925,12.612281112451342,2.704,False,False,0.0,False,False,-1.0,-1.0,-0.000832737177765152,0.000832737177765152,3.9956090190014457
2015-10-28 00:00:00-04:00,104.82837677001953,30.917339324951172,-2.9203385033048446,14.539280319623614,2.909,False,False,0.0,False,False,-1.0,-1.0,0.00987609759068286,-0.00987609759068286,3.985732921410763
2015-10-29 00:00:00-04:00,104.87516021728516,30.95469093322754,-2.938604193815801,13.911575622630764,2.391,False,False,0.0,False,False,-1.0,-1.0,-0.0032052120105019273,0.0032052120105019273,3.988938133421265
2015-10-30 00:00:00-04:00,104.38378143310547,30.842639923095703,-2.9562488779338363,13.205261767936449,1.988,False,False,0.0,False,False,-1.0,-1.0,-0.0036117076283499875,0.0036117076283499875,3.9925498410496147
2015-11-02 00:00:00-05:00,106.04515075683594,30.342159271240234,-2.977469318182782,15.702302479302901,2.341,False,False,0.0,False,False,-1.0,-1.0,0.012714833511438019,-0.012714833511438019,3.9798350075381768
2015-11-03 00:00:00-05:00,105.1325454711914,30.640960693359375,-2.996720994031639,13.310135284103126,1.632,False,False,0.0,False,False,-1.0,-1.0,-0.012145757831807123,0.012145757831807123,3.9919807653699837
2015-11-04 00:00:00-05:00,105.24957275390625,30.693254470825195,-3.014150060656272,12.735497928930101,1.401,False,False,0.0,False,False,-1.0,-1.0,-0.0029056773689604284,0.0029056773689604284,3.9948864427389443
2015-11-05 00:00:00-05:00,105.9515380859375,30.394458770751953,-3.032335777148923,13.785333328308468,1.524,False,False,0.0,True,False,-1.0,-1.0,0.005299047850587088,-0.005299047850587088,3.9895873948883573
2015-11-06 00:00:00-05:00,103.2840347290039,28.878095626831055,-3.0528127003563803,15.12461763730802,1.68,False,False,0.0,False,False,-1.0,-1.0,0.006995717514819393,-0.006995717514819393,3.982591677373538
2015-11-09 00:00:00-05:00,103.07343292236328,28.960269927978516,-3.072853491017814,14.082766373356293,1.366,False,False,0.0,False,False,-1.0,-1.0,-0.005424497690194462,0.005424497690194462,3.9880161750637324
2015-11-10 00:00:00-05:00,103.14363861083984,29.064844131469727,-3.0915188427022073,13.289125318198515,1.132,False,False,0.0,False,False,-1.0,-1.0,-0.004112169196079554,0.004112169196079554,3.992128344259812
2015-11-11 00:00:00-05:00,103.6584243774414,29.24411392211914,-3.1087316024580205,12.74632324186706,0.964,False,False,0.0,False,False,-1.0,-1.0,-0.002789744617794869,0.002789744617794869,3.994918088877607
2015-11-12 00:00:00-05:00,102.55865478515625,29.11713409423828,-3.123472389467577,11.612090381377953,0.686,False,False,0.0,False,False,-1.0,-1.0,-0.005861510429760888,0.005861510429760888,4.000779599307368
2015-11-13 00:00:00-05:00,102.4650650024414,29.17688751220703,-3.136024513139778,10.965630547038273,0.508,False,False,0.0,False,False,-1.0,-1.0,-0.0033328770787779084,0.0033328770787779084,4.004112476386146
2015-11-16 00:00:00-05:00,104.0675277709961,29.789409637451172,-3.1465718493077692,10.33300999829467,0.331,False,False,0.0,False,False,-1.0,-1.0,-0.003198250791617052,0.003198250791617052,4.007310727177763
2015-11-17 00:00:00-05:00,104.3739242553711,29.139530181884766,-3.1592242652252254,12.315613427497922,0.722,False,False,0.0,False,False,-1.0,-1.0,0.010093065572272604,-0.010093065572272604,3.9972176616054904
2015-11-18 00:00:00-05:00,105.24585723876953,29.11713409423828,-3.173747974866941,12.835411873251616,0.792,False,False,0.0,False,False,-1.0,-1.0,0.0026298096185394196,-0.0026298096185394196,3.994587851986951
2015-11-19 00:00:00-05:00,106.65979766845703,29.520496368408203,-3.1887616152544482,12.525971985618611,0.675,False,False,0.0,False,False,-1.0,-1.0,-0.0015410842359850681,0.0015410842359850681,3.9961289362229357
2015-11-20 00:00:00-05:00,107.69670104980469,29.632539749145508,-3.204379033817367,12.742811958883081,0.681,False,False,0.0,False,False,-1.0,-1.0,0.0010700189578223794,-0.0010700189578223794,3.9950589172651134
2015-11-23 00:00:00-05:00,109.2992172241211,29.505552291870117,-3.222629400557909,14.213756928641658,0.995,False,False,0.0,False,False,-1.0,-1.0,0.007196943467631094,-0.007196943467631094,3.9878619737974823
2015-11-24 00:00:00-05:00,109.13423156738281,29.273990631103516,-3.2421692411383973,14.222999577845371,0.942,False,False,0.0,False,False,-1.0,-1.0,4.529700902237951e-05,-4.529700902237951e-05,3.98781667678846
2015-11-25 00:00:00-05:00,108.66289520263672,29.11713409423828,-3.2615031916392643,13.69726942289013,0.759,False,False,0.0,False,False,-1.0,-1.0,-0.002581810015703664,0.002581810015703664,3.9903984868041635
2015-11-27 00:00:00-05:00,108.71005249023438,29.221702575683594,-3.2794662895307325,12.878463970586651,0.498,False,False,0.0,False,False,-1.0,-1.0,-0.004003123511969478,0.004003123511969478,3.994401610316133
2015-11-30 00:00:00-05:00,108.3094253540039,29.206768035888672,-3.2954559150631337,12.059808870257712,0.228,False,False,0.0,False,False,-1.0,-1.0,-0.004002047980740306,0.004002047980740306,3.998403658296873
2015-12-01 00:00:00-05:00,108.26229858398438,29.595199584960938,-3.3078099241885623,10.36700368850937,-0.305,False,False,0.0,False,True,0.0,0.0,-0.008211219160923143,0.008211219160923143,4.006614877457796
2015-12-02 00:00:00-05:00,108.71005249023438,28.728702545166016,-3.322886041485691,13.247847812907779,0.504,False,True,0.0,False,False,0.0,0.0,0.01410987057871503,0.0,4.006614877457796
2015-12-03 00:00:00-05:00,107.17826843261719,28.504608154296875,-3.337391121262591,12.04724226339755,0.057,False,False,0.0,False,False,0.0,0.0,-0.005934505144082136,-0.0,4.006614877457796
2015-12-04 00:00:00-05:00,110.0768814086914,28.855690002441406,-3.353682360675047,13.304062842396348,0.451,False,True,0.0,False,False,0.0,0.0,0.0060760087114014715,0.0,4.006614877457796
2015-12-07 00:00:00-05:00,109.46414947509766,28.727407455444336,-3.3698243704535695,12.657831731791774,0.122,False,False,0.0,False,False,0.0,0.0,-0.0031329308519979808,-0.0,4.006614877457796
2015-12-08 00:00:00-05:00,106.75406646728516,28.659500122070312,-3.3814045809954467,9.844701465477044,-1.436,False,False,0.0,False,True,0.0,0.0,-0.013812642976810657,-0.0,4.006614877457796
2015-12-09 00:00:00-05:00,105.74073791503906,28.82550621032715,-3.387914912120614,8.082375575646353,-2.472,True,False,1.0,False,False,0.0,1.0,-0.008664374068647302,-0.0,4.006614877457796
2015-12-10 00:00:00-05:00,105.97640991210938,28.244461059570312,-3.395077438751763,10.084277399059488,-1.579,False,False,1.0,False,False,0.0,1.0,0.009916858760474382,0.009916858760474382,4.016531736218271
2015-12-11 00:00:00-05:00,109.98262786865234,27.93507957458496,-3.4099559459594255,14.725237172446654,1.235,False,True,0.0,False,False,0.0,0.0,0.022612353116312812,0.022612353116312812,4.039144089334583
2015-12-14 00:00:00-05:00,107.4374771118164,28.267107009887695,-3.4223162104413225,10.6984985695982,-1.184,False,False,0.0,False,True,0.0,0.0,-0.019721855734784296,-0.0,4.039144089334583
2015-12-15 00:00:00-05:00,108.59222412109375,28.003002166748047,-3.43607459531475,12.371819783386883,-0.171,False,False,0.0,False,False,0.0,0.0,0.008170009956809289,0.0,4.039144089334583
2015-12-16 00:00:00-05:00,109.3934555053711,28.900968551635742,-3.4464877546536203,9.786621294529127,-1.609,True,False,1.0,False,True,0.0,1.0,-0.012369353613662534,-0.0,4.039144089334583
2015-12-17 00:00:00-05:00,108.71005249023438,28.757593154907227,-3.4545083728314974,9.366706154125609,-1.713,False,False,1.0,False,False,0.0,1.0,-0.0020183046408869783,-0.0020183046408869783,4.037125784693696
2015-12-18 00:00:00-05:00,108.827880859375,28.282194137573242,-3.4637154626967304,10.86640770607174,-0.816,False,False,1.0,False,False,0.0,1.0,0.007252315087043527,0.007252315087043527,4.04437809978074
2015-12-21 00:00:00-05:00,109.15782928466797,28.470834732055664,-3.4726112542721452,10.2896881756092,-1.096,False,False,1.0,False,False,0.0,1.0,-0.002772343901922411,-0.002772343901922411,4.041605755878818
2015-12-22 00:00:00-05:00,109.15782928466797,28.629304885864258,-3.480127190269345,9.524206912860748,-1.442,False,False,1.0,False,False,0.0,1.0,-0.0036662480991218878,-0.0036662480991218878,4.037939507779695
2015-12-23 00:00:00-05:00,110.19470977783203,29.17261505126953,-3.4853413887509967,8.518187121542056,-1.846,True,False,1.0,False,False,0.0,1.0,-0.004748260439894776,-0.004748260439894776,4.033191247339801
2015-12-24 00:00:00-05:00,110.57176208496094,29.12734603881836,-3.4900302970746706,8.916441936106963,-1.519,False,False,1.0,False,False,0.0,1.0,0.001876550392970781,0.001876550392970781,4.035067797732772
2015-12-28 00:00:00-05:00,110.87812805175781,29.210342407226562,-3.4942795761629184,8.809025165460454,-1.501,False,False,1.0,False,False,0.0,1.0,-0.0005044290558432093,-0.0005044290558432093,4.034563368676928
2015-12-29 00:00:00-05:00,115.92124938964844,29.46690559387207,-3.5045799931416726,12.652121585569944,0.611,False,True,0.0,False,False,0.0,0.0,0.01753314387845068,0.01753314387845068,4.052096512555379
2015-12-30 00:00:00-05:00,115.33210754394531,29.421628952026367,-3.516626438599383,11.867229304588335,0.203,False,False,0.0,False,False,0.0,0.0,-0.0035873084730653937,-0.0,4.052096512555379
2015-12-31 00:00:00-05:00,114.46013641357422,29.19525146484375,-3.5288136352276065,11.435534960534838,-0.018,False,False,0.0,False,False,0.0,0.0,-0.0019849408666012284,-0.0,4.052096512555379
2016-01-04 00:00:00-05:00,111.18448638916016,29.20279884338379,-3.535391655453695,7.941155042368294,-1.827,True,False,1.0,False,True,0.0,1.0,-0.016296299403044567,-0.0,4.052096512555379
2016-01-05 00:00:00-05:00,111.9494400024414,29.376354217529297,-3.5392328667365134,7.979681650867931,-1.681,False,False,1.0,False,False,0.0,1.0,0.00017843067588862703,0.00017843067588862703,4.052274943231268
2016-01-06 00:00:00-05:00,111.9494400024414,29.1348934173584,-3.5429097996126493,8.727140603412266,-1.248,False,False,1.0,False,False,0.0,1.0,0.003473778455402618,0.003473778455402618,4.055748721686671
2016-01-07 00:00:00-05:00,102.2614974975586,29.28580665588379,-3.5305115518194667,-1.1323812053905442,-4.12,True,False,1.0,False,False,0.0,1.0,-0.04794195994754874,-0.04794195994754874,4.007806761739122
2016-01-08 00:00:00-05:00,103.7471694946289,28.99151039123535,-3.5149458143788475,1.8435813924353397,-2.655,False,False,1.0,False,False,0.0,1.0,0.014470953730499973,0.014470953730499973,4.022277715469622
2016-01-11 00:00:00-05:00,102.27930450439453,29.12734603881836,-3.495546275569664,0.46331854117420335,-2.642,False,False,1.0,False,False,0.0,1.0,-0.0067628353799773335,-0.0067628353799773335,4.015514880089644
2016-01-12 00:00:00-05:00,102.79527282714844,29.12734603881836,-3.475991927675996,1.548853121590426,-2.11,False,False,1.0,False,False,0.0,1.0,0.005320160634534135,0.005320160634534135,4.020835040724179
2016-01-13 00:00:00-05:00,100.39332580566406,29.263174057006836,-3.4527876135669433,-0.6461991120226571,-2.37,False,False,1.0,False,False,0.0,1.0,-0.010897190928543143,-0.010897190928543143,4.0099378497956355
2016-01-14 00:00:00-05:00,101.75440979003906,29.98757553100586,-3.427035848945776,-1.0140865776871806,-2.21,False,False,1.0,False,False,0.0,1.0,-0.0017987592322824793,-0.0017987592322824793,4.008139090563353
2016-01-15 00:00:00-05:00,100.108642578125,29.881935119628906,-3.3993353403883253,-1.4700755132205785,-2.092,False,False,1.0,False,False,0.0,1.0,-0.0022608701607270375,-0.0022608701607270375,4.005878220402626
2016-01-19 00:00:00-05:00,98.19595336914062,30.055482864379883,-3.3681099352917236,-3.034217076367412,-2.173,False,False,1.0,False,False,0.0,1.0,-0.00784321298146768,-0.00784321298146768,3.998035007421158
2016-01-20 00:00:00-05:00,97.23518371582031,29.40654182434082,-3.338716087174742,-0.9449105412832637,-1.632,False,False,1.0,False,False,0.0,1.0,0.010691623279187186,0.010691623279187186,4.0087266307003455
2016-01-21 00:00:00-05:00,97.85789489746094,29.497098922729492,-3.311992624695965,0.16372081545357275,-1.331,False,False,1.0,False,False,0.0,1.0,0.0056692386970001105,0.0056692386970001105,4.014395869397346
2016-01-22 00:00:00-05:00,99.59268188476562,30.085676193237305,-3.287347143592457,0.6906201878793894,-1.162,False,False,1.0,False,False,0.0,1.0,0.0026544751912237607,0.0026544751912237607,4.0170503445885695
2016-01-25 00:00:00-05:00,97.96466827392578,29.414094924926758,-3.2658524727252547,1.9025736303783702,-0.884,False,False,1.0,False,False,0.0,1.0,0.006246320993431559,0.006246320993431559,4.023296665582
2016-01-26 00:00:00-05:00,98.74752044677734,29.715927124023438,-3.246464132827129,2.275828864930432,-0.766,False,False,1.0,False,False,0.0,1.0,0.0019119800283659205,0.0019119800283659205,4.025208645610366
2016-01-27 00:00:00-05:00,98.48950958251953,29.881935119628906,-3.227727589094896,2.0387631813496085,-0.762,False,False,1.0,False,False,0.0,1.0,-0.001216094040630882,-0.001216094040630882,4.0239925515697355
2016-01-28 00:00:00-05:00,100.15312957763672,30.462963104248047,-3.20979834328802,2.3731610739772577,-0.657,False,False,1.0,False,False,0.0,1.0,0.0016894490909767068,0.0016894490909767068,4.025682000660712
2016-01-29 00:00:00-05:00,101.83447265625,31.164751052856445,-3.1921852144010585,2.3508151348318336,-0.627,False,False,1.0,False,False,0.0,1.0,-0.00011099814569956177,-0.00011099814569956177,4.025571002515013
2016-02-01 00:00:00-05:00,101.8611831665039,31.22511863708496,-3.175366998111448,2.7099719341895963,-0.521,False,False,1.0,False,False,0.0,1.0,0.0017867395711190742,0.0017867395711190742,4.0273577420861315
2016-02-02 00:00:00-05:00,98.3560791015625,31.277935028076172,-3.1540664424699547,-0.29660616024808917,-1.049,False,False,1.0,False,False,0.0,1.0,-0.015261138783106108,-0.015261138783106108,4.012096603303026
2016-02-03 00:00:00-05:00,101.4608383178711,31.806156158447266,-3.1339331106154673,1.7824724115071575,-0.593,False,False,1.0,False,False,0.0,1.0,0.010336515846196935,0.010336515846196935,4.022433119149223
2016-02-04 00:00:00-05:00,102.9375991821289,32.0098876953125,-3.1166859836362226,3.1728308643788523,-0.268,False,False,1.0,False,False,0.0,1.0,0.006859113043524393,0.006859113043524393,4.029292232192747
2016-02-05 00:00:00-05:00,101.43416595458984,32.37964630126953,-3.097532584471185,1.1371564627555841,-0.649,False,False,1.0,False,False,0.0,1.0,-0.010091025331698936,-0.010091025331698936,4.019201206861048
2016-02-08 00:00:00-05:00,98.88986206054688,31.6854248046875,-3.0779775067966426,1.3628372184223423,-0.559,False,False,1.0,False,False,0.0,1.0,0.0011489885580896492,0.0011489885580896492,4.020350195419137
2016-02-09 00:00:00-05:00,98.43614959716797,31.979721069335938,-3.0570949665327327,0.6711052849802996,-0.662,False,False,1.0,False,False,0.0,1.0,-0.003525625505426948,-0.003525625505426948,4.016824569913711
2016-02-10 00:00:00-05:00,95.65164947509766,32.17588806152344,-3.0314483715268503,-1.8878939914377924,-1.165,False,False,1.0,False,False,0.0,1.0,-0.013245941688404069,-0.013245941688404069,4.003578628225307
2016-02-11 00:00:00-05:00,95.30469512939453,31.60995101928711,-3.00710916315873,0.2501217722976321,-0.64,False,False,1.0,False,False,0.0,1.0,0.011231477094519018,0.011231477094519018,4.014810105319826
2016-02-12 00:00:00-05:00,95.93634033203125,31.60995101928711,-2.9855178344532267,1.5642678177566296,-0.298,False,False,1.0,False,False,0.0,1.0,0.006905349195047457,0.006905349195047457,4.021715454514873
2016-02-16 00:00:00-05:00,98.54292297363281,31.74578285217285,-2.9695785148653906,4.2713282782381725,0.383,False,True,0.0,False,False,0.0,0.0,0.014039712845317501,0.014039712845317501,4.035755167360191
2016-02-17 00:00:00-05:00,98.96104431152344,31.602413177490234,-2.958296372210131,5.4717400554684446,0.718,False,False,0.0,False,False,0.0,0.0,0.006237514175292599,0.0,4.035755167360191
2016-02-18 00:00:00-05:00,99.28128814697266,32.32682800292969,-2.9468760851837077,4.018131795292163,0.465,False,False,0.0,False,False,0.0,0.0,-0.007471856952390871,-0.0,4.035755167360191
2016-02-19 00:00:00-05:00,98.1514663696289,32.4249153137207,-2.9338134682342245,3.0228131158809504,0.295,False,False,0.0,False,False,0.0,0.0,-0.005149617463765429,-0.0,4.035755167360191
2016-02-22 00:00:00-05:00,100.56232452392578,33.0814094543457,-2.92137611402322,3.9190851257783095,0.748,False,False,0.0,False,False,0.0,0.0,0.0045448616766792915,0.0,4.035755167360191
2016-02-23 00:00:00-05:00,99.53927612304688,32.89276885986328,-2.9091780864284527,3.8483537539764114,0.823,False,False,0.0,False,False,0.0,0.0,-0.0003622972898055723,-0.0,4.035755167360191
2016-02-24 00:00:00-05:00,99.2457046508789,32.7493896484375,-2.8979164641940067,4.340709196367101,1.147,False,False,0.0,False,False,0.0,0.0,0.0025359447178064476,0.0,4.035755167360191
2016-02-25 00:00:00-05:00,100.42000579833984,33.005958557128906,-2.8882929714587533,5.089127681525525,1.699,False,False,0.0,True,False,-1.0,-1.0,0.00382332110174694,0.0,4.035755167360191
2016-02-26 00:00:00-05:00,100.30435180664062,32.107994079589844,-2.8836765614279547,7.7152818448598595,2.581,False,False,0.0,False,False,-1.0,-1.0,0.013614534592512799,-0.013614534592512799,4.022140632767678
2016-02-29 00:00:00-05:00,100.81141662597656,32.19099044799805,-2.881913158746431,8.039777660810316,2.395,False,False,0.0,False,False,-1.0,-1.0,0.001676261462861749,-0.001676261462861749,4.020464371304816
2016-03-01 00:00:00-05:00,102.75969696044922,32.16082000732422,-2.8845722207340714,9.989488971293241,2.698,False,False,0.0,False,False,-1.0,-1.0,0.009971422586153423,-0.009971422586153423,4.010492948718662
2016-03-02 00:00:00-05:00,103.8895034790039,32.5079231262207,-2.88928274099537,9.964922244810168,2.367,False,False,0.0,False,False,-1.0,-1.0,-0.00012419098730351362,0.00012419098730351362,4.010617139705966
2016-03-03 00:00:00-05:00,104.08522033691406,33.09651565551758,-2.89242370076676,8.356074042096893,1.717,False,False,0.0,False,False,-1.0,-1.0,-0.008051714347840015,0.008051714347840015,4.018668854053805
2016-03-04 00:00:00-05:00,104.25424194335938,33.65489959716797,-2.892517015137821,6.906872215796028,1.199,False,False,0.0,False,False,-1.0,-1.0,-0.007188443655234354,0.007188443655234354,4.02585729770904
2016-03-07 00:00:00-05:00,104.04072570800781,33.66999053955078,-2.890852479822168,6.705750061158497,1.076,False,False,0.0,False,False,-1.0,-1.0,-0.000998740926955833,0.000998740926955833,4.026856038635996
2016-03-08 00:00:00-05:00,103.82723236083984,34.1497917175293,-2.886072340385968,5.268463054936731,0.588,False,False,0.0,False,False,-1.0,-1.0,-0.007101711553096746,0.007101711553096746,4.033957750189093
2016-03-09 00:00:00-05:00,103.63151550292969,34.23357391357422,-2.8795083976765836,5.055651936310696,0.474,False,False,0.0,False,False,-1.0,-1.0,-0.0010524399238310673,0.0010524399238310673,4.035010190112924
2016-03-10 00:00:00-05:00,103.92508697509766,34.286895751953125,-2.872722449954242,5.4283518092211835,0.557,False,False,0.0,False,False,-1.0,-1.0,0.0018412040212291223,-0.0018412040212291223,4.033168986091695
2016-03-11 00:00:00-05:00,107.3056411743164,33.761390686035156,-2.873548575204727,10.290645071529937,2.029,False,False,0.0,True,False,-1.0,-1.0,0.02379736734921414,-0.02379736734921414,4.009371618742481
2016-03-14 00:00:00-04:00,107.31452941894531,33.97464370727539,-2.8767534677610733,9.57785531809391,1.659,False,False,0.0,False,False,-1.0,-1.0,-0.0034761549369165773,0.0034761549369165773,4.012847773679398
2016-03-15 00:00:00-04:00,107.37678527832031,34.073631286621094,-2.8805004233899076,9.227675930776655,1.445,False,False,0.0,False,False,-1.0,-1.0,-0.0017038212530577493,0.0017038212530577493,4.014551594932455
2016-03-16 00:00:00-04:00,107.48355865478516,34.38589096069336,-2.883108886484758,8.345290856314222,1.105,False,False,0.0,False,False,-1.0,-1.0,-0.004270531771056893,0.004270531771056893,4.018822126703512
2016-03-17 00:00:00-04:00,110.33922576904297,35.071319580078125,-2.8864014061671655,9.109319616967426,1.255,False,False,0.0,False,False,-1.0,-1.0,0.0036112487380156417,-0.0036112487380156417,4.0152108779654965
2016-03-18 00:00:00-04:00,107.88389587402344,34.76668930053711,-2.8874554060854765,7.496630901493475,0.729,False,False,0.0,False,False,-1.0,-1.0,-0.007743216626435,0.007743216626435,4.022954094591931
2016-03-21 00:00:00-04:00,108.04402160644531,34.81238555908203,-2.887527322112408,7.522307156684519,0.695,False,False,0.0,False,False,-1.0,-1.0,0.00012310869309868158,-0.00012310869309868158,4.022830985898833
2016-03-22 00:00:00-04:00,108.06180572509766,34.903770446777344,-2.886805962785736,7.30139307563627,0.584,False,False,0.0,False,False,-1.0,-1.0,-0.0010579050580336313,0.0010579050580336313,4.023888890956867
2016-03-23 00:00:00-04:00,106.20250701904297,35.19318771362305,-2.881780824434384,4.7834535152043145,-0.23,False,False,0.0,False,True,0.0,0.0,-0.012127543758416445,0.012127543758416445,4.0360164347152825
2016-03-24 00:00:00-04:00,106.22920227050781,35.0637092590332,-2.8757724981967794,5.393951498612353,-0.058,False,False,0.0,False,False,0.0,0.0,0.0029483476011356647,0.0,4.0360164347152825
2016-03-28 00:00:00-04:00,105.61536407470703,35.094181060791016,-2.8686262026871763,4.943276721873886,-0.245,False,False,0.0,False,True,0.0,0.0,-0.0021846931241805037,-0.0,4.0360164347152825
2016-03-29 00:00:00-04:00,105.38310241699219,35.4749755859375,-2.859407188996852,3.945702197074695,-0.616,False,False,0.0,False,False,0.0,0.0,-0.004823383136973198,-0.0,4.0360164347152825
2016-03-30 00:00:00-04:00,106.06195831298828,35.44450759887695,-2.8509350138820206,5.0119705495426246,-0.312,False,False,0.0,False,False,0.0,0.0,0.005148270646225433,0.0,4.0360164347152825
2016-03-31 00:00:00-04:00,105.99051666259766,35.90147018432617,-2.8411982228197146,3.987323378275164,-0.835,False,False,0.0,False,False,0.0,0.0,-0.004926337298993079,-0.0,4.0360164347152825
2016-04-01 00:00:00-04:00,107.12489318847656,36.03855514526367,-2.8325546929822316,5.043714683461005,-0.511,False,False,0.0,False,False,0.0,0.0,0.005049525076564508,0.0,4.0360164347152825
2016-04-04 00:00:00-04:00,105.08836364746094,35.749141693115234,-2.823071530490537,4.165979494155053,-0.983,False,False,0.0,False,False,0.0,0.0,-0.0042606281404056175,-0.0,4.0360164347152825
2016-04-05 00:00:00-04:00,101.89060974121094,35.18556594848633,-2.8114110002901356,2.9695225822024582,-1.488,False,False,0.0,False,False,0.0,0.0,-0.005958103688288126,-0.0,4.0360164347152825
2016-04-06 00:00:00-04:00,103.14112091064453,35.11702346801758,-2.8015466119958017,4.759142790442823,-0.662,False,False,0.0,False,False,0.0,0.0,0.008880471850854355,0.0,4.0360164347152825
2016-04-07 00:00:00-04:00,101.41719055175781,34.957088470458984,-2.7910923353102537,3.8487288570972993,-1.069,False,False,0.0,False,False,0.0,0.0,-0.004575274262578953,-0.0,4.0360164347152825
2016-04-08 00:00:00-04:00,101.30107116699219,35.01801681518555,-2.780503457127975,3.93335435060321,-1.059,False,False,0.0,False,False,0.0,0.0,0.0004259627008596326,0.0,4.0360164347152825
2016-04-11 00:00:00-04:00,102.39974975585938,34.751461029052734,-2.7730845136947426,6.031011347926878,-0.128,False,False,0.0,False,False,0.0,0.0,0.010553267354909539,0.0,4.0360164347152825
2016-04-12 00:00:00-04:00,103.42693328857422,35.23125457763672,-2.766923735392166,5.944738770067275,-0.201,False,False,0.0,False,True,0.0,0.0,-0.000429410942157115,-0.0,4.0360164347152825
2016-04-13 00:00:00-04:00,105.39203643798828,34.85808563232422,-2.765981450231643,8.975218188393342,1.169,False,True,0.0,False,False,0.0,0.0,0.015016583008795622,0.0,4.0360164347152825
2016-04-14 00:00:00-04:00,105.15086364746094,34.92662811279297,-2.766659907082078,8.52076195823085,0.901,False,False,0.0,False,False,0.0,0.0,-0.0022522254733204792,-0.0,4.0360164347152825
2016-04-15 00:00:00-04:00,105.80294036865234,35.337886810302734,-2.7672827592702354,8.013015449458535,0.656,False,False,0.0,False,False,0.0,0.0,-0.0024939307576149375,-0.0,4.0360164347152825
2016-04-18 00:00:00-04:00,108.31291961669922,35.59682846069336,-2.770462922270677,9.693226215918699,1.388,False,False,0.0,False,False,0.0,0.0,0.008119603488108638,0.0,4.0360164347152825
2016-04-19 00:00:00-04:00,108.68807220458984,35.886234283447266,-2.773935534700136,9.141971719161205,1.165,False,False,0.0,False,False,0.0,0.0,-0.0026472816139457684,-0.0,4.0360164347152825
2016-04-20 00:00:00-04:00,109.25079345703125,35.03325271606445,-2.781591590321926,11.80259232040359,2.265,False,False,0.0,True,False,-1.0,-1.0,0.01287195714944231,0.0,4.0360164347152825
2016-04-21 00:00:00-04:00,109.87605285644531,34.187889099121094,-2.794894513366929,14.324509189714718,2.873,False,False,0.0,False,False,-1.0,-1.0,0.012276426887108179,-0.012276426887108179,4.023740007828175
2016-04-22 00:00:00-04:00,110.5727767944336,34.43159866333008,-2.809960169352859,13.821355983332936,2.363,False,False,0.0,False,False,-1.0,-1.0,-0.0024268908896929982,0.0024268908896929982,4.026166898717868
2016-04-25 00:00:00-04:00,110.13509368896484,34.454437255859375,-2.8243030159931046,12.825322632896018,1.845,False,False,0.0,False,False,-1.0,-1.0,-0.004801436524645342,0.004801436524645342,4.0309683352425125
2016-04-26 00:00:00-04:00,111.11766815185547,34.62199020385742,-2.8383786867337455,12.847349064922042,1.707,False,False,0.0,False,False,-1.0,-1.0,0.00010519434431978625,-0.00010519434431978625,4.030863140898193
2016-04-27 00:00:00-04:00,111.37667846679688,35.078948974609375,-2.8501499494243823,11.396413820953484,1.172,False,False,0.0,False,False,-1.0,-1.0,-0.006864857253330444,0.006864857253330444,4.0377279981515235
2016-04-28 00:00:00-04:00,110.89435577392578,35.24648666381836,-2.858946179477193,10.126547386408447,0.73,False,False,0.0,False,False,-1.0,-1.0,-0.005999496601463733,0.005999496601463733,4.0437274947529875
2016-04-29 00:00:00-04:00,111.56428527832031,35.13225173950195,-2.867473875063316,10.82347124315072,0.94,False,False,0.0,False,False,-1.0,-1.0,0.003282652460990563,-0.003282652460990563,4.040444842291997
2016-05-02 00:00:00-04:00,112.51107788085938,35.1627197265625,-2.8767009456804558,11.358448790760221,1.075,False,False,0.0,False,False,-1.0,-1.0,0.002503829757489958,-0.002503829757489958,4.037941012534507
2016-05-03 00:00:00-04:00,112.7879867553711,35.10179901123047,-2.8864033230306747,11.470037445000614,1.073,False,False,0.0,False,False,-1.0,-1.0,0.00052118430852907,-0.00052118430852907,4.037419828225978
2016-05-04 00:00:00-04:00,113.04701232910156,35.52067184448242,-2.8944398049066544,10.234565845404575,0.677,False,False,0.0,False,False,-1.0,-1.0,-0.005723499940150811,0.005723499940150811,4.043143328166129
2016-05-05 00:00:00-04:00,114.02959442138672,35.375972747802734,-2.9033849810016044,11.319526457094199,0.971,False,False,0.0,False,False,-1.0,-1.0,0.005005824036760662,-0.005005824036760662,4.038137504129368
2016-05-06 00:00:00-04:00,108.58087921142578,34.81238555908203,-2.9066994049304946,7.391738822631098,-0.195,False,False,0.0,False,False,-1.0,-1.0,-0.018724256411610563,0.018724256411610563,4.056861760540978
2016-05-09 00:00:00-04:00,110.2601547241211,35.18556594848633,-2.9083523841151755,7.928130111399142,-0.04,False,False,0.0,False,False,-1.0,-1.0,0.002523099816941787,-0.002523099816941787,4.054338660724037
2016-05-10 00:00:00-04:00,112.109130859375,35.22365188598633,-2.9117443762517494,9.546860569304982,0.421,False,True,0.0,False,False,-1.0,-1.0,0.007540503528827997,-0.007540503528827997,4.046798157195209
2016-05-11 00:00:00-04:00,110.94794464111328,35.31503677368164,-2.913621987753716,8.053276998983392,-0.051,False,False,0.0,False,False,-1.0,-1.0,-0.006984499274369499,0.006984499274369499,4.053782656469577
2016-05-12 00:00:00-04:00,110.66210174560547,35.30741882324219,-2.9143826676090434,7.762772289135157,-0.161,False,False,0.0,False,False,-1.0,-1.0,-0.0013602863972818889,0.0013602863972818889,4.05514294286686
2016-05-13 00:00:00-04:00,109.84031677246094,34.93424606323242,-2.9150198440324906,8.006296261824517,-0.117,False,False,0.0,False,False,-1.0,-1.0,0.0011504652657240457,-0.0011504652657240457,4.053992477601136
2016-05-16 00:00:00-04:00,110.6799545288086,34.987548828125,-2.9165651374270074,8.636489372674077,0.037,False,False,0.0,False,False,-1.0,-1.0,0.0029624999061359436,-0.0029624999061359436,4.051029977695
2016-05-17 00:00:00-04:00,110.23336029052734,34.401119232177734,-2.9202383824057008,9.773891511006994,0.362,False,True,0.0,False,False,-1.0,-1.0,0.005398390364556601,-0.005398390364556601,4.045631587330443
2016-05-18 00:00:00-04:00,111.89474487304688,33.761390686035156,-2.9297097929023095,12.983667958168851,1.33,False,False,0.0,False,False,-1.0,-1.0,0.015226222975905097,-0.015226222975905097,4.030405364354538
2016-05-19 00:00:00-04:00,111.76074981689453,34.111732482910156,-2.9395136595255287,11.488846233299455,0.791,False,False,0.0,False,False,-1.0,-1.0,-0.0070499599985949365,0.0070499599985949365,4.037455324353133
2016-05-20 00:00:00-04:00,112.16271209716797,34.248802185058594,-2.948986225829007,11.163466202287779,0.638,False,False,0.0,False,False,-1.0,-1.0,-0.0015264451221817636,0.0015264451221817636,4.038981769475315
2016-05-23 00:00:00-04:00,112.50215148925781,33.906089782714844,-2.959797007790579,12.1470084044997,0.946,False,False,0.0,False,False,-1.0,-1.0,0.00462066477064012,-0.00462066477064012,4.034361104704676
2016-05-24 00:00:00-04:00,113.10061645507812,34.271644592285156,-2.9699707104401547,11.31483581737649,0.594,False,False,0.0,False,False,-1.0,-1.0,-0.0038726164074681284,0.0038726164074681284,4.038233721112143
2016-05-25 00:00:00-04:00,112.95769500732422,33.35013198852539,-2.9830935136571166,13.471132592745406,1.401,False,False,0.0,False,False,-1.0,-1.0,0.010149941455403164,-0.010149941455403164,4.02808377965674
2016-05-26 00:00:00-04:00,113.0916748046875,33.70808410644531,-2.9955252949935067,12.118256218061973,0.824,False,False,0.0,False,False,-1.0,-1.0,-0.006319929855216338,0.006319929855216338,4.034403709511956
2016-05-27 00:00:00-04:00,114.25289916992188,33.92132568359375,-3.0078326503687274,12.223228235017302,0.831,False,False,0.0,False,False,-1.0,-1.0,0.0004853466319752557,-0.0004853466319752557,4.033918362879981
2016-05-31 00:00:00-04:00,114.35114288330078,34.08126449584961,-3.0189350057293804,11.462020457258504,0.419,False,False,0.0,False,False,-1.0,-1.0,-0.0035039902785741098,0.0035039902785741098,4.037422353158555
2016-06-01 00:00:00-04:00,114.39579010009766,34.3021240234375,-3.0280734906479188,10.526437671809433,-0.09,False,False,0.0,False,False,-1.0,-1.0,-0.004286450757144589,0.004286450757144589,4.0417088039157
2016-06-02 00:00:00-04:00,115.00318908691406,34.15740966796875,-3.0374334343573017,11.252330930386435,0.254,False,True,0.0,False,False,-1.0,-1.0,0.003318307787783182,-0.003318307787783182,4.038390496127917
2016-06-03 00:00:00-04:00,113.86881256103516,34.54583740234375,-3.043054956680524,8.743930821153569,-1.116,False,False,0.0,False,True,0.0,0.0,-0.01145421158011108,0.01145421158011108,4.0498447077080275
2016-06-06 00:00:00-04:00,114.04745483398438,34.500125885009766,-3.047252659191142,8.916854488459222,-0.999,False,False,0.0,False,False,0.0,0.0,0.000788964329316759,0.0,4.0498447077080275
2016-06-07 00:00:00-04:00,115.4498291015625,33.954471588134766,-3.0550953051775114,11.715682362868776,0.468,False,True,0.0,False,False,0.0,0.0,0.012769308813201617,0.0,4.0498447077080275
2016-06-08 00:00:00-04:00,115.25328063964844,34.03900146484375,-3.0634472428582553,10.976595452524734,0.081,False,False,0.0,False,False,0.0,0.0,-0.0033666789295054367,-0.0,4.0498447077080275
2016-06-09 00:00:00-04:00,115.74456787109375,34.292625427246094,-3.0711952537760436,10.425219419415882,-0.166,False,False,0.0,False,False,0.0,0.0,-0.0024941928211558387,-0.0,4.0498447077080275
2016-06-10 00:00:00-04:00,113.44896697998047,34.09279251098633,-3.075833958389583,8.585198038358655,-1.176,False,False,0.0,False,True,0.0,0.0,-0.008428373971356358,-0.0,4.0498447077080275
2016-06-13 00:00:00-04:00,112.07340240478516,34.215763092041016,-3.076353475644222,6.81362069476549,-2.042,True,False,1.0,False,False,0.0,1.0,-0.008151435091740713,-0.0,4.0498447077080275
2016-06-14 00:00:00-04:00,111.61785125732422,34.192710876464844,-3.074521925282752,6.491611982779034,-2.041,False,False,1.0,False,False,0.0,1.0,-0.0014856631670846347,-0.0014856631670846347,4.048359044540943
2016-06-15 00:00:00-04:00,110.88542938232422,34.05438232421875,-3.07132859474585,6.293231173543532,-1.954,False,False,1.0,False,False,0.0,1.0,-0.0009206561788027188,-0.0009206561788027188,4.04743838836214
2016-06-16 00:00:00-04:00,111.51067352294922,34.26188659667969,-3.067690358999818,6.405814329169857,-1.748,False,False,1.0,False,False,0.0,1.0,0.0005197372238931349,0.0005197372238931349,4.0479581255860335
2016-06-17 00:00:00-04:00,111.9483642578125,34.43865203857422,-3.0638890691898193,6.432154719193264,-1.607,False,False,1.0,False,False,0.0,1.0,0.00012112497021268352,0.00012112497021268352,4.048079250556247
2016-06-20 00:00:00-04:00,112.7879867553711,34.100486755371094,-3.0629579858009506,8.339628528307657,-0.658,False,False,1.0,False,False,0.0,1.0,0.008780638475889608,0.008780638475889608,4.056859889032136
2016-06-21 00:00:00-04:00,113.73478698730469,34.02363967895508,-3.0650262335561655,9.451438810244895,-0.1,False,False,1.0,False,False,0.0,1.0,0.005099622933197926,0.005099622933197926,4.061959511965334
2016-06-22 00:00:00-04:00,112.9844970703125,33.885284423828125,-3.0677970555626115,9.031321287990949,-0.286,False,False,1.0,False,True,0.0,1.0,-0.0019365816767995495,-0.0019365816767995495,4.060022930288535
2016-06-23 00:00:00-04:00,114.0206298828125,34.04669189453125,-3.0715251803728782,9.445358420362595,-0.06,False,False,1.0,False,False,0.0,1.0,0.0018940754598948013,0.0018940754598948013,4.06191700574843
2016-06-24 00:00:00-04:00,104.5167007446289,33.885284423828125,-3.0623140557111355,0.7493179717704379,-3.413,True,False,1.0,False,True,0.0,1.0,-0.04175086402059159,-0.04175086402059159,4.020166141727838
2016-06-27 00:00:00-04:00,101.29216003417969,34.138916015625,-3.0421431724404053,-2.563310237270315,-3.582,False,False,1.0,False,False,0.0,1.0,-0.016147533384156507,-0.016147533384156507,4.0040186083436815
2016-06-28 00:00:00-04:00,105.45433044433594,34.23114013671875,-3.0239501478535487,1.941069166709724,-1.99,False,False,1.0,False,False,0.0,1.0,0.021555397020477967,0.021555397020477967,4.0255740053641595
2016-06-29 00:00:00-04:00,108.54013061523438,34.80755615234375,-3.0094585402787355,3.7882334863318334,-1.379,False,False,1.0,False,False,0.0,1.0,0.008660259547243605,0.008660259547243605,4.034234264911404
2016-06-30 00:00:00-04:00,111.50926208496094,35.82203674316406,-2.9971499250429914,4.145247345299481,-1.222,False,False,1.0,False,False,0.0,1.0,0.0016311441220561323,0.0016311441220561323,4.03586540903346
2016-07-01 00:00:00-04:00,111.23118591308594,35.73749542236328,-2.9864328526962622,4.503555510657947,-1.076,False,False,1.0,False,False,0.0,1.0,0.0016439260013221219,0.0016439260013221219,4.037509335034782
2016-07-05 00:00:00-04:00,110.76469421386719,35.87582778930664,-2.975678490173823,4.0097651440471225,-1.148,False,False,1.0,False,False,0.0,1.0,-0.002270095723579049,-0.002270095723579049,4.035239239311203
2016-07-06 00:00:00-04:00,112.01160430908203,35.92963790893555,-2.9670929016463394,5.405030710756151,-0.742,False,False,1.0,False,False,0.0,1.0,0.006382202889368009,0.006382202889368009,4.0416214422005705
2016-07-07 00:00:00-04:00,111.62586212158203,35.00737380981445,-2.9633534194555384,7.886641236110108,-0.055,False,False,1.0,False,False,0.0,1.0,0.011522808111251146,0.011522808111251146,4.053144250311822
2016-07-08 00:00:00-04:00,112.1820068359375,35.4608154296875,-2.960684232267914,7.193729729898976,-0.209,False,False,1.0,False,True,0.0,1.0,-0.0031906368294672654,-0.0031906368294672654,4.049953613482354
2016-07-11 00:00:00-04:00,112.59465026855469,35.31479263305664,-2.9598424319654337,8.068428557173334,0.053,False,False,1.0,False,False,0.0,1.0,0.00402862617167081,0.00402862617167081,4.053982239654025
2016-07-12 00:00:00-04:00,114.10165405273438,34.92284393310547,-2.9636977479218247,10.60090013716433,0.771,False,True,0.0,False,False,0.0,0.0,0.011638067812006344,0.011638067812006344,4.065620307466031
2016-07-13 00:00:00-04:00,113.40198516845703,35.33017349243164,-2.9665633742924866,8.592786478410062,0.238,False,False,0.0,False,False,0.0,0.0,-0.009202615664540833,-0.0,4.065620307466031
2016-07-14 00:00:00-04:00,113.06111907958984,35.138031005859375,-2.969193373960744,8.72951024296502,0.329,False,False,0.0,False,False,0.0,0.0,0.0006289251984898624,0.0,4.065620307466031
2016-07-15 00:00:00-04:00,111.76043701171875,35.253318786621094,-2.9691996351265475,7.086295733483539,-0.113,False,False,0.0,False,False,0.0,0.0,-0.007592199557318855,-0.0,4.065620307466031
2016-07-18 00:00:00-04:00,111.21324157714844,35.276371002197266,-2.96720462283313,6.541030462652131,-0.235,False,False,0.0,False,True,0.0,0.0,-0.0025257156701995356,-0.0,4.065620307466031
2016-07-19 00:00:00-04:00,111.38367462158203,35.23794174194336,-2.9648842624399254,6.90725571011923,-0.081,False,False,0.0,False,False,0.0,0.0,0.0016965861613093198,0.0,4.065620307466031
2016-07-20 00:00:00-04:00,111.23118591308594,34.899776458740234,-2.963783297719855,7.795811350515052,0.234,False,True,0.0,False,False,0.0,0.0,0.004139236397261716,0.0,4.065620307466031
2016-07-21 00:00:00-04:00,110.63014221191406,35.33017349243164,-2.960522487785198,6.03436909021768,-0.299,False,False,0.0,False,True,0.0,0.0,-0.008184155042700375,-0.0,4.065620307466031
2016-07-22 00:00:00-04:00,111.17736053466797,35.81434631347656,-2.9552245571589992,5.337924810485163,-0.501,False,False,0.0,False,False,0.0,0.0,-0.003209172247210861,-0.0,4.065620307466031
2016-07-25 00:00:00-04:00,111.23118591308594,35.6452751159668,-2.9501601466322835,6.071915850217238,-0.227,False,False,0.0,False,False,0.0,0.0,0.0033919751054715475,0.0,4.065620307466031
2016-07-26 00:00:00-04:00,111.01587677001953,35.176456451416016,-2.9471618447319856,7.345166483529951,0.259,False,True,0.0,False,False,0.0,0.0,0.005930741415985958,0.0,4.065620307466031
2016-07-27 00:00:00-04:00,111.47338104248047,34.69995880126953,-2.947878035861694,9.182134646912345,0.952,False,False,0.0,False,False,0.0,0.0,0.008593415035023831,0.0,4.065620307466031
2016-07-28 00:00:00-04:00,110.99796295166016,34.64616012573242,-2.9496541515440557,8.803772901733396,0.849,False,False,0.0,False,False,0.0,0.0,-0.0017747451763674117,-0.0,4.065620307466031
2016-07-29 00:00:00-04:00,110.89028930664062,35.360904693603516,-2.9485798153711142,6.62583947381961,0.064,False,False,0.0,False,False,0.0,0.0,-0.010122637486976598,-0.0,4.065620307466031
2016-08-01 00:00:00-04:00,111.08766174316406,34.88440704345703,-2.9486832522447606,8.224594929633156,0.642,False,True,0.0,False,False,0.0,0.0,0.007472540367582298,0.0,4.065620307466031
2016-08-02 00:00:00-04:00,110.48662567138672,34.70764923095703,-2.9491600354954524,8.128213633453768,0.585,False,False,0.0,False,False,0.0,0.0,-0.00045282378775029136,-0.0,4.065620307466031
2016-08-03 00:00:00-04:00,111.06970977783203,34.43865203857422,-2.9517602171403774,9.415066758428296,1.011,False,False,0.0,False,False,0.0,0.0,0.0060493925968181355,0.0,4.065620307466031
2016-08-04 00:00:00-04:00,111.31190490722656,34.284950256347656,-2.9561308306505945,9.961106427115254,1.147,False,False,0.0,False,False,0.0,0.0,0.0025676324996791624,0.0,4.065620307466031
2016-08-05 00:00:00-04:00,107.57130432128906,33.78539276123047,-2.957758263718622,7.64227968878032,0.308,False,False,0.0,False,False,0.0,0.0,-0.011175050902455417,-0.0,4.065620307466031
2016-08-08 00:00:00-04:00,108.17230224609375,33.84687042236328,-2.9587575963398987,8.027617271594153,0.449,False,False,0.0,False,False,0.0,0.0,0.0018497655325909,0.0,4.065620307466031
2016-08-09 00:00:00-04:00,108.74641418457031,33.70083236694336,-2.9608971051325548,8.96171718873022,0.791,False,False,0.0,False,False,0.0,0.0,0.004479427131273143,0.0,4.065620307466031
2016-08-10 00:00:00-04:00,109.2756576538086,33.654727935791016,-2.964382588438671,9.510168142309169,0.978,False,False,0.0,False,False,0.0,0.0,0.0026236507071272404,0.0,4.065620307466031
2016-08-11 00:00:00-04:00,110.10991668701172,33.754642486572266,-2.969057174503048,9.89045323946894,1.103,False,False,0.0,False,False,0.0,0.0,0.0018080455375111646,0.0,4.065620307466031
2016-08-12 00:00:00-04:00,108.96171569824219,33.793067932128906,-2.9721833476883863,8.522521923066236,0.577,False,False,0.0,False,False,0.0,0.0,-0.006532594914905812,-0.0,4.065620307466031
2016-08-15 00:00:00-04:00,109.01551055908203,33.370365142822266,-2.9763939273480373,9.692158394599218,1.135,False,False,0.0,False,False,0.0,0.0,0.0056141060589589495,0.0,4.065620307466031
2016-08-16 00:00:00-04:00,108.97068786621094,33.29350662231445,-2.981135934028803,9.718218904603404,1.148,False,False,0.0,False,False,0.0,0.0,0.00012515663676031675,0.0,4.065620307466031
2016-08-17 00:00:00-04:00,109.37435150146484,33.64705276489258,-2.9849426043383462,8.939830193116634,0.687,False,False,0.0,False,False,0.0,0.0,-0.0037099894826295604,-0.0,4.065620307466031
2016-08-18 00:00:00-04:00,109.93946075439453,33.97751998901367,-2.9875508605284558,8.429891672593925,0.343,False,False,0.0,False,False,0.0,0.0,-0.002411638024150536,-0.0,4.065620307466031
2016-08-19 00:00:00-04:00,110.0829849243164,33.54713439941406,-2.991595275344893,9.723536153669173,1.108,False,False,0.0,False,False,0.0,0.0,0.0061472605993066285,0.0,4.065620307466031
2016-08-22 00:00:00-04:00,110.28931427001953,33.66242218017578,-2.995861401880506,9.44136296662468,0.913,False,False,0.0,False,False,0.0,0.0,-0.0013364442618793786,-0.0,4.065620307466031
2016-08-23 00:00:00-04:00,110.43283081054688,33.670101165771484,-3.000191363999715,9.416084068002533,0.856,False,False,0.0,False,False,0.0,0.0,-0.00011955048061422782,-0.0,4.065620307466031
2016-08-24 00:00:00-04:00,109.62549591064453,33.516380310058594,-3.003829146219035,8.948015859528738,0.47,False,False,0.0,False,False,0.0,0.0,-0.002225685139895047,-0.0,4.065620307466031
2016-08-25 00:00:00-04:00,109.62549591064453,33.47797775268555,-3.0071613488107403,8.951815176422713,0.437,False,False,0.0,False,False,0.0,0.0,1.8066247117985054e-05,0.0,4.065620307466031
2016-08-26 00:00:00-04:00,110.3251724243164,32.64024353027344,-3.014884817071555,11.918597779376967,2.407,False,False,0.0,True,False,-1.0,-1.0,0.014213375035709803,0.0,4.065620307466031
2016-08-29 00:00:00-04:00,111.15938568115234,32.93999099731445,-3.024055068818846,11.547038938876426,2.052,False,False,0.0,False,False,-1.0,-1.0,-0.0017628494875873595,0.0017628494875873595,4.0673831569536185
2016-08-30 00:00:00-04:00,111.17736053466797,32.778587341308594,-3.034153606677804,11.72209153123309,1.976,False,False,0.0,False,False,-1.0,-1.0,0.0008310801262868801,-0.0008310801262868801,4.066552076827332
2016-08-31 00:00:00-04:00,111.24014282226562,32.86312484741211,-3.0439036304412657,11.20795779158334,1.541,False,False,0.0,False,False,-1.0,-1.0,-0.0024335119742118026,0.0024335119742118026,4.068985588801544
2016-09-01 00:00:00-04:00,111.99364471435547,32.73247528076172,-3.0547221611951096,12.005027083441533,1.862,False,False,0.0,False,False,-1.0,-1.0,0.003760075409328136,-0.003760075409328136,4.065225513392216
2016-09-02 00:00:00-04:00,113.50064849853516,33.03221130371094,-3.0663796024286345,12.211349533723364,1.836,False,False,0.0,False,False,-1.0,-1.0,0.0009605777771189203,-0.0009605777771189203,4.064264935615096
2016-09-06 00:00:00-04:00,114.51431274414062,33.16286849975586,-3.078749090174431,12.414161522942962,1.804,False,False,0.0,False,False,-1.0,-1.0,0.0009362809182126015,-0.0009362809182126015,4.063328654696884
2016-09-07 00:00:00-04:00,115.31263732910156,32.88352966308594,-3.093252656191572,13.595571853806646,2.2,False,False,0.0,False,False,-1.0,-1.0,0.005443542130859666,-0.005443542130859666,4.057885112566024
2016-09-08 00:00:00-04:00,112.50495147705078,33.457706451416016,-3.1012729268136874,8.74347226599464,-0.366,False,False,0.0,False,True,0.0,0.0,-0.022435750071676915,0.022435750071676915,4.0803208626377
2016-09-09 00:00:00-04:00,109.47298431396484,31.913631439208984,-3.108600468762534,10.26625466212505,0.411,False,True,0.0,False,False,0.0,0.0,0.007297222941277085,0.0,4.0803208626377
2016-09-12 00:00:00-04:00,112.35247039794922,32.518856048583984,-3.116788459820648,10.998075139153784,0.802,False,False,0.0,False,False,0.0,0.0,0.003424412569899283,0.0,4.0803208626377
2016-09-13 00:00:00-04:00,110.41488647460938,31.983461380004883,-3.124555580602283,10.480783732737521,0.436,False,False,0.0,False,False,0.0,0.0,-0.0024592055723352715,-0.0,4.0803208626377
2016-09-14 00:00:00-04:00,109.70623016357422,32.17744827270508,-3.129860842001497,8.995294819305897,-0.514,False,False,0.0,False,True,0.0,0.0,-0.007059732554834067,-0.0,4.0803208626377
2016-09-15 00:00:00-04:00,112.23582458496094,32.54988098144531,-3.135852486241281,10.164199382437872,0.212,False,True,0.0,False,False,0.0,0.0,0.005454334715340543,0.0,4.0803208626377
2016-09-16 00:00:00-04:00,111.18634033203125,32.82145690917969,-3.1390571547875847,8.157911190718352,-1.17,False,False,0.0,False,True,0.0,0.0,-0.0093657790107193,-0.0,4.0803208626377
2016-09-19 00:00:00-04:00,111.84114837646484,33.10079574584961,-3.1405465487008732,7.886558537584307,-1.336,False,False,0.0,False,False,0.0,0.0,-0.0012574514000052149,-0.0,4.0803208626377
2016-09-20 00:00:00-04:00,112.73818969726562,33.05422592163086,-3.142751810111587,8.856961350222889,-0.707,False,False,0.0,False,False,0.0,0.0,0.004479759115778307,0.0,4.0803208626377
2016-09-21 00:00:00-04:00,115.17808532714844,33.85343551635742,-3.1450645737410303,8.706844585226321,-0.789,False,False,0.0,False,False,0.0,0.0,-0.000677271470474891,-0.0,4.0803208626377
2016-09-22 00:00:00-04:00,115.87776947021484,33.88447570800781,-3.148201087548981,9.202626195237613,-0.437,False,False,0.0,False,False,0.0,0.0,0.0022277021850481385,0.0,4.0803208626377
2016-09-23 00:00:00-04:00,114.89999389648438,33.98533248901367,-3.149608118421298,7.85951478183982,-1.356,False,False,0.0,False,False,0.0,0.0,-0.0060516741051121585,-0.0,4.0803208626377
2016-09-26 00:00:00-04:00,114.81928253173828,33.75255584716797,-3.1511554079079644,8.459733643219352,-0.967,False,False,0.0,False,False,0.0,0.0,0.002713726524031895,0.0,4.0803208626377
2016-09-27 00:00:00-04:00,115.62662506103516,33.20941162109375,-3.156414819248167,10.803946081702549,0.604,False,True,0.0,False,False,0.0,0.0,0.010633793781693839,0.0,4.0803208626377
2016-09-28 00:00:00-04:00,115.23944091796875,33.170623779296875,-3.1626378681470566,10.33277004350522,0.264,False,False,0.0,False,False,0.0,0.0,-0.0021402878041361113,-0.0,4.0803208626377
2016-09-29 00:00:00-04:00,116.86011505126953,32.67402648925781,-3.173672906993933,13.163442419909913,2.003,False,False,0.0,True,False,-1.0,-1.0,0.012834211116993129,0.0,4.0803208626377
2016-09-30 00:00:00-04:00,119.54328155517578,32.4878044128418,-3.1910985849905074,15.87149486390797,3.072,False,False,0.0,False,False,-1.0,-1.0,0.012132032417310621,-0.012132032417310621,4.06818883022039
2016-10-03 00:00:00-04:00,118.94902801513672,32.0455436706543,-3.2116685734072323,16.029362490347268,2.692,False,False,0.0,False,False,-1.0,-1.0,0.0007115362871638728,-0.0007115362871638728,4.067477293933226
2016-10-04 00:00:00-04:00,118.46279907226562,31.564464569091797,-3.2341920828222186,16.377257664386505,2.489,False,False,0.0,False,False,-1.0,-1.0,0.0015774100738271363,-0.0015774100738271363,4.0658998838594
2016-10-05 00:00:00-04:00,118.8139419555664,31.63429832458496,-3.2567703865622226,15.788295972383168,2.021,False,False,0.0,False,False,-1.0,-1.0,-0.0026548989631460687,0.0026548989631460687,4.068554782822545
2016-10-06 00:00:00-04:00,118.93096160888672,31.61878204345703,-3.2786039871128865,15.265496733555153,1.674,False,False,0.0,False,False,-1.0,-1.0,-0.0023486416520036987,0.0023486416520036987,4.070903424474549
2016-10-07 00:00:00-04:00,118.00360107421875,31.595502853393555,-3.2978666277211,13.805846627945357,1.034,False,False,0.0,False,False,-1.0,-1.0,-0.006569042309353431,0.006569042309353431,4.077472466783902
2016-10-10 00:00:00-04:00,117.96759796142578,31.704130172729492,-3.31454087118563,12.882962718524354,0.634,False,False,0.0,False,False,-1.0,-1.0,-0.0041375237367634625,0.0041375237367634625,4.081609990520666
2016-10-11 00:00:00-04:00,115.90570831298828,31.494632720947266,-3.327262316395349,11.114803691868516,-0.079,False,False,0.0,False,False,-1.0,-1.0,-0.00801171800123523,0.00801171800123523,4.089621708521901
2016-10-12 00:00:00-04:00,116.95018768310547,31.67308807373047,-3.3383227144319823,11.21519833036632,-0.067,False,False,0.0,False,False,-1.0,-1.0,0.00045083664675913093,-0.00045083664675913093,4.089170871875142
2016-10-13 00:00:00-04:00,115.16740417480469,31.789478302001953,-3.344913183391301,8.834359109306646,-1.018,False,False,0.0,False,True,0.0,0.0,-0.010748688001425833,0.010748688001425833,4.099919559876568
2016-10-14 00:00:00-04:00,115.58155822753906,31.73516845703125,-3.3500789196058833,9.2662393694971,-0.806,False,False,0.0,False,False,0.0,0.0,0.0019463106730604703,0.0,4.099919559876568
2016-10-17 00:00:00-04:00,114.42909240722656,32.25503921508789,-3.350063233338938,6.37267144285498,-1.795,True,False,1.0,False,False,0.0,1.0,-0.0130056464476824,-0.0,4.099919559876568
2016-10-18 00:00:00-04:00,115.2574234008789,32.441253662109375,-3.3480251104136807,6.643291526836947,-1.574,False,False,1.0,False,False,0.0,1.0,0.0012088185283281648,0.0012088185283281648,4.101128378404896
2016-10-19 00:00:00-04:00,115.93274688720703,32.13864517211914,-3.347705993470125,8.342011822494086,-0.917,False,False,1.0,False,False,0.0,1.0,0.007599739771513291,0.007599739771513291,4.108728118176409
2016-10-20 00:00:00-04:00,114.78025817871094,32.0300178527832,-3.346991327347088,7.576066210673147,-1.124,False,False,1.0,False,False,0.0,1.0,-0.003450447143097593,-0.003450447143097593,4.105277671033312
2016-10-21 00:00:00-04:00,114.15898895263672,31.773963928222656,-3.34648646293497,7.827848793055551,-0.979,False,False,1.0,False,False,0.0,1.0,0.0011419222411279007,0.0011419222411279007,4.10641959327444
2016-10-24 00:00:00-04:00,114.60918426513672,31.704130172729492,-3.347117753043915,8.491727319178594,-0.708,False,False,1.0,False,False,0.0,1.0,0.003007695502819406,0.003007695502819406,4.109427288777259
2016-10-25 00:00:00-04:00,113.85285949707031,31.944664001464844,-3.3458994580732018,6.969225526238574,-1.162,False,False,1.0,False,False,0.0,1.0,-0.006897372378353066,-0.006897372378353066,4.102529916398906
2016-10-26 00:00:00-04:00,113.54672241210938,31.983461380004883,-3.3432582314883557,6.6177518819181245,-1.237,False,False,1.0,False,False,0.0,1.0,-0.0015941605155196492,-0.0015941605155196492,4.100935755883386
2016-10-27 00:00:00-04:00,113.11453247070312,31.975690841674805,-3.339498343843273,6.331765861685611,-1.262,False,False,1.0,False,False,0.0,1.0,-0.001300543578431282,-0.001300543578431282,4.099635212304955
2016-10-28 00:00:00-04:00,113.13253784179688,31.836042404174805,-3.3361424080081425,6.92296667408381,-1.013,False,False,1.0,False,False,0.0,1.0,0.002695336591172134,0.002695336591172134,4.102330548896127
2016-10-31 00:00:00-04:00,113.35765075683594,32.6507568359375,-3.329377230174713,4.650964399294267,-1.623,True,False,1.0,False,False,0.0,1.0,-0.010231279386474891,-0.010231279386474891,4.092099269509652
2016-11-01 00:00:00-04:00,111.94403839111328,32.0843391418457,-3.3221450921323123,5.355208576721935,-1.334,False,False,1.0,False,False,0.0,1.0,0.0032226007154466524,0.0032226007154466524,4.095321870225099
2016-11-02 00:00:00-04:00,110.71952819824219,31.657567977905273,-3.315352025956415,5.7635460658410125,-1.147,False,False,1.0,False,False,0.0,1.0,0.0018932955739530723,0.0018932955739530723,4.097215165799052
2016-11-03 00:00:00-04:00,111.34979248046875,31.789478302001953,-3.309353700814556,6.1471648147745555,-1.003,False,False,1.0,False,False,0.0,1.0,0.0017714821597219644,0.0017714821597219644,4.098986647958775
2016-11-04 00:00:00-04:00,105.14620208740234,31.73516845703125,-3.2950011701743236,0.5787848858050921,-2.346,True,False,1.0,False,False,0.0,1.0,-0.026552304747055354,-0.026552304747055354,4.072434343211719
2016-11-07 00:00:00-05:00,105.96553802490234,32.495574951171875,-3.274989645764049,-0.45713347333514776,-2.325,False,False,1.0,False,False,0.0,1.0,-0.004877475832891637,-0.004877475832891637,4.067556867378827
2016-11-08 00:00:00-05:00,106.95594787597656,32.627479553222656,-3.2542537098577493,0.7778514965938683,-1.858,False,False,1.0,False,False,0.0,1.0,0.005794404991674447,0.005794404991674447,4.073351272370502
2016-11-09 00:00:00-05:00,106.2446517944336,31.52567481994629,-3.2386246827843,4.144823181124053,-1.032,False,False,1.0,False,False,0.0,1.0,0.016160599397405738,0.016160599397405738,4.0895118717679075
2016-11-10 00:00:00-05:00,110.08926391601562,31.067880630493164,-3.2339360521591796,9.617724680885914,0.194,False,False,1.0,False,False,0.0,1.0,0.025992024241251053,0.025992024241251053,4.115503896009159
2016-11-11 00:00:00-05:00,109.37797546386719,30.70319175720215,-3.2350326671308265,10.052147144136313,0.281,False,True,0.0,False,False,0.0,0.0,0.0020815263324134034,0.0020815263324134034,4.1175854223415715
2016-11-14 00:00:00-05:00,110.28738403320312,31.01356315612793,-3.238539487327346,9.848735109362323,0.242,False,False,0.0,False,False,0.0,0.0,-0.0009652914351377516,-0.0,4.1175854223415715
2016-11-15 00:00:00-05:00,111.04366302490234,32.06882095336914,-3.2390150869964542,7.1722681347516755,-0.343,False,False,0.0,False,True,0.0,0.0,-0.012453603765951773,-0.0,4.1175854223415715
2016-11-16 00:00:00-05:00,110.44941711425781,31.564464569091797,-3.239645352547007,8.191746167364911,-0.08,False,False,0.0,False,False,0.0,0.0,0.004792872874646041,0.0,4.1175854223415715
2016-11-17 00:00:00-05:00,112.18716430664062,31.595502853393555,-3.2427686529516224,9.730258079412465,0.33,False,True,0.0,False,False,0.0,0.0,0.007167735443242962,0.0,4.1175854223415715
2016-11-18 00:00:00-05:00,112.3852310180664,31.300655364990234,-3.2485915411061357,10.702186768280754,0.632,False,False,0.0,False,False,0.0,0.0,0.004540274301047957,0.0,4.1175854223415715
2016-11-21 00:00:00-05:00,111.5478744506836,31.812763214111328,-3.251626478926657,8.104651215855299,0.039,False,False,0.0,False,False,0.0,0.0,-0.012082060980148676,-0.0,4.1175854223415715
2016-11-22 00:00:00-05:00,112.3852310180664,32.00674057006836,-3.2535638008079197,8.249258517441746,0.15,False,False,0.0,False,False,0.0,0.0,0.0006678666995953768,0.0,4.1175854223415715
2016-11-23 00:00:00-05:00,112.15113067626953,31.611021041870117,-3.2564890832925437,9.210185741688605,0.523,False,True,0.0,False,False,0.0,0.0,0.004467515697720965,0.0,4.1175854223415715
2016-11-25 00:00:00-05:00,112.81742858886719,32.16191864013672,-3.258032971775827,8.032837223730183,0.217,False,False,0.0,False,False,0.0,0.0,-0.005410558772419871,-0.0,4.1175854223415715
2016-11-28 00:00:00-05:00,111.98006439208984,33.20941162109375,-3.252451061176289,3.9680783240232813,-1.109,False,False,0.0,False,True,0.0,0.0,-0.018476844464173428,-0.0,4.1175854223415715
2016-11-29 00:00:00-05:00,111.98908233642578,33.240447998046875,-3.24379556963962,4.163864387525152,-0.985,False,False,0.0,False,False,0.0,0.0,0.0008906884731690955,0.0,4.1175854223415715
2016-11-30 00:00:00-05:00,111.98006439208984,32.05329132080078,-3.2400472863621803,8.125884829152852,0.477,False,True,0.0,False,False,0.0,0.0,0.018356774017997176,0.0,4.1175854223415715
2016-12-01 00:00:00-05:00,109.32395935058594,31.843801498413086,-3.2356891258046057,6.287317117890311,-0.175,False,False,0.0,False,False,0.0,0.0,-0.008657762774991527,-0.0,4.1175854223415715
2016-12-02 00:00:00-05:00,107.99141693115234,32.00674057006836,-3.2284747323183587,4.658463736817751,-0.735,False,False,0.0,False,True,0.0,0.0,-0.0077078350220815845,-0.0,4.1175854223415715
2016-12-05 00:00:00-05:00,109.37797546386719,32.38693618774414,-3.2205520012445215,5.074163310249176,-0.562,False,False,0.0,False,False,0.0,0.0,0.0019454141509503595,0.0,4.1175854223415715
2016-12-06 00:00:00-05:00,112.33122253417969,32.107608795166016,-3.2184871394823658,8.99329654740697,0.861,False,True,0.0,False,False,0.0,0.0,0.018171969723231172,0.0,4.1175854223415715
2016-12-07 00:00:00-05:00,112.32221221923828,32.656192779541016,-3.216477798314204,7.2842931663759884,0.245,False,False,0.0,False,False,0.0,0.0,-0.00786254301112645,-0.0,4.1175854223415715
2016-12-08 00:00:00-05:00,110.74656677246094,33.11072540283203,-3.2100185007344586,4.460525656631702,-0.761,False,False,0.0,False,True,0.0,0.0,-0.013010798410521428,-0.0,4.1175854223415715
2016-12-09 00:00:00-05:00,110.55747985839844,33.46338653564453,-3.199894181636367,3.4781839851407597,-1.059,False,False,0.0,False,False,0.0,0.0,-0.00451367498984712,-0.0,4.1175854223415715
2016-12-12 00:00:00-05:00,109.13488006591797,33.67498016357422,-3.185488621560184,1.863613923587394,-1.529,True,False,1.0,False,False,0.0,1.0,-0.007460832743630387,-0.0,4.1175854223415715
2016-12-13 00:00:00-05:00,112.06111907958984,33.96495056152344,-3.1729433639674416,4.292254587921818,-0.643,False,False,1.0,False,False,0.0,1.0,0.011047813518792263,0.011047813518792263,4.128633235860364
2016-12-14 00:00:00-05:00,110.08028411865234,33.47123336791992,-3.1612944248087,4.26786068117616,-0.624,False,False,1.0,False,False,0.0,1.0,-0.00011299087876470301,-0.00011299087876470301,4.128520244981599
2016-12-15 00:00:00-05:00,110.17931365966797,33.6593132019043,-3.1498828804088883,4.156419238668747,-0.636,False,False,1.0,False,False,0.0,1.0,-0.0005154500663833791,-0.0005154500663833791,4.128004794915216
2016-12-16 00:00:00-05:00,110.143310546875,34.47434616088867,-3.13521842927009,2.0587051262202607,-1.28,False,False,1.0,False,False,0.0,1.0,-0.009612492073473342,-0.009612492073473342,4.118392302841743
2016-12-19 00:00:00-05:00,111.31378173828125,34.223567962646484,-3.1228733650824885,4.437912889642178,-0.475,False,False,1.0,False,False,0.0,1.0,0.010904310800360856,0.010904310800360856,4.129296613642104
2016-12-20 00:00:00-05:00,111.50287628173828,34.30192947387695,-3.112109675568223,4.751509675427016,-0.363,False,False,1.0,False,False,0.0,1.0,0.0014368416468572096,0.0014368416468572096,4.130733455288961
2016-12-21 00:00:00-05:00,110.737548828125,34.160858154296875,-3.102124919907246,4.766299462264016,-0.347,False,False,1.0,False,False,0.0,1.0,6.82472837293873e-05,6.82472837293873e-05,4.13080170257269
2016-12-22 00:00:00-05:00,110.61148071289062,34.231407165527344,-3.092483313303902,4.751425262585698,-0.338,False,False,1.0,False,False,0.0,1.0,-6.871203457947363e-05,-6.871203457947363e-05,4.13073299053811
2016-12-23 00:00:00-05:00,112.0881118774414,34.231407165527344,-3.0856924298303268,6.460517924334084,0.186,False,False,1.0,False,False,0.0,1.0,0.007850111939460157,0.007850111939460157,4.138583102477571
2016-12-27 00:00:00-05:00,111.89906311035156,34.325435638427734,-3.0797779962328664,6.184341720014373,0.022,False,False,1.0,False,False,0.0,1.0,-0.0012691117198912407,-0.0012691117198912407,4.137313990757679
2016-12-28 00:00:00-05:00,110.61554718017578,34.019798278808594,-3.074051548518591,6.036933600914125,-0.101,False,False,1.0,False,False,0.0,1.0,-0.0006850005528961996,-0.0006850005528961996,4.136628990204784
2016-12-29 00:00:00-05:00,110.42572021484375,34.5213623046875,-3.066119232238719,4.579107329360653,-0.709,False,False,1.0,False,True,0.0,1.0,-0.006740697021459509,-0.006740697021459509,4.129888293183324
2016-12-30 00:00:00-05:00,110.52515411376953,34.38813400268555,-3.0584059487001873,5.352280515256865,-0.348,False,False,1.0,False,False,0.0,1.0,0.0035845167157835182,0.0035845167157835182,4.133472809899107
2017-01-03 00:00:00-05:00,111.39286041259766,34.00412368774414,-3.0542138245721775,7.536995753027242,0.638,False,True,0.0,False,False,0.0,0.0,0.010149724403886205,0.010149724403886205,4.1436225343029935
2017-01-04 00:00:00-05:00,112.76673889160156,34.23924255371094,-3.052713278625249,8.244148497817505,1.0,False,False,0.0,False,False,0.0,0.0,0.0032544292309057503,0.0,4.1436225343029935
2017-01-05 00:00:00-05:00,113.85137939453125,34.29408645629883,-3.053804302759506,9.123950615079394,1.34,False,False,0.0,False,False,0.0,0.0,0.004025102545904583,0.0,4.1436225343029935
2017-01-06 00:00:00-05:00,114.59257507324219,34.638912200927734,-3.0554991624273753,8.753407855912101,1.159,False,False,0.0,False,False,0.0,0.0,-0.0016809863920543935,-0.0,4.1436225343029935
2017-01-09 00:00:00-05:00,113.8965835571289,34.10600662231445,-3.0587344995808614,9.575364458522358,1.528,False,False,0.0,True,False,-1.0,-1.0,0.0037666798611614254,0.0,4.1436225343029935
2017-01-10 00:00:00-05:00,114.08638763427734,34.05899429321289,-3.0629579797410615,9.76511928192565,1.663,False,False,0.0,False,False,-1.0,-1.0,0.00086881031045408,-0.00086881031045408,4.14275372399254
2017-01-11 00:00:00-05:00,113.66159057617188,34.51352310180664,-3.06472754680539,7.887045588760856,0.818,False,False,0.0,False,False,-1.0,-1.0,-0.00855863455825675,0.00855863455825675,4.151312358550797
2017-01-12 00:00:00-05:00,113.64349365234375,34.53703308105469,-3.065215466212035,7.780045695218234,0.78,False,False,0.0,False,False,-1.0,-1.0,-0.00048745562558558033,0.00048745562558558033,4.151799814176382
2017-01-13 00:00:00-05:00,112.73961639404297,34.50568771362305,-3.0639394120629264,7.0162798679378255,0.475,False,False,0.0,False,False,-1.0,-1.0,-0.003496088545317696,0.003496088545317696,4.155295902721701
2017-01-17 00:00:00-05:00,113.28196716308594,34.80349349975586,-3.0614256721713526,6.73365868168456,0.365,False,False,0.0,False,False,-1.0,-1.0,-0.0012856335890254033,0.0012856335890254033,4.156581536310726
2017-01-18 00:00:00-05:00,114.04121398925781,34.623233795166016,-3.060441831019189,8.078820957374461,0.947,False,False,0.0,False,False,-1.0,-1.0,0.006114273733524007,-0.006114273733524007,4.150467262577202
2017-01-19 00:00:00-05:00,113.42658233642578,34.231407165527344,-3.0610200089750275,8.643560067375446,1.145,False,False,0.0,False,False,-1.0,-1.0,0.0025880579868243483,-0.0025880579868243483,4.147879204590377
2017-01-20 00:00:00-05:00,113.95083618164062,34.278419494628906,-3.062792973998056,8.96313379373322,1.268,False,False,0.0,False,False,-1.0,-1.0,0.0014596504043816764,-0.0014596504043816764,4.146419554185996
2017-01-23 00:00:00-05:00,113.53507232666016,33.91008377075195,-3.0660263006627977,9.565863627855975,1.453,False,False,0.0,False,False,-1.0,-1.0,0.0027711171075855295,-0.0027711171075855295,4.14364843707841
2017-01-24 00:00:00-05:00,114.04121398925781,34.0511474609375,-3.0698347470954177,9.50981833520197,1.337,False,False,0.0,False,False,-1.0,-1.0,-0.00025641498605641794,0.00025641498605641794,4.143904852064466
2017-01-25 00:00:00-05:00,115.30662536621094,34.00412368774414,-3.075761189042552,10.718061460045021,1.723,False,False,0.0,True,False,-1.0,-1.0,0.005494631914600189,-0.005494631914600189,4.138410220149867
2017-01-26 00:00:00-05:00,115.315673828125,33.95710372924805,-3.082525523402554,10.642034881889842,1.625,False,False,0.0,False,False,-1.0,-1.0,-0.00034559214352907587,0.00034559214352907587,4.138755812293395
2017-01-27 00:00:00-05:00,114.2852783203125,33.745506286621094,-3.08875691692266,10.053612362454487,1.313,False,False,0.0,False,False,-1.0,-1.0,-0.0026928004204849992,0.0026928004204849992,4.14144861271388
2017-01-30 00:00:00-05:00,113.49887084960938,33.863067626953125,-3.092778401284562,8.767906691730275,0.75,False,False,0.0,False,False,-1.0,-1.0,-0.005891521068510608,0.005891521068510608,4.147340133782391
2017-01-31 00:00:00-05:00,113.1011962890625,34.678096771240234,-3.0913788485036657,5.8980614240871745,-0.447,False,False,0.0,False,True,0.0,0.0,-0.01302673103433673,0.01302673103433673,4.160366864816728
2017-02-01 00:00:00-05:00,112.35099792480469,33.98845291137695,-3.089747006691669,7.335277279796998,0.088,False,False,0.0,False,False,0.0,0.0,0.0066119407109153545,0.0,4.160366864816728
2017-02-02 00:00:00-05:00,113.2005844116211,34.10600662231445,-3.088807851946653,7.853683358071677,0.28,False,True,0.0,False,False,0.0,0.0,0.002372052358192413,0.0,4.160366864816728
2017-02-03 00:00:00-05:00,113.20964050292969,34.25490188598633,-3.087551729721263,7.445858933420453,0.052,False,False,0.0,False,False,0.0,0.0,-0.0018624380109304368,-0.0,4.160366864816728
2017-02-06 00:00:00-05:00,111.78153991699219,34.0511474609375,-3.0850539116041604,6.731914248016878,-0.332,False,False,0.0,False,True,0.0,0.0,-0.0032926294680665556,-0.0,4.160366864816728
2017-02-07 00:00:00-05:00,111.57365417480469,34.043312072753906,-3.0818792321851585,6.656277702986145,-0.489,False,False,0.0,False,False,0.0,0.0,-0.00034937495934505387,-0.0,4.160366864816728
2017-02-08 00:00:00-05:00,111.16690063476562,34.121681213378906,-3.0776217497808673,6.153272393381485,-0.822,False,False,0.0,False,False,0.0,0.0,-0.0023267836017407135,-0.0,4.160366864816728
2017-02-09 00:00:00-05:00,110.7601547241211,33.84738540649414,-3.0737574316890295,6.721502287666922,-0.552,False,False,0.0,False,False,0.0,0.0,0.002645405259912131,0.0,4.160366864816728
2017-02-10 00:00:00-05:00,112.14305877685547,34.00412368774414,-3.0715680294084087,7.697079589531413,-0.028,False,False,0.0,False,False,0.0,0.0,0.004504278291433362,0.0,4.160366864816728
2017-02-13 00:00:00-05:00,113.11022186279297,34.29408645629883,-3.070317985829881,7.816471408413747,-0.01,False,False,0.0,False,False,0.0,0.0,0.0005466558946508106,0.0,4.160366864816728
2017-02-14 00:00:00-05:00,113.1373291015625,34.03547668457031,-3.07073926474678,8.623254451878879,0.482,False,True,0.0,False,False,0.0,0.0,0.0037067670116532033,0.0,4.160366864816728
2017-02-15 00:00:00-05:00,113.37234497070312,33.863067626953125,-3.072974426623779,9.3120041460446,0.884,False,False,0.0,False,False,0.0,0.0,0.0031676456170621177,0.0,4.160366864816728
2017-02-16 00:00:00-05:00,114.24909210205078,34.21572494506836,-3.075578261071422,9.015952274199364,0.641,False,False,0.0,False,False,0.0,0.0,-0.0013488648682039499,-0.0,4.160366864816728
2017-02-17 00:00:00-05:00,116.01165008544922,34.08249282836914,-3.081390732203177,10.990172553731298,1.927,False,False,0.0,True,False,-1.0,-1.0,0.008931784573719261,0.0,4.160366864816728
2017-02-21 00:00:00-05:00,115.46931457519531,34.74079132080078,-3.0845313027079277,8.310256265341408,-0.031,False,False,0.0,False,False,-1.0,-1.0,-0.01203762240032911,0.01203762240032911,4.172404487217056
2017-02-22 00:00:00-05:00,114.79141998291016,34.69376754760742,-3.085573487862074,7.741250643963085,-0.468,False,False,0.0,False,True,0.0,0.0,-0.0025649186120497275,0.0025649186120497275,4.174969405829106
2017-02-23 00:00:00-05:00,114.93605041503906,34.678096771240234,-3.0859460304153457,7.921315341471043,-0.323,False,False,0.0,False,False,0.0,0.0,0.0008112820917103786,0.0,4.174969405829106
2017-02-24 00:00:00-05:00,115.7766342163086,35.74391174316406,-3.0824048826724697,5.599426133365853,-1.901,True,False,1.0,False,False,0.0,1.0,-0.010275944788007191,-0.0,4.174969405829106
2017-02-27 00:00:00-05:00,115.91221618652344,35.74391174316406,-3.077580574880961,5.907447735502259,-1.56,False,False,1.0,False,False,0.0,1.0,0.0013634282638403153,0.0013634282638403153,4.176332834092946
2017-02-28 00:00:00-05:00,116.08393859863281,36.03386688232422,-3.0714067502070037,5.409276620201609,-1.757,False,False,1.0,False,False,0.0,1.0,-0.0021969226923824942,-0.0021969226923824942,4.174135911400564
2017-03-01 00:00:00-05:00,118.44304656982422,35.51664733886719,-3.070811242198115,9.378126636445103,0.911,False,True,0.0,False,False,0.0,0.0,0.017444883698996147,0.017444883698996147,4.19158079509956
2017-03-02 00:00:00-05:00,117.06917572021484,35.88496780395508,-3.06892349749813,6.940954819693232,-0.707,False,False,0.0,False,True,0.0,0.0,-0.010727111547058231,-0.0,4.19158079509956
2017-03-03 00:00:00-05:00,117.46688842773438,35.68121337890625,-3.068092265719816,7.99363362841369,-0.007,False,False,0.0,False,False,0.0,0.0,0.004638574708517947,0.0,4.19158079509956
2017-03-06 00:00:00-05:00,116.01165008544922,35.35206604003906,-3.0670996253613048,7.583341578297308,-0.294,False,False,0.0,False,True,0.0,0.0,-0.0018280704233292792,-0.0,4.19158079509956
2017-03-07 00:00:00-05:00,115.36085510253906,35.25019454956055,-3.0655982639412125,7.297919887816263,-0.502,False,False,0.0,False,False,0.0,0.0,-0.0012774901458602298,-0.0,4.19158079509956
2017-03-08 00:00:00-05:00,114.51121520996094,34.78335189819336,-3.0648082222662,7.9069123143992925,-0.085,False,False,0.0,False,False,0.0,0.0,0.0027541822111842944,0.0,4.19158079509956
2017-03-09 00:00:00-05:00,114.66488647460938,34.727962493896484,-3.0648253772745733,8.229745722275851,0.142,False,False,0.0,False,False,0.0,0.0,0.0014601237816456428,0.0,4.19158079509956
2017-03-10 00:00:00-05:00,115.67720031738281,35.15523147583008,-3.0647502056412246,7.9351974224677235,-0.038,False,False,0.0,False,False,0.0,0.0,-0.0013183660830096199,-0.0,4.19158079509956
2017-03-13 00:00:00-04:00,116.53587341308594,35.19479751586914,-3.065711624460111,8.638773548166071,0.469,False,True,0.0,False,False,0.0,0.0,0.003134905336867884,0.0,4.19158079509956
2017-03-14 00:00:00-04:00,116.61722564697266,35.202720642089844,-3.067143489260764,8.645430225321292,0.499,False,False,0.0,False,False,0.0,0.0,2.963937027530105e-05,0.0,4.19158079509956
2017-03-15 00:00:00-04:00,117.47592163085938,35.70911407470703,-3.0676915562175915,7.9313739038698685,0.057,False,False,0.0,False,False,0.0,0.0,-0.0031453389356087846,-0.0,4.19158079509956
2017-03-16 00:00:00-04:00,116.8703384399414,35.13942337036133,-3.0694966754269486,9.009995228197283,0.958,False,True,0.0,False,False,0.0,0.0,0.004799617552885774,0.0,4.19158079509956
2017-03-17 00:00:00-04:00,117.46688842773438,35.392616271972656,-3.0714763854661657,8.7593033285048,0.822,False,False,0.0,False,False,0.0,0.0,-0.0011084005006541863,-0.0,4.19158079509956
2017-03-20 00:00:00-04:00,117.67477416992188,34.91786575317383,-3.075839255634012,10.273031963351329,1.94,False,False,0.0,True,False,-1.0,-1.0,0.006725395697499019,0.0,4.19158079509956
2017-03-21 00:00:00-04:00,116.77090454101562,35.33722686767578,-3.077805963019105,8.009776971124168,0.11,False,False,0.0,False,False,-1.0,-1.0,-0.010035182014030662,0.010035182014030662,4.20161597711359
2017-03-22 00:00:00-04:00,116.91551208496094,35.685367584228516,-3.077316260300171,7.100350163225897,-0.627,False,False,0.0,False,True,0.0,0.0,-0.004011044433588253,0.004011044433588253,4.205627021547179
2017-03-23 00:00:00-04:00,116.76182556152344,35.66163635253906,-3.075701941283452,7.077261402674523,-0.623,False,False,0.0,False,False,0.0,0.0,-0.00010196126588675365,-0.0,4.205627021547179
2017-03-24 00:00:00-04:00,117.39460754394531,35.72494125366211,-3.074336908584966,7.564102090782214,-0.232,False,False,0.0,False,False,0.0,0.0,0.0021425478974847565,0.0,4.205627021547179
2017-03-27 00:00:00-04:00,117.5211181640625,35.400535583496094,-3.0747795365925277,8.6722757675131,0.626,False,True,0.0,False,False,0.0,0.0,0.004895409594040042,0.0,4.205627021547179
2017-03-28 00:00:00-04:00,119.24748229980469,35.218536376953125,-3.079264384324779,10.800297566206297,2.133,False,False,0.0,True,False,-1.0,-1.0,0.00934594484104019,0.0,4.205627021547179
2017-03-29 00:00:00-04:00,118.83910369873047,34.93368911743164,-3.0858822737522997,11.037851694474554,2.115,False,False,0.0,False,False,-1.0,-1.0,0.0010481545862890095,-0.0010481545862890095,4.20457886696089
2017-03-30 00:00:00-04:00,119.03876495361328,34.74378967285156,-3.0941917249831175,11.534818453322089,2.226,False,False,0.0,False,False,-1.0,-1.0,0.002193700056197369,-0.002193700056197369,4.202385166904692
2017-03-31 00:00:00-04:00,118.78466033935547,35.0919303894043,-3.100884263684414,9.968645612542815,1.08,False,False,0.0,False,False,-1.0,-1.0,-0.006881231087403214,0.006881231087403214,4.209266397992096
2017-04-03 00:00:00-04:00,117.9134292602539,35.02072525024414,-3.105613921855943,9.152577369603748,0.498,False,False,0.0,False,False,-1.0,-1.0,-0.0036001801298127236,0.0036001801298127236,4.212866578121909
2017-04-04 00:00:00-04:00,118.26736450195312,35.02863693237305,-3.109757111306015,9.336811702149518,0.605,False,False,0.0,False,False,-1.0,-1.0,0.0008108979815210039,-0.0008108979815210039,4.212055680140388
2017-04-05 00:00:00-04:00,117.92253875732422,35.14731979370117,-3.112412088289888,8.529595760418246,0.076,False,False,0.0,False,False,-1.0,-1.0,-0.003551082115049342,0.003551082115049342,4.215606762255437
2017-04-06 00:00:00-04:00,117.67748260498047,35.519222259521484,-3.1122739651299507,7.131931905007534,-0.829,False,False,0.0,False,True,0.0,0.0,-0.006124113921240996,0.006124113921240996,4.221730876176678
2017-04-07 00:00:00-04:00,116.57939147949219,35.38469314575195,-3.1099831018955304,6.53359373044502,-1.178,False,False,0.0,False,False,0.0,0.0,-0.0026402103693739087,-0.0,4.221730876176678
2017-04-10 00:00:00-04:00,115.94415283203125,35.33722686767578,-3.10620126634534,6.17961398652416,-1.34,False,False,0.0,False,False,0.0,0.0,-0.001568303556632979,-0.0,4.221730876176678
2017-04-11 00:00:00-04:00,115.38148498535156,35.835716247558594,-3.0989162143568163,4.329602852702237,-2.304,True,False,1.0,False,False,0.0,1.0,-0.008170223131725234,-0.0,4.221730876176678
2017-04-12 00:00:00-04:00,114.60102081298828,36.08891677856445,-3.0882655547007625,3.1488622192852773,-2.613,False,False,1.0,False,False,0.0,1.0,-0.005223287000501305,-0.005223287000501305,4.216507589176176
2017-04-13 00:00:00-04:00,114.83695220947266,36.12055587768555,-3.076977657839103,3.6948087851053373,-2.166,False,False,1.0,False,False,0.0,1.0,0.0024159162345913266,0.0024159162345913266,4.218923505410768
2017-04-17 00:00:00-04:00,116.73369598388672,36.1442985534668,-3.068675619509015,5.8185682286082,-1.062,False,False,1.0,False,False,0.0,1.0,0.009329103522784802,0.009329103522784802,4.228252608933553
2017-04-18 00:00:00-04:00,116.26177978515625,35.875274658203125,-3.062579425544695,6.390901731178374,-0.793,False,False,1.0,False,False,0.0,1.0,0.002530963497441046,0.002530963497441046,4.230783572430994
2017-04-19 00:00:00-04:00,116.38883972167969,35.289756774902344,-3.0605024222228256,8.384453632436689,0.274,False,True,0.0,False,False,0.0,0.0,0.008884189324583769,0.008884189324583769,4.239667761755578
2017-04-20 00:00:00-04:00,117.84991455078125,35.10776138305664,-3.063106929632955,10.311087374440206,1.218,False,False,0.0,False,False,0.0,0.0,0.008548047818360372,0.0,4.239667761755578
2017-04-21 00:00:00-04:00,116.20731353759766,35.218536376953125,-3.064672051187689,8.274049419412478,0.155,False,False,0.0,False,False,0.0,0.0,-0.009088215870292115,-0.0,4.239667761755578
2017-04-24 00:00:00-04:00,118.049560546875,35.60625457763672,-3.0666703871935916,8.856914034760209,0.437,False,True,0.0,False,False,0.0,0.0,0.0025649487517801876,0.0,4.239667761755578
2017-04-25 00:00:00-04:00,119.60142517089844,35.38469314575195,-3.0719666487233224,10.900827951839688,1.401,False,False,0.0,False,False,0.0,0.0,0.00895267547647177,0.0,4.239667761755578
2017-04-26 00:00:00-04:00,120.27295684814453,35.202720642089844,-3.080140132748891,11.84364421649579,1.73,False,False,0.0,True,False,-1.0,-1.0,0.004122461341553952,0.0,4.239667761755578
2017-04-27 00:00:00-04:00,120.74490356445312,35.13942337036133,-3.09006175159629,12.161915434550792,1.739,False,False,0.0,False,False,-1.0,-1.0,0.0013878434747012346,-0.0013878434747012346,4.238279918280876
2017-04-28 00:00:00-04:00,120.35466766357422,34.85456848144531,-3.1009102458786018,12.273779143783074,1.657,False,False,0.0,False,False,-1.0,-1.0,0.000489694822913156,-0.000489694822913156,4.237790223457964
2017-05-01 00:00:00-04:00,120.90824127197266,34.58554458618164,-3.113598342322174,13.222746980127866,1.896,False,False,0.0,False,False,-1.0,-1.0,0.004151329142962734,-0.004151329142962734,4.233638894315
2017-05-02 00:00:00-04:00,121.34386444091797,34.7121467590332,-3.126503727976259,12.816208192741641,1.609,False,False,0.0,False,False,-1.0,-1.0,-0.0017685478660754872,0.0017685478660754872,4.235407442181076
2017-05-03 00:00:00-04:00,121.6161117553711,34.54597473144531,-3.1399966413738283,13.141867125647678,1.61,False,False,0.0,False,False,-1.0,-1.0,0.0014153523773112555,-0.0014153523773112555,4.233992089803765
2017-05-04 00:00:00-04:00,129.17567443847656,34.4035530090332,-3.1646141471001976,20.30170387557851,3.371,False,False,0.0,False,False,-1.0,-1.0,0.030077073838482255,-0.030077073838482255,4.203915015965283
2017-05-05 00:00:00-04:00,130.8636932373047,34.66466522216797,-3.1939852352475175,20.145264332902087,2.8,False,False,0.0,False,False,-1.0,-1.0,-0.0006475625815748867,0.0006475625815748867,4.204562578546858
2017-05-08 00:00:00-04:00,130.9453582763672,34.51432800292969,-3.224696556735139,19.647123607292627,2.36,False,False,0.0,False,False,-1.0,-1.0,-0.002056362851758277,0.002056362851758277,4.206618941398616
2017-05-09 00:00:00-04:00,128.96694946289062,33.984195709228516,-3.2540155596284928,18.38184784360118,1.876,False,False,0.0,False,False,-1.0,-1.0,-0.005281840660414077,0.005281840660414077,4.21190078205903
2017-05-10 00:00:00-04:00,128.8308563232422,33.786373138427734,-3.2820686532475696,17.941660138682806,1.642,False,False,0.0,False,False,-1.0,-1.0,-0.0018362573356438205,0.0018362573356438205,4.213737039394674
2017-05-11 00:00:00-04:00,129.28460693359375,33.84176254272461,-3.3086608113692466,17.31369342081716,1.406,False,False,0.0,False,False,-1.0,-1.0,-0.0026029112896723953,0.0026029112896723953,4.216339950684347
2017-05-12 00:00:00-04:00,129.1575469970703,33.84176254272461,-3.333179473309128,16.356878749058936,1.13,False,False,0.0,False,False,-1.0,-1.0,-0.0039544624297590284,0.0039544624297590284,4.220294413114106
2017-05-15 00:00:00-04:00,129.29368591308594,34.0554084777832,-3.3548246479680093,15.043762155200142,0.808,False,False,0.0,False,False,-1.0,-1.0,-0.005391710320926996,0.005391710320926996,4.2256861234350325
2017-05-16 00:00:00-04:00,129.45703125,34.10287857055664,-3.3741960472908046,14.387233175989493,0.643,False,False,0.0,False,False,-1.0,-1.0,-0.0026848954817171164,0.0026848954817171164,4.22837101891675
2017-05-17 00:00:00-04:00,127.62382507324219,34.530155181884766,-3.386909408920703,10.673317596224706,-0.13,False,False,0.0,False,False,-1.0,-1.0,-0.015185222181896716,0.015185222181896716,4.243556241098647
2017-05-18 00:00:00-04:00,126.916015625,34.64884567260742,-3.394519384619296,9.299837334651698,-0.403,False,False,0.0,False,True,0.0,0.0,-0.005616766608851824,0.005616766608851824,4.249173007707498
2017-05-19 00:00:00-04:00,127.10661315917969,34.830833435058594,-3.3989456218428225,8.718504349950678,-0.515,False,False,0.0,False,False,0.0,0.0,-0.002368006041188247,-0.0,4.249173007707498
2017-05-22 00:00:00-04:00,127.66926574707031,35.00489807128906,-3.401747454567871,8.59144283565496,-0.537,False,False,0.0,False,False,0.0,0.0,-0.0005149463565569354,-0.0,4.249173007707498
2017-05-23 00:00:00-04:00,128.15928649902344,34.87038803100586,-3.4050957457384805,9.422276562395353,-0.365,False,False,0.0,False,False,0.0,0.0,0.003365112149249813,0.0,4.249173007707498
2017-05-24 00:00:00-04:00,129.5568389892578,35.14731979370117,-3.4091720647830317,9.733578196576062,-0.309,False,False,0.0,False,False,0.0,0.0,0.0012483018270219373,0.0,4.249173007707498
2017-05-25 00:00:00-04:00,131.40817260742188,35.242286682128906,-3.4155785430591705,11.035374407602419,-0.062,False,False,0.0,False,False,0.0,0.0,0.005170351861193621,0.0,4.249173007707498
2017-05-26 00:00:00-04:00,131.58969116210938,35.15523147583008,-3.423333792345343,11.241599273177627,-0.049,False,False,0.0,False,False,0.0,0.0,0.0008185547363232478,0.0,4.249173007707498
2017-05-30 00:00:00-04:00,131.62600708007812,35.25810241699219,-3.430798806206707,10.662551398747524,-0.205,False,False,0.0,False,True,0.0,0.0,-0.0022924466765150073,-0.0,4.249173007707498
2017-05-31 00:00:00-04:00,133.06895446777344,35.5350341796875,-3.438478520645689,10.882502710507566,-0.207,False,False,0.0,False,False,0.0,0.0,0.0008616910999570658,0.0,4.249173007707498
2017-06-01 00:00:00-04:00,133.06895446777344,36.03353500366211,-3.4433481560644954,8.992948156428056,-0.714,False,False,0.0,False,False,0.0,0.0,-0.007348207596036037,-0.0,4.249173007707498
2017-06-02 00:00:00-04:00,133.5680694580078,35.740760803222656,-3.4489624980362406,10.299525796409242,-0.476,False,False,0.0,False,False,0.0,0.0,0.005087193854922563,0.0,4.249173007707498
2017-06-05 00:00:00-04:00,133.45010375976562,35.59833908081055,-3.455132567029269,10.453123069506319,-0.49,False,False,0.0,False,False,0.0,0.0,0.0005989433392330463,0.0,4.249173007707498
2017-06-06 00:00:00-04:00,131.9436492919922,35.360965728759766,-3.4602085604119472,9.58733297290415,-0.769,False,False,0.0,False,False,0.0,0.0,-0.0034046017053981264,-0.0,4.249173007707498
2017-06-07 00:00:00-04:00,131.9254913330078,35.616634368896484,-3.4632562527794097,8.575959651969043,-1.049,False,False,0.0,False,False,0.0,0.0,-0.0039618968945483385,-0.0,4.249173007707498
2017-06-08 00:00:00-04:00,132.0525360107422,35.13726806640625,-3.4678820344058585,10.20063534514928,-0.602,False,False,0.0,False,False,0.0,0.0,0.006398768428183449,0.0,4.249173007707498
2017-06-09 00:00:00-04:00,132.18869018554688,35.41688919067383,-3.471729124531783,9.230844481969655,-0.883,False,False,0.0,False,False,0.0,0.0,-0.003800917225076712,-0.0,4.249173007707498
2017-06-12 00:00:00-04:00,132.71502685546875,35.376949310302734,-3.4760140437379534,9.744254228250739,-0.753,False,False,0.0,False,False,0.0,0.0,0.002007971296489028,0.0,4.249173007707498
2017-06-13 00:00:00-04:00,133.5680694580078,35.18519592285156,-3.4824602792171184,11.037022240205147,-0.394,False,False,0.0,False,False,0.0,0.0,0.005047920620479495,0.0,4.249173007707498
2017-06-14 00:00:00-04:00,134.29408264160156,35.36894989013672,-3.4896130948662845,10.87013195331103,-0.432,False,False,0.0,False,False,0.0,0.0,-0.0006475693017589034,-0.0,4.249173007707498
2017-06-15 00:00:00-04:00,134.69342041015625,35.408897399902344,-3.497071071166257,10.865989651063671,-0.421,False,False,0.0,False,False,0.0,0.0,-1.6023087610242952e-05,-0.0,4.249173007707498
2017-06-16 00:00:00-04:00,135.8096466064453,35.51276397705078,-3.50536626346139,11.32440183902456,-0.286,False,False,0.0,False,False,0.0,0.0,0.0017611263346020238,0.0,4.249173007707498
2017-06-19 00:00:00-04:00,135.73703002929688,35.3609619140625,-3.5142426834297598,11.47002834376434,-0.231,False,False,0.0,False,False,0.0,0.0,0.0005600932561672843,0.0,4.249173007707498
2017-06-20 00:00:00-04:00,135.73703002929688,35.40091323852539,-3.522704828214967,11.030062040724346,-0.338,False,False,0.0,False,False,0.0,0.0,-0.0016892933083057968,-0.0,4.249173007707498
2017-06-21 00:00:00-04:00,134.85675048828125,35.12128448486328,-3.530701683654812,10.85397222545484,-0.368,False,False,0.0,False,False,0.0,0.0,-0.0006802523983531467,-0.0,4.249173007707498
2017-06-22 00:00:00-04:00,131.63507080078125,34.889591217041016,-3.5346211253534086,8.31358463008334,-1.04,False,False,0.0,False,False,0.0,0.0,-0.009964001810926873,-0.0,4.249173007707498
2017-06-23 00:00:00-04:00,131.9163818359375,34.80970001220703,-3.5374534786169045,8.778687438144829,-0.882,False,False,0.0,False,False,0.0,0.0,0.0018235458728182417,0.0,4.249173007707498
2017-06-26 00:00:00-04:00,131.66232299804688,35.29704284667969,-3.5368307800002996,6.82265541492076,-1.517,True,False,1.0,False,False,0.0,1.0,-0.007625796660650318,-0.0,4.249173007707498
2017-06-27 00:00:00-04:00,131.508056640625,34.84963607788086,-3.536854480221101,8.249965144497168,-1.003,False,False,1.0,False,False,0.0,1.0,0.005602430856748908,0.005602430856748908,4.254775438564247
2017-06-28 00:00:00-04:00,133.74867248535156,34.5620231628418,-3.5418529361979108,11.335069265100145,0.315,False,True,0.0,False,False,0.0,0.0,0.012043553689180074,0.012043553689180074,4.266818992253427
2017-06-29 00:00:00-04:00,133.63031005859375,34.29039001464844,-3.5499039068778817,11.902720577226958,0.746,False,False,0.0,False,False,0.0,0.0,0.002222963586203771,0.0,4.266818992253427
2017-06-30 00:00:00-04:00,132.49172973632812,34.362300872802734,-3.556839048856079,10.270556183402036,-0.013,False,False,0.0,False,False,0.0,0.0,-0.006407859094485772,-0.0,4.266818992253427
2017-07-03 00:00:00-04:00,133.33885192871094,34.1146240234375,-3.565453989831652,11.704729592738985,1.076,False,True,0.0,False,False,0.0,0.0,0.005624805583701431,0.0,4.266818992253427
2017-07-05 00:00:00-04:00,132.51905822753906,33.8110237121582,-3.574732680793195,11.653686792613485,1.259,False,False,0.0,False,False,0.0,0.0,-0.00020144410685966492,-0.0,4.266818992253427
2017-07-06 00:00:00-04:00,132.10008239746094,33.563350677490234,-3.584517708304555,11.791657543961506,1.312,False,False,0.0,False,False,0.0,0.0,0.0005466168824921661,0.0,4.266818992253427
2017-07-07 00:00:00-04:00,133.2750701904297,33.63526153564453,-3.5953878047683463,12.343261054979493,1.621,False,False,0.0,True,False,-1.0,-1.0,0.0021699000140388033,0.0,4.266818992253427
2017-07-10 00:00:00-04:00,133.1748809814453,33.531394958496094,-3.606595903523443,12.240689284706662,1.445,False,False,0.0,False,False,-1.0,-1.0,-0.0004036525307490038,0.0004036525307490038,4.267222644784177
2017-07-11 00:00:00-04:00,131.6173553466797,33.435523986816406,-3.615660946026394,10.72583705761889,0.253,False,False,0.0,False,False,-1.0,-1.0,-0.005999203930048966,0.005999203930048966,4.2732218487142255
2017-07-12 00:00:00-04:00,132.40977478027344,33.771080017089844,-3.6227824953693037,10.064497244644258,-0.28,False,False,0.0,False,True,0.0,0.0,-0.0025959831099033655,0.0025959831099033655,4.275817831824128
2017-07-13 00:00:00-04:00,132.7194366455078,33.73911666870117,-3.6293419411630947,10.268645461995774,-0.132,False,False,0.0,False,False,0.0,0.0,0.0008000471649392755,0.0,4.275817831824128
2017-07-14 00:00:00-04:00,133.4208221435547,33.84298324584961,-3.635817636180875,10.3739067973208,-0.034,False,False,0.0,False,False,0.0,0.0,0.00041042719975340435,0.0,4.275817831824128
2017-07-17 00:00:00-04:00,134.732421875,34.53805923461914,-3.6401805323884946,9.007651022658735,-1.054,False,False,0.0,False,True,0.0,0.0,-0.005245605853136584,-0.0,4.275817831824128
2017-07-18 00:00:00-04:00,134.00375366210938,34.80171203613281,-3.6409379622837053,7.292879157287672,-2.15,True,False,1.0,False,False,0.0,1.0,-0.006577198515585875,-0.0,4.275817831824128
2017-07-19 00:00:00-04:00,133.6485137939453,35.321022033691406,-3.636807391093971,5.19275980082341,-3.017,False,False,1.0,False,False,0.0,1.0,-0.008012533997234998,-0.008012533997234998,4.267805297826893
2017-07-20 00:00:00-04:00,134.20411682128906,35.52874755859375,-3.6305063984501524,5.216771480894209,-2.619,False,False,1.0,False,False,0.0,1.0,9.123274696520583e-05,9.123274696520583e-05,4.267896530573859
2017-07-21 00:00:00-04:00,134.4591522216797,35.728477478027344,-3.6229240541722634,5.017591747582458,-2.396,False,False,1.0,False,False,0.0,1.0,-0.0007547525403668194,-0.0007547525403668194,4.267141778033492
2017-07-24 00:00:00-04:00,135.7889862060547,35.17721176147461,-3.6201036618445546,8.443833094859116,-0.653,False,False,1.0,False,False,0.0,1.0,0.01302089252335964,0.01302089252335964,4.280162670556852
2017-07-25 00:00:00-04:00,136.508544921875,35.0413818359375,-3.6212103868151853,9.616329049221164,-0.071,False,False,1.0,False,False,0.0,1.0,0.004451376491188946,0.004451376491188946,4.2846140470480405
2017-07-26 00:00:00-04:00,135.269775390625,35.38493347167969,-3.620290139679208,7.1660496498982695,-1.243,False,False,1.0,False,True,0.0,1.0,-0.009303439369554767,-0.009303439369554767,4.275310607678486
2017-07-27 00:00:00-04:00,133.92176818847656,35.42488098144531,-3.616378543328394,5.811988707215647,-1.751,True,False,1.0,False,False,0.0,1.0,-0.005167549307418777,-0.005167549307418777,4.270143058371067
2017-07-28 00:00:00-04:00,136.7362518310547,35.92021942138672,-3.6128977626005927,6.96017145140425,-1.163,False,False,1.0,False,False,0.0,1.0,0.00430817866724774,0.00430817866724774,4.274451237038315
2017-07-31 00:00:00-04:00,135.60682678222656,35.9282112121582,-3.608094277540008,5.974453505389789,-1.504,True,False,1.0,False,False,0.0,1.0,-0.0037163358424959865,-0.0037163358424959865,4.270734901195819
2017-08-01 00:00:00-04:00,136.28086853027344,36.15989303588867,-3.6027525780780603,6.005720672198635,-1.393,False,False,1.0,False,False,0.0,1.0,0.00011730054805175397,0.00011730054805175397,4.270852201743871
2017-08-02 00:00:00-04:00,135.59776306152344,36.215816497802734,-3.5961831890547042,5.359052594235237,-1.55,True,False,1.0,False,False,0.0,1.0,-0.002432578454638998,-0.002432578454638998,4.2684196232892315
2017-08-03 00:00:00-04:00,134.11302185058594,36.56735610961914,-3.585434908769035,3.00314673376883,-2.249,False,False,1.0,False,False,0.0,1.0,-0.00888273933888882,-0.00888273933888882,4.259536883950343
2017-08-04 00:00:00-04:00,136.299072265625,36.51143264770508,-3.577016964884461,5.697058272547565,-1.145,False,False,1.0,False,False,0.0,1.0,0.010093295522100556,0.010093295522100556,4.269630179472443
2017-08-07 00:00:00-04:00,136.2444305419922,36.50344467163086,-3.569991370054898,5.927448086993564,-0.997,False,False,1.0,False,False,0.0,1.0,0.0008643029456352712,0.0008643029456352712,4.270494482418078
2017-08-08 00:00:00-04:00,136.31727600097656,36.56735610961914,-3.5636990733366365,6.002222918756047,-0.913,False,False,1.0,False,False,0.0,1.0,0.00028044173045178866,0.00028044173045178866,4.27077492414853
2017-08-09 00:00:00-04:00,135.93478393554688,36.3037109375,-3.558866031828563,6.7347402507550385,-0.592,False,False,1.0,False,False,0.0,1.0,0.002762810674755728,0.002762810674755728,4.273537734823286
2017-08-10 00:00:00-04:00,134.7779998779297,36.43952560424805,-3.5525166641443207,5.3259779353248575,-1.081,False,False,1.0,False,False,0.0,1.0,-0.005331575517891055,-0.005331575517891055,4.268206159305395
2017-08-11 00:00:00-04:00,135.84365844726562,36.375606536865234,-3.547752040204995,6.792026142407849,-0.503,False,False,1.0,False,False,0.0,1.0,0.005534444205936641,0.005534444205936641,4.273740603511332
2017-08-14 00:00:00-04:00,137.82017517089844,36.68720245361328,-3.5451512093773503,7.758495023799611,-0.149,False,False,1.0,False,False,0.0,1.0,0.0036078176338016094,0.0036078176338016094,4.277348421145134
2017-08-15 00:00:00-04:00,137.41941833496094,36.98281478881836,-3.5414889601816526,6.445188043917966,-0.622,False,False,1.0,False,True,0.0,1.0,-0.0048932118423997695,-0.0048932118423997695,4.272455209302734
2017-08-16 00:00:00-04:00,136.6361083984375,37.26243209838867,-3.5350218054978604,4.912598404750156,-1.131,False,False,1.0,False,False,0.0,1.0,-0.005710954756719034,-0.005710954756719034,4.2667442545460155
2017-08-17 00:00:00-04:00,134.8508758544922,36.99079895019531,-3.526576816144,4.3999818660895755,-1.255,False,False,1.0,False,False,0.0,1.0,-0.0019322017299927528,-0.0019322017299927528,4.264812052816023
2017-08-18 00:00:00-04:00,135.20608520507812,37.29439163208008,-3.516740312351566,4.051394727915209,-1.303,False,False,1.0,False,False,0.0,1.0,-0.0013087029698029503,-0.0013087029698029503,4.26350334984622
2017-08-21 00:00:00-04:00,135.6523895263672,37.430213928222656,-3.506828737781198,4.391039661577906,-1.117,False,False,1.0,False,False,0.0,1.0,0.0012724895107964253,0.0012724895107964253,4.264775839357016
2017-08-22 00:00:00-04:00,136.1624755859375,37.550052642822266,-3.497562091316172,4.828834935475726,-0.9,False,False,1.0,False,False,0.0,1.0,0.0016366416083249543,0.0016366416083249543,4.266412480965341
2017-08-23 00:00:00-04:00,135.16049194335938,37.741798400878906,-3.4866613999325584,3.567620294978525,-1.344,False,False,1.0,False,False,0.0,1.0,-0.004728017759609061,-0.004728017759609061,4.261684463205732
2017-08-24 00:00:00-04:00,135.1331787109375,37.72582244873047,-3.475747918995049,4.0077298423858565,-1.135,False,False,1.0,False,False,0.0,1.0,0.0016529400433266364,0.0016529400433266364,4.263337403249059
2017-08-25 00:00:00-04:00,135.60682678222656,37.7817497253418,-3.465834620077906,4.6615305770180555,-0.826,False,False,1.0,False,False,0.0,1.0,0.0024528063303514503,0.0024528063303514503,4.26579020957941
2017-08-28 00:00:00-04:00,134.80532836914062,37.78973388671875,-3.4556883430009946,4.215785491696977,-1.004,False,False,1.0,False,False,0.0,1.0,-0.0016795542552400233,-0.0016795542552400233,4.26411065532417
2017-08-29 00:00:00-04:00,134.68685913085938,37.637939453125,-3.4465946587458296,4.964138045519832,-0.581,False,False,1.0,False,False,0.0,1.0,0.0028302777577535266,0.0028302777577535266,4.266940933081923
2017-08-30 00:00:00-04:00,134.59576416015625,37.41423416137695,-3.4393973294724076,5.913347101261024,0.0,False,False,1.0,False,False,0.0,1.0,0.0036053464489388745,0.0036053464489388745,4.270546279530862
2017-08-31 00:00:00-04:00,135.2333984375,37.42222595214844,-3.4342191561175315,6.717273208073209,0.603,False,True,0.0,False,False,0.0,0.0,0.003048066573297072,0.003048066573297072,4.27359434610416
2017-09-01 00:00:00-04:00,134.89634704589844,37.166568756103516,-3.4309054843111078,7.381362467557025,1.135,False,False,0.0,False,False,0.0,0.0,0.0025307186826625293,0.0,4.27359434610416
2017-09-05 00:00:00-04:00,134.32260131835938,37.04671859741211,-3.428286856668926,7.315822868139179,1.088,False,False,0.0,False,False,0.0,0.0,-0.0002507930775938201,-0.0,4.27359434610416
2017-09-06 00:00:00-04:00,134.4591522216797,36.67121505737305,-3.428108558793802,8.746246022131004,1.902,False,False,0.0,True,False,-1.0,-1.0,0.005497989148688349,0.0,4.27359434610416
2017-09-07 00:00:00-04:00,134.6778106689453,37.13092803955078,-3.4269950774327453,7.4303030568952835,0.979,False,False,0.0,False,False,-1.0,-1.0,-0.005024115170966281,0.005024115170966281,4.2786184612751255
2017-09-08 00:00:00-04:00,138.30288696289062,37.461585998535156,-3.4291058186355414,9.843144439997985,2.265,False,False,0.0,True,False,-1.0,-1.0,0.009044900283648205,-0.009044900283648205,4.269573560991477
2017-09-11 00:00:00-04:00,138.0205841064453,37.695457458496094,-3.4308645401498663,8.692575787363268,1.56,False,False,0.0,False,False,-1.0,-1.0,-0.004303627119171087,0.004303627119171087,4.273877188110648
2017-09-12 00:00:00-04:00,139.0042724609375,36.96962356567383,-3.437316181537524,11.927987153295874,3.107,False,False,0.0,False,False,-1.0,-1.0,0.012159518128891524,-0.012159518128891524,4.261717669981756
2017-09-13 00:00:00-04:00,139.25025939941406,36.679290771484375,-3.4470730000565655,12.814066519806318,2.983,False,False,0.0,False,False,-1.0,-1.0,0.003335056638792746,-0.003335056638792746,4.258382613342964
2017-09-14 00:00:00-04:00,138.83120727539062,36.93735885620117,-3.4558115244202594,11.182656858483881,2.021,False,False,0.0,False,False,-1.0,-1.0,-0.006122077246881227,0.006122077246881227,4.264504690589845
2017-09-15 00:00:00-04:00,139.487060546875,36.9534912109375,-3.4645333408797825,11.460458184674025,1.956,False,False,0.0,False,False,-1.0,-1.0,0.0010384565901015838,-0.0010384565901015838,4.263466233999743
2017-09-18 00:00:00-04:00,138.539794921875,36.776058197021484,-3.472315178294898,10.841729846500797,1.585,False,False,0.0,False,False,-1.0,-1.0,-0.002323968267246514,0.002323968267246514,4.26579020226699
2017-09-19 00:00:00-04:00,138.30288696289062,36.76801300048828,-3.479018160939974,10.386301992514817,1.323,False,False,0.0,False,False,-1.0,-1.0,-0.0017107233016379188,0.0017107233016379188,4.267500925568628
2017-09-20 00:00:00-04:00,138.82212829589844,36.47765350341797,-3.4871008479666674,11.620871832295364,1.652,False,False,0.0,True,False,-1.0,-1.0,0.0046408320114288484,-0.0046408320114288484,4.262860093557199
2017-09-21 00:00:00-04:00,137.8748321533203,37.27608871459961,-3.4900442910741325,7.779631541359038,0.218,False,False,0.0,False,False,-1.0,-1.0,-0.014334589025859166,0.014334589025859166,4.277194682583058
2017-09-22 00:00:00-04:00,139.09536743164062,37.25189971923828,-3.4925987977906674,8.989427256810501,0.634,False,False,0.0,False,False,-1.0,-1.0,0.004494018718586578,-0.004494018718586578,4.272700663864471
2017-09-25 00:00:00-04:00,139.83316040039062,37.50190734863281,-3.4946683906752716,8.77643019909084,0.523,False,False,0.0,False,False,-1.0,-1.0,-0.0007862864769392485,0.0007862864769392485,4.273486950341411
2017-09-26 00:00:00-04:00,141.05368041992188,37.50997543334961,-3.498127900958983,9.838988792235568,0.871,False,False,0.0,False,False,-1.0,-1.0,0.003902614854430953,-0.003902614854430953,4.2695843354869805
2017-09-27 00:00:00-04:00,141.9372100830078,37.21963119506836,-3.504658683708736,11.495106410774923,1.392,False,False,0.0,False,False,-1.0,-1.0,0.00608018867404717,-0.00608018867404717,4.263504146812933
2017-09-28 00:00:00-04:00,142.14743041992188,37.16319274902344,-3.5126578155332466,11.60585095989623,1.341,False,False,0.0,False,False,-1.0,-1.0,0.0004061203242846596,-0.0004061203242846596,4.263098026488648
2017-09-29 00:00:00-04:00,140.95928955078125,37.30028533935547,-3.518455922437022,9.71987968993517,0.64,False,False,0.0,False,False,-1.0,-1.0,-0.006928656433839299,0.006928656433839299,4.270026682922487
2017-10-02 00:00:00-04:00,142.11083984375,37.58256149291992,-3.523286948143079,9.696691457960583,0.608,False,False,0.0,False,False,-1.0,-1.0,-8.446674426299572e-05,8.446674426299572e-05,4.27011114966675
2017-10-03 00:00:00-04:00,141.56253051757812,37.30028533935547,-3.528096426184743,9.963527116126926,0.664,False,False,0.0,False,False,-1.0,-1.0,0.0009768419965215111,-0.0009768419965215111,4.269134307670228
2017-10-04 00:00:00-04:00,141.38882446289062,37.897090911865234,-3.5294074439750402,7.634549693554618,-0.181,False,False,0.0,False,False,-1.0,-1.0,-0.008464604160784718,0.008464604160784718,4.277598911831014
2017-10-05 00:00:00-04:00,141.89151000976562,38.2680778503418,-3.5280870878768833,6.878398668107366,-0.488,False,False,0.0,False,True,0.0,0.0,-0.0027307273593227955,0.0027307273593227955,4.280329639190336
2017-10-06 00:00:00-04:00,141.6813201904297,38.3890495300293,-3.5248750576836194,6.364717013848349,-0.721,False,False,0.0,False,False,0.0,0.0,-0.0018544603079150503,-0.0,4.280329639190336
2017-10-09 00:00:00-04:00,141.37054443359375,38.39712142944336,-3.5206031953436643,6.18951603709678,-0.826,False,False,0.0,False,False,0.0,0.0,-0.0006335200879844921,-0.0,4.280329639190336
2017-10-10 00:00:00-04:00,142.5312957763672,38.88100051879883,-3.515367997734181,5.850270832695713,-0.982,False,False,0.0,False,False,0.0,0.0,-0.001215008003680547,-0.0,4.280329639190336
2017-10-11 00:00:00-04:00,142.54042053222656,39.02617645263672,-3.5093335509982824,5.584550139809409,-1.15,False,False,0.0,False,False,0.0,0.0,-0.000950712769773202,-0.0,4.280329639190336
2017-10-12 00:00:00-04:00,142.9700164794922,39.53427505493164,-3.501393841219985,4.544949285057669,-1.595,True,False,1.0,False,False,0.0,1.0,-0.0036944527998804774,-0.0,4.280329639190336
2017-10-13 00:00:00-04:00,144.03021240234375,39.2277946472168,-3.496199482400272,6.882017061040216,-0.687,False,False,1.0,False,False,0.0,1.0,0.00831169005734349,0.00831169005734349,4.28864132924768
2017-10-16 00:00:00-04:00,145.2731475830078,39.1955451965332,-3.4943020671030953,8.312072981529042,-0.141,False,False,1.0,False,False,0.0,1.0,0.005066911834504777,0.005066911834504777,4.293708241082184
2017-10-17 00:00:00-04:00,145.2640380859375,39.1955451965332,-3.4937953813440563,8.32282330902757,-0.188,False,False,1.0,False,False,0.0,1.0,3.809400211183297e-05,3.809400211183297e-05,4.293746335084296
2017-10-18 00:00:00-04:00,146.05001831054688,39.243927001953125,-3.494733685522901,8.902944664619525,0.042,False,False,1.0,False,False,0.0,1.0,0.002048472149145929,0.002048472149145929,4.295794807233442
2017-10-19 00:00:00-04:00,147.3021697998047,39.46974182128906,-3.496838932065428,9.282839960550092,0.191,False,False,1.0,False,False,0.0,1.0,0.001331463967528371,0.001331463967528371,4.29712627120097
2017-10-20 00:00:00-04:00,148.81016540527344,39.51814651489258,-3.5011663292473747,10.450561433067065,0.715,False,True,0.0,False,False,0.0,0.0,0.004066310583625615,0.004066310583625615,4.301192581784596
2017-10-23 00:00:00-04:00,149.90692138671875,39.502010345458984,-3.507736424942066,11.344280839513942,1.082,False,False,0.0,False,False,0.0,0.0,0.0030981411018039784,0.0,4.301192581784596
2017-10-24 00:00:00-04:00,149.23057556152344,39.582664489746094,-3.5134622423378294,10.158378425674158,0.489,False,False,0.0,False,False,0.0,0.0,-0.004113392329683243,-0.0,4.301192581784596
2017-10-25 00:00:00-04:00,149.19403076171875,39.64719009399414,-3.518165953157064,9.708636434682546,0.243,False,False,0.0,False,False,0.0,0.0,-0.0015579288023500045,-0.0,4.301192581784596
2017-10-26 00:00:00-04:00,148.81016540527344,39.808475494384766,-3.520873572390167,8.649556079952532,-0.254,False,False,0.0,False,True,0.0,0.0,-0.003665008531459238,-0.0,4.301192581784596
2017-10-27 00:00:00-04:00,147.71340942382812,39.91332244873047,-3.520599192913897,7.1945986243155176,-0.926,False,False,0.0,False,False,0.0,0.0,-0.005047865413900017,-0.0,4.301192581784596
2017-10-30 00:00:00-04:00,147.1558837890625,39.96171188354492,-3.5181672167815767,6.563899113904,-1.162,False,False,0.0,False,False,0.0,0.0,-0.002191847723417418,-0.0,4.301192581784596
2017-10-31 00:00:00-04:00,147.2198486328125,39.679447174072266,-3.5165190157487465,7.686318110789529,-0.576,False,False,0.0,False,False,0.0,0.0,0.003914231107559039,0.0,4.301192581784596
2017-11-01 00:00:00-04:00,147.0645294189453,39.929447174072266,-3.5138204504756474,6.75962136250314,-0.988,False,False,0.0,False,False,0.0,0.0,-0.003224757498318722,-0.0,4.301192581784596
2017-11-02 00:00:00-04:00,143.92965698242188,40.155277252197266,-3.5053871929933416,3.169862371472732,-2.503,True,False,1.0,False,False,0.0,1.0,-0.012609385317717178,-0.0,4.301192581784596
2017-11-03 00:00:00-04:00,145.8581085205078,40.574649810791016,-3.4958569481276496,4.01493706160781,-1.926,False,False,1.0,False,False,0.0,1.0,0.0029373337866121572,0.0029373337866121572,4.304129915571208
2017-11-06 00:00:00-05:00,147.32041931152344,40.04236602783203,-3.4911008835057222,7.528479894099519,-0.292,False,False,1.0,False,False,0.0,1.0,0.012237518607858745,0.012237518607858745,4.316367434179067
2017-11-07 00:00:00-05:00,147.6951446533203,40.284305572509766,-3.487782457812865,7.192250352347713,-0.402,False,False,1.0,False,False,0.0,1.0,-0.0011666614490917137,-0.0011666614490917137,4.315200772729975
2017-11-08 00:00:00-05:00,147.1376190185547,40.485931396484375,-3.4834496640333823,6.106914897392613,-0.889,False,False,1.0,False,False,0.0,1.0,-0.0037663246366911787,-0.0037663246366911787,4.3114344480932845
2017-11-09 00:00:00-05:00,147.60379028320312,40.542388916015625,-3.479352009876172,6.542547923082736,-0.646,False,False,1.0,False,False,0.0,1.0,0.0015091298786728846,0.0015091298786728846,4.312943577971957
2017-11-10 00:00:00-05:00,147.667724609375,40.631099700927734,-3.4752389697639763,6.464943544345488,-0.648,False,False,1.0,False,False,0.0,1.0,-0.0002686476369613142,-0.0002686476369613142,4.312674930334996
2017-11-13 00:00:00-05:00,147.59458923339844,40.85691452026367,-3.47016432167947,5.814382171271546,-0.9,False,False,1.0,False,False,0.0,1.0,-0.002248161835108654,-0.002248161835108654,4.310426768499887
2017-11-14 00:00:00-05:00,148.08811950683594,41.711795806884766,-3.461573119157124,3.6996883899527973,-1.788,True,False,1.0,False,False,0.0,1.0,-0.007230301973984144,-0.007230301973984144,4.303196466525903
2017-11-15 00:00:00-05:00,148.65476989746094,41.381141662597656,-3.454545511951116,5.70173268752086,-0.804,False,False,1.0,False,False,0.0,1.0,0.00686553737167502,0.00686553737167502,4.310062003897578
2017-11-16 00:00:00-05:00,146.16879272460938,41.437591552734375,-3.4448104203404024,3.4241455499405618,-1.788,True,False,1.0,False,False,0.0,1.0,-0.00788328552100005,-0.00788328552100005,4.302178718376577
2017-11-17 00:00:00-05:00,146.2967987060547,41.534366607666016,-3.434342498818036,3.653558303858574,-1.567,False,False,1.0,False,False,0.0,1.0,0.0007939804902984158,0.0007939804902984158,4.302972698866876
2017-11-20 00:00:00-05:00,146.13226318359375,41.59082794189453,-3.4237197261815346,3.7369251307072773,-1.44,False,False,1.0,False,False,0.0,1.0,0.0002889388276595929,0.0002889388276595929,4.303261637694536
2017-11-21 00:00:00-05:00,146.05001831054688,41.6150016784668,-3.413435592115328,3.9998904153291903,-1.237,False,False,1.0,False,False,0.0,1.0,0.0009127565122237048,0.0009127565122237048,4.304174394206759
2017-11-22 00:00:00-05:00,145.12689208984375,41.4779167175293,-3.403258147242292,3.966834090274915,-1.186,False,False,1.0,False,False,0.0,1.0,-0.00011546570685094504,-0.00011546570685094504,4.3040589284999085
2017-11-24 00:00:00-05:00,145.7941131591797,41.582763671875,-3.394134474359316,4.656621441332561,-0.841,False,False,1.0,False,False,0.0,1.0,0.00240401314924257,0.00240401314924257,4.306462941649151
2017-11-27 00:00:00-05:00,144.86187744140625,41.59889602661133,-3.384580214831437,4.067076990907481,-1.059,False,False,1.0,False,False,0.0,1.0,-0.002063821699446386,-0.002063821699446386,4.3043991199497045
2017-11-28 00:00:00-05:00,145.6844482421875,41.969886779785156,-3.37481805499639,4.0437165716142545,-1.03,False,False,1.0,False,False,0.0,1.0,-8.130307027152652e-05,-8.130307027152652e-05,4.304317816879433
2017-11-29 00:00:00-05:00,145.3828125,42.502166748046875,-3.362665013575296,2.4622633751994556,-1.61,True,False,1.0,False,False,0.0,1.0,-0.0054853789685356145,-0.0054853789685356145,4.298832437910898
2017-11-30 00:00:00-05:00,146.9639434814453,42.792503356933594,-3.3511796721457965,3.558576111458706,-1.128,False,False,1.0,False,False,0.0,1.0,0.003775580597841419,0.003775580597841419,4.302608018508739
2017-12-01 00:00:00-05:00,148.01502990722656,42.800559997558594,-3.34204275989201,4.973728248062287,-0.52,False,False,1.0,False,False,0.0,1.0,0.004862124555022025,0.004862124555022025,4.307470143063761
2017-12-04 00:00:00-05:00,144.84359741210938,42.6553955078125,-3.3306550270697652,2.773189932364602,-1.334,False,False,1.0,False,False,0.0,1.0,-0.007669678991540092,-0.007669678991540092,4.299800464072221
2017-12-05 00:00:00-05:00,143.7834014892578,42.48603057861328,-3.318448552668793,2.795694807016474,-1.244,False,False,1.0,False,False,0.0,1.0,7.902794211243902e-05,7.902794211243902e-05,4.299879492014334
2017-12-06 00:00:00-05:00,143.58236694335938,42.550540924072266,-3.306094714538752,2.9062484935192003,-1.132,False,False,1.0,False,False,0.0,1.0,0.00038891956505644195,0.00038891956505644195,4.30026841157939
2017-12-07 00:00:00-05:00,142.046875,42.26595687866211,-3.293615328505792,2.839071550473676,-1.098,False,False,1.0,False,False,0.0,1.0,-0.00023884737994706728,-0.00023884737994706728,4.300029564199443
2017-12-08 00:00:00-05:00,142.08349609375,42.22530746459961,-3.282045447113403,3.498117976597257,-0.791,False,False,1.0,False,False,0.0,1.0,0.0023481279424962323,0.0023481279424962323,4.302377692141939
2017-12-11 00:00:00-05:00,141.91897583007812,42.60747146606445,-3.2695425211023665,2.612036155124599,-1.165,False,False,1.0,False,False,0.0,1.0,-0.0031507829564050406,-0.0031507829564050406,4.299226909185534
2017-12-12 00:00:00-05:00,141.8458251953125,42.29035186767578,-3.25874964964497,4.032155863161535,-0.452,False,False,1.0,False,False,0.0,1.0,0.005078031448338597,0.005078031448338597,4.304304940633873
2017-12-13 00:00:00-05:00,139.7711181640625,42.428585052490234,-3.2457792850782545,2.0572957055088352,-1.461,False,False,1.0,False,False,0.0,1.0,-0.007116999406243599,-0.007116999406243599,4.297187941227629
2017-12-14 00:00:00-05:00,140.27383422851562,42.23344802856445,-3.234311238364276,3.677718634856035,-0.516,False,False,1.0,False,False,0.0,1.0,0.005852650063280417,0.005852650063280417,4.30304059129091
2017-12-15 00:00:00-05:00,142.5769805908203,42.526153564453125,-3.2258775370293504,5.392817070990333,0.57,False,True,0.0,False,False,0.0,0.0,0.006130581291360272,0.006130581291360272,4.3091711725822694
2017-12-18 00:00:00-05:00,141.26092529296875,42.25783157348633,-3.218436751567689,5.2567671153028925,0.52,False,False,0.0,False,False,0.0,0.0,-0.0004906854984567479,-0.0,4.3091711725822694
2017-12-19 00:00:00-05:00,140.8861541748047,41.72930145263672,-3.2135808691971506,6.785669341650475,1.565,False,False,0.0,True,False,-1.0,-1.0,0.005559914590262446,0.0,4.3091711725822694
2017-12-20 00:00:00-05:00,139.9447479248047,41.452842712402344,-3.2098656243159542,6.886693072088292,1.623,False,False,0.0,False,False,-1.0,-1.0,0.00037004649553046563,-0.00037004649553046563,4.30880112608674
2017-12-21 00:00:00-05:00,139.2593536376953,41.47723388671875,-3.2057403990308946,6.294109326987808,1.16,False,False,0.0,False,False,-1.0,-1.0,-0.002176819249863679,0.002176819249863679,4.310977945336603
2017-12-22 00:00:00-05:00,138.6835174560547,41.526031494140625,-3.2007052071116324,5.7709322220771355,0.78,False,False,0.0,False,False,-1.0,-1.0,-0.00192630564182935,0.00192630564182935,4.312904250978432
2017-12-26 00:00:00-05:00,138.8023223876953,41.436580657958984,-3.1961649592495527,6.36417525760902,1.229,False,False,0.0,False,False,-1.0,-1.0,0.0021871479450930285,-0.0021871479450930285,4.310717103033339
2017-12-27 00:00:00-05:00,138.59214782714844,41.47723388671875,-3.191597657222544,6.213505326225345,1.182,False,False,0.0,False,False,-1.0,-1.0,-0.0005560375389585524,0.0005560375389585524,4.311273140572298
2017-12-28 00:00:00-05:00,138.84893798828125,41.74556350708008,-3.1864612187609653,5.828318817647585,0.928,False,False,0.0,False,False,-1.0,-1.0,-0.0014168063265450818,0.0014168063265450818,4.312689946898843
2017-12-29 00:00:00-05:00,138.20693969726562,41.87565994262695,-3.1799752269839754,5.043378466106702,0.426,False,False,0.0,False,False,-1.0,-1.0,-0.0028925043394746673,0.0028925043394746673,4.315582451238317
2018-01-02 00:00:00-05:00,134.81344604492188,41.4691162109375,-3.1705284736253505,3.334432322065936,-0.75,False,False,0.0,False,True,0.0,0.0,-0.0064175536383233095,0.0064175536383233095,4.3220000048766405
2018-01-03 00:00:00-05:00,137.3356475830078,41.257686614990234,-3.1648427942518977,6.761555392052998,1.694,False,True,0.0,True,False,-1.0,-1.0,0.012792080918291919,0.0,4.3220000048766405
2018-01-04 00:00:00-05:00,138.7296905517578,40.04613494873047,-3.1679093052352183,11.867167008969275,3.821,False,False,0.0,False,False,-1.0,-1.0,0.019223498830047654,-0.019223498830047654,4.302776506046593
2018-01-05 00:00:00-05:00,139.61936950683594,40.3795280456543,-3.1738032238735308,11.462693217046677,2.999,False,False,0.0,False,False,-1.0,-1.0,-0.0015104928102112397,0.0015104928102112397,4.304286998856805
2018-01-08 00:00:00-05:00,138.8673095703125,40.50149917602539,-3.178889461431501,10.117520667468767,2.146,False,False,0.0,False,False,-1.0,-1.0,-0.005026482079256381,0.005026482079256381,4.309313480936061
2018-01-09 00:00:00-05:00,139.25247192382812,40.35512924194336,-3.184552689452624,10.739436563189173,2.155,False,False,0.0,False,False,-1.0,-1.0,0.002322613924502601,-0.002322613924502601,4.306990867011558
2018-01-10 00:00:00-05:00,140.8850860595703,40.16811752319336,-3.1931431417495584,12.622537073395193,2.51,False,False,0.0,False,False,-1.0,-1.0,0.006996533742107601,-0.006996533742107601,4.299994333269451
2018-01-11 00:00:00-05:00,141.93978881835938,40.655982971191406,-3.201692084496259,11.771849952081169,2.002,False,False,0.0,False,False,-1.0,-1.0,-0.0031262879909825206,0.0031262879909825206,4.303120621260433
2018-01-12 00:00:00-05:00,142.58177185058594,40.7372932434082,-3.210276843667386,11.803782677584707,1.841,False,False,0.0,False,False,-1.0,-1.0,0.00011681574999907242,-0.00011681574999907242,4.303003805510435
2018-01-16 00:00:00-05:00,139.94036865234375,40.290077209472656,-3.2167542816045835,10.337090282593323,1.297,False,False,0.0,False,False,-1.0,-1.0,-0.0054413910741185475,0.0054413910741185475,4.308445196584554
2018-01-17 00:00:00-05:00,141.7471923828125,40.87553024291992,-3.222003405214033,10.046094750195323,1.138,False,False,0.0,False,False,-1.0,-1.0,-0.0010641702399440136,0.0010641702399440136,4.309509366824497
2018-01-18 00:00:00-05:00,140.8391876220703,40.444576263427734,-3.22715044696208,10.318455256357566,1.148,False,False,0.0,False,False,-1.0,-1.0,0.0010036873027324947,-0.0010036873027324947,4.308505679521765
2018-01-19 00:00:00-05:00,141.14183044433594,40.49336242675781,-3.232178364608294,10.260060498326936,1.067,False,False,0.0,False,False,-1.0,-1.0,-0.0002146679844941231,0.0002146679844941231,4.308720347506259
2018-01-22 00:00:00-05:00,141.79306030273438,40.688507080078125,-3.23691698542021,10.08774062383904,0.958,False,False,0.0,False,False,-1.0,-1.0,-0.0006300581177097702,0.0006300581177097702,4.309350405623968
2018-01-23 00:00:00-05:00,144.79217529296875,41.24142837524414,-3.2429434792433165,11.04855406879048,1.171,False,False,0.0,False,False,-1.0,-1.0,0.003449515132222124,-0.003449515132222124,4.305900890491747
2018-01-24 00:00:00-05:00,145.846923828125,40.99749755859375,-3.2516260462162934,12.538392936912658,1.505,False,False,0.0,True,False,-1.0,-1.0,0.0053369505876933706,-0.0053369505876933706,4.300563939904054
2018-01-25 00:00:00-05:00,146.901611328125,41.566673278808594,-3.25973506854992,11.405268758235735,1.113,False,False,0.0,False,False,-1.0,-1.0,-0.004012508458493085,0.004012508458493085,4.304576448362546
2018-01-26 00:00:00-05:00,150.3593292236328,41.63172149658203,-3.2716018568218055,14.156911872726766,1.779,False,False,0.0,True,False,-1.0,-1.0,0.009602269484267291,-0.009602269484267291,4.294974178878279
2018-01-29 00:00:00-05:00,148.3140869140625,41.2170295715332,-3.283227578544114,12.989198719136397,1.366,False,False,0.0,False,False,-1.0,-1.0,-0.004116899495711669,0.004116899495711669,4.299091078373991
2018-01-30 00:00:00-05:00,147.05752563476562,41.47723388671875,-3.291231958572931,10.546327913592734,0.622,False,False,0.0,False,False,-1.0,-1.0,-0.008614739935466527,0.008614739935466527,4.307705818309457
2018-01-31 00:00:00-05:00,147.17677307128906,42.176509857177734,-3.294457503527376,8.228053699713541,-0.111,False,False,0.0,False,False,-1.0,-1.0,-0.008102298729436422,0.008102298729436422,4.315808117038893
2018-02-01 00:00:00-05:00,150.34097290039062,41.200775146484375,-3.3044133293802567,14.19658232554886,1.613,False,True,0.0,True,False,-1.0,-1.0,0.02083362498325789,-0.02083362498325789,4.294974492055635
2018-02-02 00:00:00-05:00,148.2681884765625,40.688507080078125,-3.3157662866314306,13.35460844707518,1.313,False,False,0.0,False,False,-1.0,-1.0,-0.002973263013772347,0.002973263013772347,4.2979477550694085
2018-02-05 00:00:00-05:00,144.45278930664062,39.712764739990234,-3.3262041409220227,12.36002678102301,0.95,False,False,0.0,False,False,-1.0,-1.0,-0.0035964478888289787,0.0035964478888289787,4.301544202958237
2018-02-06 00:00:00-05:00,145.2782440185547,38.72889709472656,-3.3412905377321556,15.873746619142452,1.941,False,False,0.0,True,False,-1.0,-1.0,0.01279192067175725,-0.01279192067175725,4.28875228228648
2018-02-07 00:00:00-05:00,144.34275817871094,38.78580856323242,-3.355839680870047,14.183802747586299,1.326,False,False,0.0,False,False,-1.0,-1.0,-0.006156405544186013,0.006156405544186013,4.294908687830667
2018-02-08 00:00:00-05:00,139.73858642578125,37.9970817565918,-3.3667753162483196,11.810949478218646,0.525,False,False,0.0,False,False,-1.0,-1.0,-0.008864970856102267,0.008864970856102267,4.303773658686769
2018-02-09 00:00:00-05:00,139.53680419921875,38.41176986694336,-3.373659541481647,9.94857028240807,-0.111,False,False,0.0,False,False,-1.0,-1.0,-0.006920126082834542,0.006920126082834542,4.310693784769603
2018-02-12 00:00:00-05:00,141.3803253173828,38.72075271606445,-3.3797548795795733,10.513672384269967,0.036,False,False,0.0,False,False,-1.0,-1.0,0.0020756965072425645,-0.0020756965072425645,4.30861808826236
2018-02-13 00:00:00-05:00,142.44422912597656,39.06227493286133,-3.3851169789880795,10.213859012847223,-0.115,False,False,0.0,False,False,-1.0,-1.0,-0.001091522012786316,0.001091522012786316,4.309709610275147
2018-02-14 00:00:00-05:00,146.05780029296875,38.72075271606445,-3.3964516879271094,14.544634372683447,1.341,False,True,0.0,False,False,-1.0,-1.0,0.015602407625403254,-0.015602407625403254,4.2941072026497435
2018-02-15 00:00:00-05:00,146.3971405029297,39.5257453918457,-3.4062149846947913,11.763954267993768,0.305,False,False,0.0,False,False,-1.0,-1.0,-0.009894590868420376,0.009894590868420376,4.3040017935181645
2018-02-16 00:00:00-05:00,146.03945922851562,40.192508697509766,-3.411228451303174,8.933630030320046,-0.82,False,False,0.0,False,True,0.0,0.0,-0.009996013895906014,0.009996013895906014,4.31399780741407
2018-02-20 00:00:00-05:00,146.42469787597656,40.078670501708984,-3.4152056828751975,9.54779461645748,-0.688,False,False,0.0,False,False,0.0,0.0,0.002167882509932218,0.0,4.31399780741407
2018-02-21 00:00:00-05:00,144.5170135498047,39.460693359375,-3.41884037875393,9.607201719146389,-0.905,False,False,0.0,False,False,0.0,0.0,0.00021260343421939003,0.0,4.31399780741407
2018-02-22 00:00:00-05:00,143.56320190429688,39.98922348022461,-3.4183412781678015,6.866388599968019,-2.338,True,False,1.0,False,False,0.0,1.0,-0.009779536753175819,-0.0,4.31399780741407
2018-02-23 00:00:00-05:00,146.70904541015625,41.08694076538086,-3.41544458323397,6.378876131381219,-2.295,False,False,1.0,False,False,0.0,1.0,-0.0016984176504075404,-0.0016984176504075404,4.312299389763663
2018-02-26 00:00:00-05:00,147.85548400878906,40.89991760253906,-3.4142764096124507,8.211860183346914,-1.337,False,False,1.0,False,False,0.0,1.0,0.006375616487208627,0.006375616487208627,4.318675006250871
2018-02-27 00:00:00-05:00,147.67202758789062,39.6721076965332,-3.4193623500444685,12.01871618345561,0.401,False,True,0.0,False,False,0.0,0.0,0.013436341464015013,0.013436341464015013,4.332111347714886
2018-02-28 00:00:00-05:00,144.81968688964844,39.3793830871582,-3.423980797610253,9.98543537748077,-0.529,False,False,0.0,False,True,0.0,0.0,-0.007270703275608279,-0.0,4.332111347714886
2018-03-01 00:00:00-05:00,142.15074157714844,39.26554489135742,-3.4250392016048785,7.664711051873098,-1.491,False,False,0.0,False,False,0.0,0.0,-0.008389066673856471,-0.0,4.332111347714886
2018-03-02 00:00:00-05:00,142.08653259277344,38.78580856323242,-3.426857600680403,9.173089719325361,-0.774,False,False,0.0,False,False,0.0,0.0,0.005485013825528644,0.0,4.332111347714886
2018-03-05 00:00:00-05:00,143.92086791992188,39.086666107177734,-3.429978729400801,9.85443456911105,-0.444,False,False,0.0,False,False,0.0,0.0,0.002450992713232337,0.0,4.332111347714886
2018-03-06 00:00:00-05:00,144.38861083984375,38.371116638183594,-3.4374448616002455,12.490013118055856,0.696,False,True,0.0,False,False,0.0,0.0,0.009539270973367866,0.0,4.332111347714886
2018-03-07 00:00:00-05:00,145.69097900390625,38.075565338134766,-3.44937407943056,14.354110866879495,1.421,False,False,0.0,False,False,0.0,0.0,0.0067289182949009175,0.0,4.332111347714886
2018-03-08 00:00:00-05:00,146.35130310058594,38.445003509521484,-3.461583438276257,13.270715667553787,0.908,False,False,0.0,False,False,0.0,0.0,-0.0038771351303417724,-0.0,4.332111347714886
2018-03-09 00:00:00-05:00,150.54269409179688,38.625606536865234,-3.4781976852028174,16.195198845717414,1.952,False,False,0.0,True,False,-1.0,-1.0,0.010265299710602615,0.0,4.332111347714886
2018-03-12 00:00:00-04:00,149.4604949951172,39.06072235107422,-3.4920670324746577,13.057834208284902,0.663,False,False,0.0,False,False,-1.0,-1.0,-0.01097505772946,0.01097505772946,4.343086405444346
2018-03-13 00:00:00-04:00,148.93772888183594,38.90473175048828,-3.504146933983363,12.609832400917242,0.465,False,False,0.0,False,False,-1.0,-1.0,-0.0015704724563219427,0.0015704724563219427,4.344656877900668
2018-03-14 00:00:00-04:00,148.1489715576172,39.774940490722656,-3.509578632456161,8.555690304161573,-1.079,False,False,0.0,False,True,0.0,0.0,-0.014089491748775445,0.014089491748775445,4.3587463696494435
2018-03-15 00:00:00-04:00,148.8368377685547,39.93912887573242,-3.5122828932063177,8.559318648757227,-1.027,False,False,0.0,False,False,0.0,0.0,1.2549859628919649e-05,0.0,4.3587463696494435
2018-03-16 00:00:00-04:00,149.3137664794922,40.46453094482422,-3.511876505638977,7.207330942662651,-1.448,False,False,0.0,False,False,0.0,0.0,-0.004639306735566859,-0.0,4.3587463696494435
2018-03-19 00:00:00-04:00,145.99359130859375,40.472740173339844,-3.5056299756014337,4.111140162205231,-2.32,True,False,1.0,False,False,0.0,1.0,-0.010755291597221392,-0.0,4.3587463696494435
2018-03-20 00:00:00-04:00,146.3238067626953,40.21003723144531,-3.499250903507175,5.618797650503154,-1.667,False,False,1.0,False,False,0.0,1.0,0.00525263459594626,0.00525263459594626,4.36399900424539
2018-03-21 00:00:00-04:00,145.04893493652344,39.72568130493164,-3.493772702895506,6.256433989426938,-1.404,False,False,1.0,False,False,0.0,1.0,0.0022464526257019992,0.0022464526257019992,4.366245456871091
2018-03-22 00:00:00-04:00,141.84808349609375,39.618961334228516,-3.4850230261650132,3.7750909735660514,-2.018,True,False,1.0,False,False,0.0,1.0,-0.008864437973565871,-0.008864437973565871,4.3573810188975255
2018-03-23 00:00:00-04:00,138.95901489257812,39.32341384887695,-3.4729382323151254,2.3912275116632884,-2.197,False,False,1.0,False,False,0.0,1.0,-0.005022609236139265,-0.005022609236139265,4.352358409661386
2018-03-26 00:00:00-04:00,141.3711700439453,39.75851821899414,-3.461462411662796,3.7485536854866552,-1.664,False,False,1.0,False,False,0.0,1.0,0.004865076714882964,0.004865076714882964,4.357223486376269
2018-03-27 00:00:00-04:00,138.83975219726562,40.489158630371094,-3.4438144224517497,-0.5973962469430774,-2.571,False,False,1.0,False,False,0.0,1.0,-0.015617357827443093,-0.015617357827443093,4.341606128548826
2018-03-28 00:00:00-04:00,139.30935668945312,40.522003173828125,-3.4253093731960194,0.5089593974608135,-2.079,False,False,1.0,False,False,0.0,1.0,0.0039781260044468025,0.0039781260044468025,4.345584254553273
2018-03-29 00:00:00-04:00,140.1381378173828,41.244441986083984,-3.4052184139357617,-0.3081955061356325,-2.062,False,False,1.0,False,False,0.0,1.0,-0.002912331178820281,-0.002912331178820281,4.3426719233744535
2018-04-02 00:00:00-04:00,137.19154357910156,40.9406852722168,-3.3830810530223228,-1.3141130630851308,-2.071,False,False,1.0,False,False,0.0,1.0,-0.0036486317457779726,-0.0036486317457779726,4.339023291628675
2018-04-03 00:00:00-04:00,136.4824981689453,41.293697357177734,-3.35879289986584,-2.2144793235520694,-2.048,False,False,1.0,False,False,0.0,1.0,-0.003271923744686077,-0.003271923744686077,4.335751367883989
2018-04-04 00:00:00-04:00,137.15467834472656,41.35114669799805,-3.3357832351235994,-0.7837835635918964,-1.623,False,False,1.0,False,False,0.0,1.0,0.005200768578395464,0.005200768578395464,4.340952136462384
2018-04-05 00:00:00-04:00,136.74032592773438,41.64670181274414,-3.3126560730099883,-1.220873753088597,-1.602,False,False,1.0,False,False,0.0,1.0,-0.0015911458392100192,-0.0015911458392100192,4.339360990623175
2018-04-06 00:00:00-04:00,134.576416015625,41.1295051574707,-3.2902668248552267,-0.7506303267128089,-1.412,False,False,1.0,False,False,0.0,1.0,0.0017422652613182186,0.0017422652613182186,4.341103255884493
2018-04-09 00:00:00-04:00,134.43829345703125,41.30189895629883,-3.268458570587811,-0.5552521682354268,-1.29,False,False,1.0,False,False,0.0,1.0,0.000725148739446877,0.000725148739446877,4.34182840462394
2018-04-10 00:00:00-04:00,135.3775634765625,40.92426300048828,-3.251141200246866,2.3270059459366337,-0.706,False,False,1.0,False,False,0.0,1.0,0.010737541593471405,0.010737541593471405,4.352565946217412
2018-04-11 00:00:00-04:00,135.3867645263672,40.932472229003906,-3.2364601449112707,2.9104495245086355,-0.561,False,False,1.0,False,False,0.0,1.0,0.002178141084615292,0.002178141084615292,4.354744087302027
2018-04-12 00:00:00-04:00,136.1786346435547,40.58768081665039,-3.226226041603772,5.233601824575345,-0.115,False,False,1.0,False,False,0.0,1.0,0.008696916758199825,0.008696916758199825,4.363441004060227
2018-04-13 00:00:00-04:00,138.1952362060547,40.948890686035156,-3.219385194508118,6.364983799901722,0.098,False,False,1.0,False,False,0.0,1.0,0.004189908075497241,0.004189908075497241,4.3676309121357235
2018-04-16 00:00:00-04:00,140.07366943359375,41.38399124145508,-3.214856780042595,7.030064605778506,0.23,False,True,0.0,False,False,0.0,0.0,0.0024351473471436826,0.0024351473471436826,4.370066059482868
2018-04-17 00:00:00-04:00,140.8287353515625,41.761634826660156,-3.210824892278842,6.739438707863059,0.209,False,False,0.0,False,False,0.0,0.0,-0.001057136542867643,-0.0,4.370066059482868
2018-04-18 00:00:00-04:00,140.57089233398438,41.41683578491211,-3.208384441941531,7.689760767225096,0.408,False,False,0.0,False,False,0.0,0.0,0.003475278938535048,0.0,4.370066059482868
2018-04-19 00:00:00-04:00,140.59848022460938,41.0720329284668,-3.208230879286663,8.829915908423573,0.621,False,False,0.0,False,False,0.0,0.0,0.004186098002865043,0.0,4.370066059482868
2018-04-20 00:00:00-04:00,139.41990661621094,40.6451416015625,-3.2091971153634073,8.981635434939335,0.652,False,False,0.0,False,False,0.0,0.0,0.0005622194878586253,0.0,4.370066059482868
2018-04-23 00:00:00-04:00,139.09759521484375,40.538421630859375,-3.210554143484454,8.946797677568384,0.653,False,False,0.0,False,False,0.0,0.0,-0.000129388914878405,-0.0,4.370066059482868
2018-04-24 00:00:00-04:00,137.78085327148438,40.98994064331055,-3.2082023757187312,6.2768283190457055,0.174,False,False,0.0,False,False,0.0,0.0,-0.009915036359013345,-0.0,4.370066059482868
2018-04-25 00:00:00-04:00,137.5229949951172,41.3265380859375,-3.202762011776815,5.163928735228836,0.006,False,False,0.0,False,False,0.0,0.0,-0.004123651563359431,-0.0,4.370066059482868
2018-04-26 00:00:00-04:00,138.0754852294922,42.0079231262207,-3.194234782305367,3.8923160473080145,-0.214,False,False,0.0,False,True,0.0,0.0,-0.004670605203234582,-0.0,4.370066059482868
2018-04-27 00:00:00-04:00,138.81214904785156,42.30345916748047,-3.184769996847216,4.08536152840847,-0.103,False,False,0.0,False,False,0.0,0.0,0.0007057330979019987,0.0,4.370066059482868
2018-04-30 00:00:00-04:00,136.74951171875,42.81245422363281,-3.1704595712680437,1.0143564559583638,-0.824,False,False,0.0,False,True,0.0,0.0,-0.011270377546264424,-0.0,4.370066059482868
2018-05-01 00:00:00-04:00,136.78634643554688,42.57438278198242,-3.156319636349861,2.4079860553003414,-0.411,False,False,0.0,False,False,0.0,0.0,0.005139421039363699,0.0,4.370066059482868
2018-05-02 00:00:00-04:00,134.98158264160156,42.24599075317383,-3.142048391658344,2.2426353415784774,-0.416,False,False,0.0,False,False,0.0,0.0,-0.0006176243329486834,-0.0,4.370066059482868
2018-05-03 00:00:00-04:00,135.78271484375,42.58257293701172,-3.128203625100875,2.5757558160675273,-0.276,False,False,0.0,False,False,0.0,0.0,0.001238413615268628,0.0,4.370066059482868
2018-05-04 00:00:00-04:00,137.11785888671875,42.771392822265625,-3.1163492461646936,3.827261107637298,0.135,False,False,0.0,False,False,0.0,0.0,0.00462820322633813,0.0,4.370066059482868
2018-05-07 00:00:00-04:00,139.33700561523438,42.590797424316406,-3.1097238645713348,6.891386453714318,1.038,False,True,0.0,False,False,0.0,0.0,0.011274176738096962,0.0,4.370066059482868
2018-05-08 00:00:00-04:00,141.1970672607422,41.93403625488281,-3.1107018115087803,10.752784718803355,2.033,False,False,0.0,True,False,-1.0,-1.0,0.01421506065955694,0.0,4.370066059482868
2018-05-09 00:00:00-04:00,140.15655517578125,41.51534652709961,-3.1147477620288355,10.846722490646158,1.918,False,False,0.0,False,False,-1.0,-1.0,0.00034860663917493434,-0.00034860663917493434,4.369717452843693
2018-05-10 00:00:00-04:00,143.29649353027344,41.97507858276367,-3.1220081330910494,12.249956807749328,2.075,False,False,0.0,False,False,-1.0,-1.0,0.0051148896176080655,-0.0051148896176080655,4.364602563226084
2018-05-11 00:00:00-04:00,143.06634521484375,41.99150848388672,-3.1296503596156833,11.647605587442655,1.767,False,False,0.0,False,False,-1.0,-1.0,-0.0021944770538365062,0.0021944770538365062,4.366797040279922
2018-05-14 00:00:00-04:00,142.1915283203125,41.77806091308594,-3.136711883209451,11.14578819678755,1.535,False,False,0.0,False,False,-1.0,-1.0,-0.0018365627555607465,0.0018365627555607465,4.368633603035482
2018-05-15 00:00:00-04:00,141.75875854492188,41.244441986083984,-3.1448322721799666,12.051906339030552,1.624,False,False,0.0,False,False,-1.0,-1.0,0.003337874509175885,-0.003337874509175885,4.365295728526306
2018-05-16 00:00:00-04:00,141.1049346923828,40.9406852722168,-3.1532960502608365,12.006833528529597,1.505,False,False,0.0,False,False,-1.0,-1.0,-0.00016681089595505495,0.00016681089595505495,4.365462539422261
2018-05-17 00:00:00-04:00,141.93373107910156,40.68619155883789,-3.1636254159805923,13.217861384106982,1.65,False,False,0.0,False,False,-1.0,-1.0,0.004474522970341259,-0.004474522970341259,4.36098801645192
2018-05-18 00:00:00-04:00,142.0902557373047,40.82575225830078,-3.1737043327706562,12.52138890651409,1.417,False,False,0.0,False,False,-1.0,-1.0,-0.002563773566699607,0.002563773566699607,4.363551790018619
2018-05-21 00:00:00-04:00,143.29649353027344,41.09666442871094,-3.183617690501526,12.460425634424496,1.341,False,False,0.0,False,False,-1.0,-1.0,-0.00022238610317739968,0.00022238610317739968,4.3637741761217965
2018-05-22 00:00:00-04:00,143.53590393066406,41.49072265625,-3.1915524397184765,11.116086811426698,0.99,False,False,0.0,False,False,-1.0,-1.0,-0.004871574388395086,0.004871574388395086,4.368645750510192
2018-05-23 00:00:00-04:00,144.31857299804688,42.15568542480469,-3.1964953562988128,9.56812029606516,0.592,False,False,0.0,False,False,-1.0,-1.0,-0.00554689475651607,0.00554689475651607,4.374192645266708
2018-05-24 00:00:00-04:00,144.1620635986328,42.6318359375,-3.197761273655446,7.835629612862789,0.121,False,False,0.0,False,False,-1.0,-1.0,-0.006176690659769538,0.006176690659769538,4.380369335926478
2018-05-25 00:00:00-04:00,142.96499633789062,43.01768493652344,-3.1942853888101643,5.554233884714705,-0.54,False,False,0.0,False,True,0.0,0.0,-0.008136922171820707,0.008136922171820707,4.388506258098298
2018-05-29 00:00:00-04:00,138.81214904785156,43.20649719238281,-3.1828026596629977,1.2943948692137042,-1.669,True,False,1.0,False,False,0.0,1.0,-0.01541577283443512,-0.0,4.388506258098298
2018-05-30 00:00:00-04:00,140.79188537597656,43.255760192871094,-3.1715685099528237,3.6032784741957187,-1.061,False,False,1.0,False,False,0.0,1.0,0.008305919548753744,0.008305919548753744,4.3968121776470515
2018-05-31 00:00:00-04:00,139.1804962158203,43.493839263916016,-3.157884441520243,1.831977902317675,-1.47,False,False,1.0,False,False,0.0,1.0,-0.006405478191476419,-0.006405478191476419,4.390406699455575
2018-06-01 00:00:00-04:00,139.70529174804688,43.14082717895508,-3.1463766030727007,3.9680024749797553,-0.881,False,False,1.0,False,False,0.0,1.0,0.007754881488343096,0.007754881488343096,4.398161580943918
2018-06-04 00:00:00-04:00,140.6353759765625,42.91096115112305,-3.1385800389647347,5.955889854856508,-0.356,False,False,1.0,False,False,0.0,1.0,0.0072204143456927284,0.0072204143456927284,4.405381995289611
2018-06-05 00:00:00-04:00,141.01290893554688,42.66468811035156,-3.13413715391158,7.295924768844401,-0.013,False,False,1.0,False,False,0.0,1.0,0.004877645089350203,0.004877645089350203,4.4102596403789605
2018-06-06 00:00:00-04:00,142.64268493652344,41.8847770690918,-3.1366510148068127,11.26475643779952,0.974,False,True,0.0,False,False,0.0,0.0,0.014483697482463217,0.014483697482463217,4.424743337861424
2018-06-07 00:00:00-04:00,143.5451202392578,42.09184265136719,-3.14187865776563,11.297658146898158,0.952,False,False,0.0,False,False,0.0,0.0,0.00011929874552998953,0.0,4.424743337861424
2018-06-08 00:00:00-04:00,145.6077423095703,42.14981460571289,-3.1503273172436552,12.822029940437375,1.277,False,False,0.0,False,False,0.0,0.0,0.005475602130439848,0.0,4.424743337861424
2018-06-11 00:00:00-04:00,145.03680419921875,42.083553314208984,-3.1589775425251503,12.095804369972711,1.058,False,False,0.0,False,False,0.0,0.0,-0.002612530784617243,-0.0,4.424743337861424
2018-06-12 00:00:00-04:00,144.81581115722656,43.011199951171875,-3.1629779565147924,8.772333828419818,0.235,False,False,0.0,False,False,0.0,0.0,-0.01183322281939828,-0.0,4.424743337861424
2018-06-13 00:00:00-04:00,144.56724548339844,42.886962890625,-3.1652432008888987,8.819577787073143,0.222,False,False,0.0,False,False,0.0,0.0,0.00016853886979261465,0.0,4.424743337861424
2018-06-14 00:00:00-04:00,143.68325805664062,43.25139236450195,-3.1639994779382117,6.8358751952556815,-0.287,False,False,0.0,False,True,0.0,0.0,-0.0070712510595130436,-0.0,4.424743337861424
2018-06-15 00:00:00-04:00,142.61508178710938,43.508155822753906,-3.1590217364193593,5.171871831509264,-0.712,False,False,0.0,False,False,0.0,0.0,-0.005941632198753618,-0.0,4.424743337861424
2018-06-18 00:00:00-04:00,142.70716857910156,43.773193359375,-3.1519873981149535,4.734614735102383,-0.88,False,False,0.0,False,False,0.0,0.0,-0.0015578506798854302,-0.0,4.424743337861424
2018-06-19 00:00:00-04:00,141.76797485351562,43.7814826965332,-3.143338689414652,4.147946413564682,-1.064,False,False,0.0,False,False,0.0,0.0,-0.002099833617127325,-0.0,4.424743337861424
2018-06-20 00:00:00-04:00,141.29833984375,43.94712448120117,-3.133296677680462,3.5989607131926675,-1.238,False,False,0.0,False,False,0.0,0.0,-0.001967706769755241,-0.0,4.424743337861424
2018-06-21 00:00:00-04:00,140.3314971923828,43.996822357177734,-3.121854306919352,2.979827825861861,-1.413,False,False,0.0,False,False,0.0,0.0,-0.002229637809893934,-0.0,4.424743337861424
2018-06-22 00:00:00-04:00,141.9521026611328,44.17903137207031,-3.1120126733698235,4.466397134046986,-1.025,False,False,0.0,False,False,0.0,0.0,0.005319857458886982,0.0,4.424743337861424
2018-06-25 00:00:00-04:00,141.399658203125,44.92446517944336,-3.09946823132855,2.157705570014656,-1.552,True,False,1.0,False,False,0.0,1.0,-0.008226476313163466,-0.0,4.424743337861424
2018-06-26 00:00:00-04:00,140.35910034179688,44.493770599365234,-3.0871557242752434,2.9999017413769593,-1.251,False,False,1.0,False,False,0.0,1.0,0.0030325555592486697,0.0030325555592486697,4.427775893420673
2018-06-27 00:00:00-04:00,138.42544555664062,44.77538299560547,-3.0719163211927194,0.8792157447852276,-1.658,True,False,1.0,False,False,0.0,1.0,-0.007684433533840199,-0.007684433533840199,4.420091459886832
2018-06-28 00:00:00-04:00,139.9138641357422,44.883056640625,-3.058126839220434,2.6557839967959467,-1.15,False,False,1.0,False,False,0.0,1.0,0.0064096251035063966,0.0064096251035063966,4.426501084990338
2018-06-29 00:00:00-04:00,140.15426635742188,44.841636657714844,-3.0461889846607755,3.5581667165300814,-0.874,False,False,1.0,False,False,0.0,1.0,0.003260637854909407,0.003260637854909407,4.429761722845248
2018-07-02 00:00:00-04:00,140.6442413330078,44.659420013427734,-3.0370279743464126,5.012333434141738,-0.474,False,False,1.0,False,False,0.0,1.0,0.005263453691730728,0.005263453691730728,4.435025176536978
2018-07-03 00:00:00-04:00,140.80140686035156,44.303279876708984,-3.031045734293029,6.516139374862604,-0.057,False,False,1.0,False,False,0.0,1.0,0.005466662259438541,0.005466662259438541,4.440491838796417
2018-07-05 00:00:00-04:00,142.2435760498047,44.245296478271484,-3.028679089394573,8.238771802000514,0.428,False,True,0.0,False,False,0.0,0.0,0.0062358100535542605,0.0062358100535542605,4.446727648849972
2018-07-06 00:00:00-04:00,144.1573028564453,44.12105941772461,-3.03075651895665,10.43711440290275,1.067,False,False,0.0,False,False,0.0,0.0,0.007911193492278446,0.0,4.446727648849972
2018-07-09 00:00:00-04:00,146.7181854248047,42.56393814086914,-3.043880383719383,17.15864906396783,2.65,False,False,0.0,True,False,-1.0,-1.0,0.02432890577503815,0.0,4.446727648849972
2018-07-10 00:00:00-04:00,145.9970703125,43.102294921875,-3.057050646481724,14.231171756736103,1.855,False,False,0.0,False,False,-1.0,-1.0,-0.01053948018758453,0.01053948018758453,4.457267129037556
2018-07-11 00:00:00-04:00,145.0633544921875,43.582698822021484,-3.06632289296804,11.424727356891793,1.156,False,False,0.0,False,False,-1.0,-1.0,-0.010069696610896154,0.010069696610896154,4.467336825648452
2018-07-12 00:00:00-04:00,145.78443908691406,43.34250259399414,-3.0756103250159903,12.47979059679335,1.364,False,False,0.0,False,False,-1.0,-1.0,0.003780381558667485,-0.003780381558667485,4.463556444089784
2018-07-13 00:00:00-04:00,146.1079864501953,43.102294921875,-3.0857779714579445,13.103874260989812,1.43,False,False,0.0,False,False,-1.0,-1.0,0.002235960631010652,-0.002235960631010652,4.461320483458774
2018-07-16 00:00:00-04:00,145.66429138183594,42.911808013916016,-3.095870209515727,12.814903315095108,1.281,False,False,0.0,False,False,-1.0,-1.0,-0.0010375466887904076,0.0010375466887904076,4.4623580301475645
2018-07-17 00:00:00-04:00,145.39613342285156,42.85382843017578,-3.1052520034840305,12.324196833087314,1.106,False,False,0.0,False,False,-1.0,-1.0,-0.0017621642653161769,0.0017621642653161769,4.464120194412881
2018-07-18 00:00:00-04:00,146.79217529296875,42.86211013793945,-3.115675733556715,13.247738847155546,1.239,False,False,0.0,False,False,-1.0,-1.0,0.003294403853781289,-0.003294403853781289,4.460825790559099
2018-07-19 00:00:00-04:00,146.8476104736328,43.209983825683594,-3.1245233322224824,11.837007825328357,0.866,False,False,0.0,False,False,-1.0,-1.0,-0.005005108796375147,0.005005108796375147,4.465830899355474
2018-07-20 00:00:00-04:00,147.56871032714844,42.539100646972656,-3.136035227269455,14.16459216188133,1.318,False,False,0.0,False,False,-1.0,-1.0,0.008284019309062134,-0.008284019309062134,4.457546880046412
2018-07-23 00:00:00-04:00,148.46551513671875,42.265777587890625,-3.150178733968848,15.320761404688568,1.474,False,False,0.0,False,False,-1.0,-1.0,0.004105564926491006,-0.004105564926491006,4.453441315119921
2018-07-24 00:00:00-04:00,149.2698211669922,42.373443603515625,-3.1651048683102414,15.153428530435434,1.348,False,False,0.0,False,False,-1.0,-1.0,-0.000590476410292611,0.000590476410292611,4.454031791530214
2018-07-25 00:00:00-04:00,150.7305145263672,42.6053581237793,-3.180457758156786,15.225972742545082,1.307,False,False,0.0,False,False,-1.0,-1.0,0.0002534427929436866,-0.0002534427929436866,4.45377834873727
2018-07-26 00:00:00-04:00,149.97242736816406,42.903533935546875,-3.192832316310817,12.988637734812187,0.82,False,False,0.0,False,False,-1.0,-1.0,-0.00779678179170126,0.00779678179170126,4.4615751305289715
2018-07-27 00:00:00-04:00,148.49325561523438,42.597068786621094,-3.202758473009832,12.065132633501037,0.633,False,False,0.0,False,False,-1.0,-1.0,-0.00324126292614035,0.00324126292614035,4.464816393455112
2018-07-30 00:00:00-04:00,147.5132293701172,42.249202728271484,-3.2114248056852364,11.83309170812177,0.587,False,False,0.0,False,False,-1.0,-1.0,-0.000819372741004043,0.000819372741004043,4.465635766196116
2018-07-31 00:00:00-04:00,147.3838348388672,42.70474624633789,-3.217042172403564,10.000865202605382,0.194,False,False,0.0,False,False,-1.0,-1.0,-0.00643412952887355,0.00643412952887355,4.47206989572499
2018-08-01 00:00:00-04:00,147.1342010498047,41.859928131103516,-3.2245308738097562,12.155570415603876,0.622,False,True,0.0,False,False,-1.0,-1.0,0.0076377426724495035,-0.0076377426724495035,4.46443215305254
2018-08-02 00:00:00-04:00,134.7274169921875,42.40657043457031,-3.213355509914454,-1.5399697703144,-2.045,True,False,1.0,False,True,0.0,1.0,-0.05053801768950443,0.05053801768950443,4.514970170742044
2018-08-03 00:00:00-04:00,137.58409118652344,42.597068786621094,-3.199088488485875,1.31229878800292,-1.43,False,False,1.0,False,False,0.0,1.0,0.010415217379952943,0.010415217379952943,4.525385388121997
2018-08-06 00:00:00-04:00,138.1203155517578,42.57223129272461,-3.1853463068880843,2.513015827492154,-1.174,False,False,1.0,False,False,0.0,1.0,0.00438653965650651,0.00438653965650651,4.529771927778503
2018-08-07 00:00:00-04:00,139.74746704101562,42.671607971191406,-3.17432690209585,4.293833902375042,-0.84,False,False,1.0,False,False,0.0,1.0,0.006470970042344807,0.006470970042344807,4.536242897820848
2018-08-08 00:00:00-04:00,140.08030700683594,42.472835540771484,-3.1662119207801633,5.602308808309857,-0.61,False,False,1.0,False,False,0.0,1.0,0.004765745130004764,0.004765745130004764,4.541008642950853
2018-08-09 00:00:00-04:00,140.16346740722656,43.052616119384766,-3.1572402438814806,4.23601519072443,-0.883,False,False,1.0,False,False,0.0,1.0,-0.004948708995744895,-0.004948708995744895,4.536059933955109
2018-08-10 00:00:00-04:00,138.4254150390625,42.50596237182617,-3.1484782382142797,4.596317517012778,-0.816,False,False,1.0,False,False,0.0,1.0,0.0013234025871562815,0.0013234025871562815,4.5373833365422644
2018-08-13 00:00:00-04:00,136.77981567382812,42.83726119995117,-3.1366749982004847,2.4132494765575814,-1.238,False,False,1.0,False,False,0.0,1.0,-0.008051252704869262,-0.008051252704869262,4.529332083837396
2018-08-14 00:00:00-04:00,136.02171325683594,43.094024658203125,-3.1223539806953524,1.4669138211117456,-1.395,False,False,1.0,False,False,0.0,1.0,-0.003497478942383666,-0.003497478942383666,4.525834604895012
2018-08-15 00:00:00-04:00,137.01097106933594,43.73178482055664,-3.106598095469476,1.1538916343137373,-1.459,False,False,1.0,False,False,0.0,1.0,-0.001147155873395331,-0.001147155873395331,4.5246874490216165
2018-08-16 00:00:00-04:00,137.88922119140625,44.560028076171875,-3.0889685969589133,0.2446937845038235,-1.588,True,False,1.0,False,False,0.0,1.0,-0.0032997694635781357,-0.0032997694635781357,4.521387679558037
2018-08-17 00:00:00-04:00,137.64881896972656,44.56831741333008,-3.0714101904961892,0.7612346931557852,-1.449,False,False,1.0,False,False,0.0,1.0,0.001881502425704006,0.001881502425704006,4.523269181983742
2018-08-20 00:00:00-04:00,136.85377502441406,44.36125183105469,-3.0547559457655673,1.3409772318960904,-1.297,False,False,1.0,False,False,0.0,1.0,0.0021285377744572655,0.0021285377744572655,4.5253977197582
2018-08-21 00:00:00-04:00,137.22354125976562,43.715213775634766,-3.0425898553429285,4.216075301871854,-0.763,False,False,1.0,False,False,0.0,1.0,0.01063940848083357,0.01063940848083357,4.536037128239032
2018-08-22 00:00:00-04:00,136.54869079589844,43.3342170715332,-3.0333783778072436,5.099613711904084,-0.586,False,False,1.0,False,False,0.0,1.0,0.0032968125705740993,0.0032968125705740993,4.539333940809607
2018-08-23 00:00:00-04:00,135.49473571777344,43.40876770019531,-3.0240349550906087,4.225104834974644,-0.704,False,False,1.0,False,False,0.0,1.0,-0.0032782072361217827,-0.0032782072361217827,4.536055733573485
2018-08-24 00:00:00-04:00,135.88302612304688,43.69036865234375,-3.0145635276499676,4.175634274109939,-0.668,False,False,1.0,False,False,0.0,1.0,-0.00018487418660067536,-0.00018487418660067536,4.535870859386884
2018-08-27 00:00:00-04:00,136.576416015625,43.43360137939453,-3.0075652424660695,5.947026151831665,-0.306,False,False,1.0,False,False,0.0,1.0,0.006629316574509986,0.006629316574509986,4.542500175961393
2018-08-28 00:00:00-04:00,136.74285888671875,42.886962890625,-3.0042655901026367,7.899032010405364,0.077,False,False,1.0,False,False,0.0,1.0,0.007349788085067496,0.007349788085067496,4.549849964046461
2018-08-29 00:00:00-04:00,137.19580078125,43.27623748779297,-3.001505975540493,7.301915362729915,-0.007,False,False,1.0,False,False,0.0,1.0,-0.0022356409795203955,-0.0022356409795203955,4.5476143230669415
2018-08-30 00:00:00-04:00,135.62416076660156,43.32593536376953,-2.996804180286981,5.784816553613496,-0.259,False,False,1.0,False,True,0.0,1.0,-0.0057149053661182635,-0.0057149053661182635,4.541899417700822
2018-08-31 00:00:00-04:00,136.15113830566406,43.35906219482422,-2.9922537200751105,6.409823154233209,-0.104,False,False,1.0,False,False,0.0,1.0,0.002350599246023978,0.002350599246023978,4.5442500169468465
2018-09-04 00:00:00-04:00,136.53941345214844,43.673797607421875,-2.9872794128938573,6.073576976604073,-0.136,False,False,1.0,False,False,0.0,1.0,-0.0012593242182323892,-0.0012593242182323892,4.542990692728614
2018-09-05 00:00:00-04:00,136.58566284179688,43.839447021484375,-2.9818469346824568,5.86314212260973,-0.138,False,False,1.0,False,False,0.0,1.0,-0.000787236855942849,-0.000787236855942849,4.542203455872672
2018-09-06 00:00:00-04:00,138.2775115966797,44.340667724609375,-2.976831435026683,6.282818063989453,-0.018,False,False,1.0,False,False,0.0,1.0,0.00155278986671544,0.00155278986671544,4.543756245739386
2018-09-07 00:00:00-04:00,137.205078125,43.864505767822266,-2.9727319746460434,6.807659276948954,0.144,False,False,1.0,False,False,0.0,1.0,0.0019612717328730874,0.0019612717328730874,4.54571751747226
2018-09-10 00:00:00-04:00,136.992431640625,43.89792251586914,-2.9687807590730015,6.669123912235193,0.181,False,False,1.0,False,False,0.0,1.0,-0.0005182461947087975,-0.0005182461947087975,4.545199271277552
2018-09-11 00:00:00-04:00,137.12185668945312,44.07335662841797,-2.9645920211252483,6.462335284637646,0.208,False,True,0.0,False,False,0.0,0.0,-0.0007722293053729443,-0.0007722293053729443,4.544427041972178
2018-09-12 00:00:00-04:00,135.16192626953125,44.54114532470703,-2.9561042885074245,3.4936555601323676,-0.507,False,False,0.0,False,True,0.0,0.0,-0.011125726241320792,-0.0,4.544427041972178
2018-09-13 00:00:00-04:00,135.51324462890625,44.866947174072266,-2.945792832562387,3.3445132245689138,-0.505,False,False,0.0,False,False,0.0,0.0,-0.0005571624125523181,-0.0,4.544427041972178
2018-09-14 00:00:00-04:00,135.8553009033203,44.49938201904297,-2.9373753036322956,5.143915133684459,0.109,False,False,0.0,False,False,0.0,0.0,0.006750288010756517,0.0,4.544427041972178
2018-09-17 00:00:00-04:00,135.30984497070312,44.724937438964844,-2.9285161065059704,4.3321453182227,-0.092,False,False,0.0,False,False,0.0,0.0,-0.003048470842338768,-0.0,4.544427041972178
2018-09-18 00:00:00-04:00,135.06028747558594,44.34901428222656,-2.9211746571935993,5.509070882828723,0.398,False,True,0.0,False,False,0.0,0.0,0.0044477490453402576,0.0,4.544427041972178
2018-09-19 00:00:00-04:00,137.14964294433594,43.36330032348633,-2.9213873125305354,10.46864754985171,2.421,False,False,0.0,True,False,-1.0,-1.0,0.01879833478875085,0.0,4.544427041972178
2018-09-20 00:00:00-04:00,137.28826904296875,43.597198486328125,-2.9235059408408404,9.831600264171186,2.083,False,False,0.0,False,False,-1.0,-1.0,-0.0024062680515137993,0.0024062680515137993,4.546833310023692
2018-09-21 00:00:00-04:00,137.2698211669922,43.55543518066406,-2.9263091744963856,9.813151598632302,1.916,False,False,0.0,False,False,-1.0,-1.0,-6.968953310126787e-05,6.968953310126787e-05,4.546902999556794
2018-09-24 00:00:00-04:00,134.08950805664062,43.48025131225586,-2.9252725144647598,6.897923970878253,0.711,False,False,0.0,False,False,-1.0,-1.0,-0.011157438159226603,0.011157438159226603,4.55806043771602
2018-09-25 00:00:00-04:00,132.05560302734375,42.77854919433594,-2.922972907057838,7.015062729058911,0.721,False,False,0.0,False,False,-1.0,-1.0,0.00045562238571698356,-0.00045562238571698356,4.557604815330303
2018-09-26 00:00:00-04:00,130.31756591796875,42.3358154296875,-2.919771516496502,6.70665789871407,0.583,False,False,0.0,False,False,-1.0,-1.0,-0.0012145342566863358,0.0012145342566863358,4.55881934958699
2018-09-27 00:00:00-04:00,130.716796875,42.88714599609375,-2.9148179508408383,5.708573865254152,0.171,False,False,0.0,False,False,-1.0,-1.0,-0.0039029580832949003,0.0039029580832949003,4.562722307670285
2018-09-28 00:00:00-04:00,130.8560333251953,44.098419189453125,-2.9049983417232665,2.750198707216498,-0.968,False,False,0.0,False,True,0.0,0.0,-0.01142397983739765,0.01142397983739765,4.574146287507682
2018-10-01 00:00:00-04:00,131.60809326171875,44.01487350463867,-2.8953623464364675,4.169085833223818,-0.44,False,False,0.0,False,False,0.0,0.0,0.005477332586339665,0.0,4.574146287507682
2018-10-02 00:00:00-04:00,132.6758270263672,44.38243103027344,-2.88635937447726,4.572181160047023,-0.328,False,False,0.0,False,False,0.0,0.0,0.0015457325776138907,0.0,4.574146287507682
2018-10-03 00:00:00-04:00,132.62940979003906,43.44683837890625,-2.8816632977411616,7.430250230652817,0.805,False,True,0.0,False,False,0.0,0.0,0.011085152734693108,0.0,4.574146287507682
2018-10-04 00:00:00-04:00,132.46229553222656,43.6890983581543,-2.8775975333280845,6.7426538634736914,0.467,False,False,0.0,False,False,0.0,0.0,-0.0026632241381157203,-0.0,4.574146287507682
2018-10-05 00:00:00-04:00,131.60809326171875,44.031585693359375,-2.8715422986873747,5.169532464959445,-0.359,False,False,0.0,False,True,0.0,0.0,-0.006096267375579875,-0.0,4.574146287507682
2018-10-08 00:00:00-04:00,132.58297729492188,44.70821762084961,-2.8638458077671984,4.545535688708128,-0.788,False,False,0.0,False,False,0.0,0.0,-0.0023942743200333276,-0.0,4.574146287507682
2018-10-09 00:00:00-04:00,132.3880157470703,45.16767883300781,-2.8540210818260077,3.4785081405196934,-1.348,False,False,0.0,False,False,0.0,0.0,-0.004083573141045037,-0.0,4.574146287507682
2018-10-10 00:00:00-04:00,129.46336364746094,45.55192947387695,-2.8386959772944245,0.15528469196709693,-2.715,True,False,1.0,False,False,0.0,1.0,-0.012842311404707724,-0.0,4.574146287507682
2018-10-11 00:00:00-04:00,126.33448791503906,44.766693115234375,-2.821237690719013,0.03700600948849342,-2.464,False,False,1.0,False,False,0.0,1.0,-0.0004681857270978051,-0.0004681857270978051,4.573678101780585
2018-10-12 00:00:00-04:00,127.47650909423828,44.84187698364258,-2.8053137613099466,1.6809745090580037,-1.65,False,False,1.0,False,False,0.0,1.0,0.006490919707073469,0.006490919707073469,4.580169021487658
2018-10-15 00:00:00-04:00,128.10784912109375,44.6748161315918,-2.7923442862475296,3.360381556884434,-0.9,False,False,1.0,False,False,0.0,1.0,0.0066417707558689585,0.0066417707558689585,4.5868107922435275
2018-10-16 00:00:00-04:00,130.0482940673828,44.96718215942383,-2.782657230305552,4.920039504995273,-0.219,False,False,1.0,False,False,0.0,1.0,0.006112073999298855,0.006112073999298855,4.5929228662428265
2018-10-17 00:00:00-04:00,129.8254852294922,44.81682586669922,-2.7749593291312724,5.4606161886434705,0.032,False,False,1.0,False,False,0.0,1.0,0.002126660884516782,0.002126660884516782,4.595049527127343
2018-10-18 00:00:00-04:00,128.8041534423828,44.96718215942383,-2.76650936273559,4.4020229825,-0.4,False,False,1.0,False,True,0.0,1.0,-0.0041807540864668025,-0.0041807540864668025,4.590868773040876
2018-10-19 00:00:00-04:00,129.96473693847656,45.84430694580078,-2.756618351337209,3.58947910734625,-0.707,False,False,1.0,False,False,0.0,1.0,-0.003169789700136524,-0.003169789700136524,4.58769898334074
2018-10-22 00:00:00-04:00,129.89044189453125,45.677223205566406,-2.747360466138157,4.398644656589681,-0.344,False,False,1.0,False,False,0.0,1.0,0.003168448800480984,0.003168448800480984,4.59086743214122
2018-10-23 00:00:00-04:00,127.98714447021484,45.635475158691406,-2.7365319729725366,3.1042075966618654,-0.849,False,False,1.0,False,False,0.0,1.0,-0.005118980675962511,-0.005118980675962511,4.585748451465258
2018-10-24 00:00:00-04:00,125.19248962402344,47.0889778137207,-2.716848144998088,-2.7411123990397783,-2.783,True,False,1.0,False,False,0.0,1.0,-0.02309252261458413,-0.02309252261458413,4.562655928850674
2018-10-25 00:00:00-04:00,128.22853088378906,46.65460968017578,-2.70097750340656,2.215479707420357,-0.915,False,False,1.0,False,False,0.0,1.0,0.019495599682381317,0.019495599682381317,4.582151528533055
2018-10-26 00:00:00-04:00,129.0641632080078,45.4266357421875,-2.69289581348567,6.734965997132591,0.728,False,True,0.0,False,False,0.0,0.0,0.017977747233187305,0.017977747233187305,4.600129275766243
2018-10-29 00:00:00-04:00,130.3175506591797,46.13667678833008,-2.687071607047603,6.344996417725753,0.588,False,False,0.0,False,False,0.0,0.0,-0.0015335617544348504,-0.0,4.600129275766243
2018-10-30 00:00:00-04:00,131.078857421875,45.418270111083984,-2.6859100061591388,9.089471268075982,1.479,False,False,0.0,False,False,0.0,0.0,0.01084480143210683,0.0,4.600129275766243
2018-10-31 00:00:00-04:00,132.91725158691406,44.633033752441406,-2.691561231549359,12.784708292408766,2.434,False,False,0.0,True,False,-1.0,-1.0,0.014602805847222258,0.0,4.600129275766243
2018-11-01 00:00:00-04:00,132.86154174804688,44.5996208190918,-2.6992538453873927,12.47584374929373,2.104,False,False,0.0,False,False,-1.0,-1.0,-0.0012196166221746082,0.0012196166221746082,4.601348892388417
2018-11-02 00:00:00-04:00,141.48683166503906,44.25712203979492,-2.7196667915380273,21.122206564363097,3.537,False,False,0.0,False,False,-1.0,-1.0,0.03302010583353554,-0.03302010583353554,4.568328786554881
2018-11-05 00:00:00-05:00,143.39015197753906,44.44926452636719,-2.745095145335521,21.372691712474108,2.969,False,False,0.0,False,False,-1.0,-1.0,0.0009437752971532977,-0.0009437752971532977,4.567385011257727
2018-11-06 00:00:00-05:00,143.63153076171875,44.27384567260742,-2.7717231173776073,20.916689215744213,2.544,False,False,0.0,False,False,-1.0,-1.0,-0.0017120657314720368,0.0017120657314720368,4.5690970769892
2018-11-07 00:00:00-05:00,146.9740447998047,44.265480041503906,-2.801648768023622,22.95771717555104,2.548,False,False,0.0,False,False,-1.0,-1.0,0.007531736059659455,-0.007531736059659455,4.5615653409295405
2018-11-08 00:00:00-05:00,148.8773193359375,44.248775482177734,-2.833552181340969,23.496105046745996,2.346,False,False,0.0,False,False,-1.0,-1.0,0.00196306697946126,-0.00196306697946126,4.5596022739500786
2018-11-09 00:00:00-05:00,148.48736572265625,44.93376922607422,-2.8612916649340177,19.91874636202141,1.687,False,False,0.0,False,False,-1.0,-1.0,-0.01291204260990474,0.01291204260990474,4.5725143165599835
2018-11-12 00:00:00-05:00,147.16893005371094,44.925411224365234,-2.8842426701012567,17.5931420285508,1.285,False,False,0.0,False,False,-1.0,-1.0,-0.00840342807485063,0.00840342807485063,4.580917744634833
2018-11-13 00:00:00-05:00,148.5244903564453,44.6915168762207,-2.9068401433459172,18.613395033625437,1.338,False,False,0.0,False,False,-1.0,-1.0,0.0036642335159338558,-0.0036642335159338558,4.5772535111189
2018-11-14 00:00:00-05:00,148.35736083984375,45.03400802612305,-2.9264816738266464,16.566161652432555,1.011,False,False,0.0,False,False,-1.0,-1.0,-0.007307670548061043,0.007307670548061043,4.584561181666961
2018-11-15 00:00:00-05:00,148.9980010986328,45.46004104614258,-2.943150737704279,15.202247757611474,0.785,False,False,0.0,False,False,-1.0,-1.0,-0.004822998646217024,0.004822998646217024,4.5893841803131785
2018-11-16 00:00:00-05:00,147.493896484375,45.359806060791016,-2.9561919168950674,13.401604455536699,0.517,False,False,0.0,False,False,-1.0,-1.0,-0.006394643542647621,0.006394643542647621,4.5957788238558255
2018-11-19 00:00:00-05:00,148.79373168945312,45.57699203491211,-2.968070634369766,13.518000027725776,0.499,False,False,0.0,False,False,-1.0,-1.0,0.00040974334522251476,-0.00040974334522251476,4.5953690805106024
2018-11-20 00:00:00-05:00,145.16354370117188,44.75834655761719,-2.977238731090208,11.907260790275899,0.271,False,False,0.0,False,False,-1.0,-1.0,-0.005785289277168386,0.005785289277168386,4.601154369787771
2018-11-21 00:00:00-05:00,145.5162811279297,44.6915168762207,-2.985668089179249,12.082245333581682,0.274,False,False,0.0,False,False,-1.0,-1.0,0.0006272964491900461,-0.0006272964491900461,4.600527073338581
2018-11-23 00:00:00-05:00,144.8199920654297,44.46596908569336,-2.9933201184141187,11.719112216443506,0.202,False,False,0.0,False,False,-1.0,-1.0,-0.0013066061380593275,0.0013066061380593275,4.60183367947664
2018-11-26 00:00:00-05:00,146.07337951660156,44.683162689208984,-3.001057529494026,11.976637686544422,0.209,False,False,0.0,False,False,-1.0,-1.0,0.0009191753526860762,-0.0009191753526860762,4.6009145041239545
2018-11-27 00:00:00-05:00,145.7948760986328,45.351444244384766,-3.005382682985491,9.496430918176827,-0.147,False,False,0.0,False,False,-1.0,-1.0,-0.008792149906710496,0.008792149906710496,4.609706654030664
2018-11-28 00:00:00-05:00,148.07884216308594,45.702293395996094,-3.009886936148314,10.520106318459938,-0.051,False,False,0.0,False,False,-1.0,-1.0,0.0035838260757674973,-0.0035838260757674973,4.606122827954897
2018-11-29 00:00:00-05:00,147.150390625,45.5435791015625,-3.013584213628485,9.900979612391069,-0.184,False,False,0.0,False,False,-1.0,-1.0,-0.002176958994007244,0.002176958994007244,4.608299786948904
2018-11-30 00:00:00-05:00,148.04173278808594,46.69636535644531,-3.0133917728475823,7.327289601088779,-0.594,False,False,0.0,False,True,0.0,0.0,-0.00891302152278251,0.00891302152278251,4.617212808471686
2018-12-03 00:00:00-05:00,149.6107940673828,46.5125846862793,-3.014665815474971,9.390895024271998,-0.322,False,False,0.0,False,False,0.0,0.0,0.0071200375675757035,0.0,4.617212808471686
2018-12-04 00:00:00-05:00,146.0548095703125,46.621185302734375,-3.0112655275680624,5.666041413825667,-0.89,False,False,0.0,False,False,0.0,0.0,-0.013003795162756194,-0.0,4.617212808471686
2018-12-06 00:00:00-05:00,144.93141174316406,46.52854919433594,-3.0053843755921053,5.095236975538199,-0.973,False,False,0.0,False,False,0.0,0.0,-0.002004457197117972,-0.0,4.617212808471686
2018-12-07 00:00:00-05:00,145.30276489257812,46.688560485839844,-2.998882641552927,5.289251292499131,-0.951,False,False,0.0,False,False,0.0,0.0,0.0006799973628771571,0.0,4.617212808471686
2018-12-10 00:00:00-05:00,143.54803466796875,46.64645767211914,-2.990449612112852,4.054153415941499,-1.144,False,False,0.0,False,False,0.0,0.0,-0.004363657137293904,-0.0,4.617212808471686
2018-12-11 00:00:00-05:00,143.81724548339844,46.983314514160156,-2.9809189514609695,3.763792845687192,-1.181,False,False,0.0,False,False,0.0,0.0,-0.0010228620712745386,-0.0,4.617212808471686
2018-12-12 00:00:00-05:00,144.61573791503906,46.92435073852539,-2.9728883915594553,5.114880323012585,-0.996,False,False,0.0,False,False,0.0,0.0,0.0047553979552447286,0.0,4.617212808471686
2018-12-13 00:00:00-05:00,145.25633239746094,46.99172592163086,-2.9664358387151166,5.8583925004570006,-0.984,False,False,0.0,False,False,0.0,0.0,0.0026119832014159204,0.0,4.617212808471686
2018-12-14 00:00:00-05:00,142.7587890625,46.899085998535156,-2.9580256430450595,4.0300900434575055,-1.309,False,False,0.0,False,False,0.0,0.0,-0.006495146443133787,-0.0,4.617212808471686
2018-12-17 00:00:00-05:00,140.4562530517578,44.979000091552734,-2.9538807586061946,7.593650139973931,-0.725,False,False,0.0,False,False,0.0,0.0,0.013038105563385546,0.0,4.617212808471686
2018-12-18 00:00:00-05:00,141.0597686767578,44.802146911621094,-2.9528501482571823,8.765742526537394,-0.546,False,False,0.0,False,False,0.0,0.0,0.00428782189508417,0.0,4.617212808471686
2018-12-19 00:00:00-05:00,140.50267028808594,44.431610107421875,-2.95362074988388,9.26854472405438,-0.463,False,False,0.0,False,False,0.0,0.0,0.0018503279835190818,0.0,4.617212808471686
2018-12-20 00:00:00-05:00,138.6550750732422,44.381080627441406,-2.952757384012734,7.608511540100068,-0.711,False,False,0.0,False,False,0.0,0.0,-0.00615507266671466,-0.0,4.617212808471686
2018-12-21 00:00:00-05:00,136.54747009277344,44.162113189697266,-2.9494940678790393,6.291579214758684,-0.889,False,False,0.0,False,False,0.0,0.0,-0.004935966025876159,-0.0,4.617212808471686
2018-12-24 00:00:00-05:00,136.12037658691406,42.01464080810547,-2.953249913158293,12.040642268999719,0.106,False,False,0.0,False,False,0.0,0.0,0.022094775571959033,0.0,4.617212808471686
2018-12-26 00:00:00-05:00,138.2093963623047,42.705204010009766,-2.959279237814825,11.83277278883638,0.124,False,False,0.0,False,False,0.0,0.0,-0.0007856404515015505,-0.0,4.617212808471686
2018-12-27 00:00:00-05:00,140.05702209472656,43.31155014038086,-2.965851611528184,11.60139131309424,0.139,False,False,0.0,False,False,0.0,0.0,-0.0008617153540570143,-0.0,4.617212808471686
2018-12-28 00:00:00-05:00,140.6908721923828,43.22733688354492,-2.9734041074678776,12.158531147952658,0.332,False,True,0.0,False,False,0.0,0.0,0.0020694346084055883,0.0,4.617212808471686
2018-12-31 00:00:00-05:00,141.5577850341797,43.83367919921875,-2.9796656642237616,10.948076187668278,0.179,False,False,0.0,False,False,0.0,0.0,-0.004447463372738415,-0.0,4.617212808471686
2019-01-02 00:00:00-05:00,139.5256805419922,42.80626678466797,-2.9864589331109657,11.686522709789315,0.445,False,True,0.0,False,False,0.0,0.0,0.002761943292960356,0.0,4.617212808471686
2019-01-03 00:00:00-05:00,136.5986785888672,42.797847747802734,-2.9892657654744847,8.664537480371195,-0.273,False,False,0.0,False,True,0.0,0.0,-0.011423857474000395,-0.0,4.617212808471686
2019-01-04 00:00:00-05:00,140.29005432128906,43.261024475097656,-2.993562510971813,10.785473266402647,0.4,False,True,0.0,False,False,0.0,0.0,0.007861297105015543,0.0,4.617212808471686
2019-01-07 00:00:00-05:00,141.3247528076172,43.35364532470703,-2.99913975121401,11.301111754254919,0.643,False,False,0.0,False,False,0.0,0.0,0.0019002820710132884,0.0,4.617212808471686
2019-01-08 00:00:00-05:00,142.22894287109375,43.52208709716797,-3.0053804604881758,11.428512709600597,0.756,False,False,0.0,False,False,0.0,0.0,0.000466619960814517,0.0,4.617212808471686
2019-01-09 00:00:00-05:00,141.3713836669922,43.19365692138672,-3.011665647763095,11.286530915587178,0.747,False,False,0.0,False,False,0.0,0.0,-0.0005230375101590247,-0.0,4.617212808471686
2019-01-10 00:00:00-05:00,142.9467010498047,43.79157257080078,-3.0173236305842623,10.813354311481874,0.631,False,False,0.0,False,False,0.0,0.0,-0.0017201414930309872,-0.0,4.617212808471686
2019-01-11 00:00:00-05:00,143.5432891845703,43.69052505493164,-3.0236244461793444,11.439549562067867,0.862,False,False,0.0,False,False,0.0,0.0,0.0022717286425904927,0.0,4.617212808471686
2019-01-14 00:00:00-05:00,143.15179443359375,42.7388916015625,-3.0330613072046813,13.522116004079408,1.558,False,False,0.0,True,False,-1.0,-1.0,0.007634559708740372,0.0,4.617212808471686
2019-01-15 00:00:00-05:00,144.139892578125,43.34523391723633,-3.041967508587192,12.285099349780552,1.113,False,False,0.0,False,False,-1.0,-1.0,-0.0044820306981065055,0.0044820306981065055,4.621694839169793
2019-01-16 00:00:00-05:00,146.27455139160156,43.32839584350586,-3.0530733511832113,13.989780692276412,1.639,False,False,0.0,True,False,-1.0,-1.0,0.0061196348759759754,-0.0061196348759759754,4.615575204293817
2019-01-17 00:00:00-05:00,146.3118438720703,43.96842575073242,-3.061793008114383,11.689625330681395,0.831,False,False,0.0,False,False,-1.0,-1.0,-0.008187527499637293,0.008187527499637293,4.623762731793454
2019-01-18 00:00:00-05:00,147.896484375,43.74104690551758,-3.0721790947031375,13.516154491439522,1.374,False,False,0.0,False,False,-1.0,-1.0,0.006470702050240158,-0.006470702050240158,4.617292029743214
2019-01-22 00:00:00-05:00,147.9617156982422,44.39791488647461,-3.0799674003071025,11.217585206290977,0.61,False,False,0.0,False,False,-1.0,-1.0,-0.008073488184057244,0.008073488184057244,4.625365517927271
2019-01-23 00:00:00-05:00,147.4490203857422,44.9116325378418,-3.083590406785877,8.959941138960772,-0.137,False,False,0.0,False,False,-1.0,-1.0,-0.007895569251637468,0.007895569251637468,4.633261087178909
2019-01-24 00:00:00-05:00,147.0854949951172,44.835838317871094,-3.0853528240778934,8.751114621173798,-0.199,False,False,0.0,False,False,-1.0,-1.0,-0.0007316467275341367,0.0007316467275341367,4.633992733906442
2019-01-25 00:00:00-05:00,147.9244384765625,44.33897399902344,-3.089503264135718,10.939033578150855,0.472,False,True,0.0,False,False,-1.0,-1.0,0.007679337895312745,-0.007679337895312745,4.62631339601113
2019-01-28 00:00:00-05:00,147.51431274414062,44.128440856933594,-3.0945589320018514,10.956251935001347,0.434,False,False,0.0,False,False,-1.0,-1.0,6.061257078651672e-05,-6.061257078651672e-05,4.626252783440344
2019-01-29 00:00:00-05:00,148.0922088623047,44.44002914428711,-3.0991264393239244,10.366939576918753,0.188,False,False,0.0,False,False,-1.0,-1.0,-0.002061848568190356,0.002061848568190356,4.628314632008534
2019-01-30 00:00:00-05:00,150.11500549316406,44.844261169433594,-3.104275582281391,10.906060539441825,0.33,False,True,0.0,False,False,-1.0,-1.0,0.0018633817272657577,-0.0018633817272657577,4.626451250281268
2019-01-31 00:00:00-05:00,151.74632263183594,45.93904495239258,-3.1069802121173593,9.014619001182353,-0.494,False,False,0.0,False,True,0.0,0.0,-0.006423031158778187,0.006423031158778187,4.632874281440046
2019-02-01 00:00:00-05:00,154.84109497070312,45.90536117553711,-3.1129033376630986,11.94214295074363,0.693,False,True,0.0,False,False,0.0,0.0,0.009832482996998675,0.0,4.632874281440046
2019-02-04 00:00:00-05:00,154.14195251464844,46.292747497558594,-3.117050178582547,9.845135660306681,-0.32,False,False,0.0,False,True,0.0,0.0,-0.007026591400543559,-0.0,4.632874281440046
2019-02-05 00:00:00-05:00,155.2139129638672,46.233802795410156,-3.1219799250783464,10.872908776565538,0.091,False,False,0.0,False,False,0.0,0.0,0.0034310006526789747,0.0,4.632874281440046
2019-02-06 00:00:00-05:00,155.07406616210938,46.31801223754883,-3.126337352734842,10.268334399430955,-0.317,False,False,0.0,False,True,0.0,0.0,-0.002016055704046508,-0.0,4.632874281440046
2019-02-07 00:00:00-05:00,151.72767639160156,46.899085998535156,-3.1234152758046365,5.24235476250152,-2.896,True,False,1.0,False,False,0.0,1.0,-0.016853657185595033,-0.0,4.632874281440046
2019-02-08 00:00:00-05:00,156.4351043701172,47.059104919433594,-3.1237297930016883,9.43517630129017,-0.671,False,False,1.0,False,False,0.0,1.0,0.013817855852330795,0.013817855852330795,4.646692137292376
2019-02-11 00:00:00-05:00,158.48583984375,47.143310546875,-3.1274777459730574,11.046185236901522,0.14,False,False,1.0,False,False,0.0,1.0,0.005266017265100805,0.005266017265100805,4.6519581545574775
2019-02-12 00:00:00-05:00,159.62307739257812,47.16015625,-3.1335736819694002,11.843252930013392,0.546,False,True,0.0,False,False,0.0,0.0,0.0025929088121863977,0.0025929088121863977,4.654551063369664
2019-02-13 00:00:00-05:00,159.3713836669922,47.1517333984375,-3.139779806895738,11.32532328244676,0.241,False,False,0.0,False,False,0.0,0.0,-0.0016847763768402246,-0.0,4.654551063369664
2019-02-14 00:00:00-05:00,157.06893920898438,47.1012077331543,-3.1428278905775455,9.037949865340295,-1.113,False,False,0.0,False,True,0.0,0.0,-0.007497128655380538,-0.0,4.654551063369664
2019-02-15 00:00:00-05:00,158.0570068359375,47.42964172363281,-3.1445648916445657,8.911420648521528,-1.123,False,False,0.0,False,False,0.0,0.0,-0.0004118754844271394,-0.0,4.654551063369664
2019-02-19 00:00:00-05:00,159.13833618164062,47.34542465209961,-3.147504125865225,10.11841674831598,-0.363,False,False,0.0,False,False,0.0,0.0,0.003916805984593054,0.0,4.654551063369664
2019-02-20 00:00:00-05:00,159.4739227294922,47.673858642578125,-3.1497535550116007,9.313016988911215,-0.815,False,False,0.0,False,False,0.0,0.0,-0.002601127797490675,-0.0,4.654551063369664
2019-02-21 00:00:00-05:00,158.8307342529297,47.926509857177734,-3.1497592543082824,7.87376630358699,-1.56,True,False,1.0,False,False,0.0,1.0,-0.004645925823047949,-0.0,4.654551063369664
2019-02-22 00:00:00-05:00,159.48324584960938,48.254947662353516,-3.14852064498169,7.551546912178395,-1.682,False,False,1.0,False,False,0.0,1.0,-0.0010346946953009694,-0.0010346946953009694,4.653516368674363
2019-02-25 00:00:00-05:00,159.8187713623047,48.280216217041016,-3.147280686167061,7.867379338441793,-1.41,False,False,1.0,False,False,0.0,1.0,0.0010130296717078696,0.0010130296717078696,4.654529398346071
2019-02-26 00:00:00-05:00,158.82139587402344,48.27179718017578,-3.144864395113704,7.013139633938522,-1.729,True,False,1.0,False,False,0.0,1.0,-0.0027500262730535156,-0.0027500262730535156,4.651779372073017
2019-02-27 00:00:00-05:00,158.97056579589844,49.316043853759766,-3.138156710981684,4.209091817155183,-2.721,False,False,1.0,False,False,0.0,1.0,-0.008937715825254976,-0.008937715825254976,4.642841656247763
2019-02-28 00:00:00-05:00,160.35015869140625,49.52659606933594,-3.131409651947729,5.2620977317712345,-2.02,False,False,1.0,False,False,0.0,1.0,0.0033382318597313804,0.0033382318597313804,4.646179888107493
2019-03-01 00:00:00-05:00,160.85348510742188,49.89712905883789,-3.1242498244657892,4.962388404000762,-1.953,False,False,1.0,False,False,0.0,1.0,-0.0009462176939445039,-0.0009462176939445039,4.645233670413549
2019-03-04 00:00:00-05:00,161.3102569580078,50.175045013427734,-3.1169053224125296,4.919392103366647,-1.807,False,False,1.0,False,False,0.0,1.0,-0.00013533569031421518,-0.00013533569031421518,4.645098334723235
2019-03-05 00:00:00-05:00,169.69036865234375,49.96450424194336,-3.1215816745779845,13.722087831319385,1.613,False,True,0.0,True,False,-1.0,-1.0,0.027030437368047274,0.027030437368047274,4.672128772091282
2019-03-06 00:00:00-05:00,159.28749084472656,49.82133102416992,-3.1170911867768334,3.9898589957952595,-1.973,True,False,1.0,False,True,0.0,1.0,-0.030936710395555938,0.030936710395555938,4.703065482486838
2019-03-07 00:00:00-05:00,158.65359497070312,50.08449935913086,-3.108094920805839,2.986216901485193,-2.16,False,False,1.0,False,False,0.0,1.0,-0.0031930484453628768,-0.0031930484453628768,4.699872434041475
2019-03-08 00:00:00-05:00,157.74008178710938,49.982635498046875,-3.097490567953581,2.9193397704473227,-1.987,False,False,1.0,False,False,0.0,1.0,-0.00021396517395876928,-0.00021396517395876928,4.699658468867517
2019-03-11 00:00:00-04:00,158.84934997558594,49.804351806640625,-3.0891782550958204,4.994829365369469,-1.217,False,False,1.0,False,False,0.0,1.0,0.006637236664304913,0.006637236664304913,4.706295705531821
2019-03-12 00:00:00-04:00,159.13833618164062,50.19485092163086,-3.080964887539957,4.4897629567932995,-1.306,False,False,1.0,False,False,0.0,1.0,-0.0016095840630556487,-0.0016095840630556487,4.704686121468766
2019-03-13 00:00:00-04:00,160.13572692871094,50.51742172241211,-3.073321917613503,4.87942752789732,-1.11,False,False,1.0,False,False,0.0,1.0,0.0012354927790625104,0.0012354927790625104,4.705921614247828
2019-03-14 00:00:00-04:00,160.5645294189453,50.62778854370117,-3.0664766791943663,5.315596530501949,-0.917,False,False,1.0,False,False,0.0,1.0,0.0013810969279710293,0.0013810969279710293,4.7073027111757995
2019-03-15 00:00:00-04:00,161.8695526123047,50.704185485839844,-3.061686522745879,6.629231263501623,-0.442,False,False,1.0,False,False,0.0,1.0,0.004142522327011444,0.004142522327011444,4.71144523350281
2019-03-18 00:00:00-04:00,162.27040100097656,50.602325439453125,-3.0587578490886673,7.490140880910161,-0.12,False,False,1.0,False,False,0.0,1.0,0.0027153692547572444,0.0027153692547572444,4.714160602757568
2019-03-19 00:00:00-04:00,161.17044067382812,50.186370849609375,-3.0568227038582627,7.759602836491695,-0.001,False,False,1.0,False,False,0.0,1.0,0.0008565734008610762,0.0008565734008610762,4.715017176158429
2019-03-20 00:00:00-04:00,160.73231506347656,49.991119384765625,-3.0555221796162466,7.983340999481499,0.108,False,False,1.0,False,False,0.0,1.0,0.0007137209484258076,0.0007137209484258076,4.715730897106854
2019-03-21 00:00:00-04:00,162.49412536621094,50.491966247558594,-3.054792816353907,8.251629589585008,0.211,False,True,0.0,False,False,0.0,0.0,0.0008470400079898583,0.0008470400079898583,4.716577937114844
2019-03-22 00:00:00-04:00,162.76443481445312,50.619293212890625,-3.054140690574929,8.16599168482054,0.228,False,False,0.0,False,False,0.0,0.0,-0.0002698422238897015,-0.0,4.716577937114844
2019-03-25 00:00:00-04:00,163.86439514160156,50.57685852050781,-3.0550964678103054,9.347213322656586,0.67,False,False,0.0,False,False,0.0,0.0,0.0037100816231663476,0.0,4.716577937114844
2019-03-26 00:00:00-04:00,165.49566650390625,50.865474700927734,-3.0574320964996278,9.977931549599987,0.923,False,False,0.0,False,False,0.0,0.0,0.0019647722620873315,0.0,4.716577937114844
2019-03-27 00:00:00-04:00,164.81524658203125,50.32218551635742,-3.061270880243904,10.76540543057473,1.203,False,False,0.0,False,False,0.0,0.0,0.0024696146152975097,0.0,4.716577937114844
2019-03-28 00:00:00-04:00,163.7485809326172,49.9062385559082,-3.065590025440708,10.756513808360523,1.129,False,False,0.0,False,False,0.0,0.0,-2.8072248600725524e-05,-0.0,4.716577937114844
2019-03-29 00:00:00-04:00,164.3380584716797,50.43254470825195,-3.0685133996826357,9.585119254314975,0.697,False,False,0.0,False,False,0.0,0.0,-0.0036710360446679776,-0.0,4.716577937114844
2019-04-01 00:00:00-04:00,164.76841735839844,49.69400405883789,-3.0741787051214633,12.00016830849944,1.549,False,False,0.0,True,False,-1.0,-1.0,0.00760557538599063,0.0,4.716577937114844
2019-04-02 00:00:00-04:00,165.78819274902344,50.12694549560547,-3.07996250892576,11.39907993559359,1.346,False,False,0.0,False,False,-1.0,-1.0,-0.0018773609573917844,0.0018773609573917844,4.718455298072236
2019-04-03 00:00:00-04:00,166.36830139160156,49.940189361572266,-3.086860117143403,12.20992260877486,1.609,False,False,0.0,True,False,-1.0,-1.0,0.0025297197498193136,-0.0025297197498193136,4.715925578322417
2019-04-04 00:00:00-04:00,167.01380920410156,50.33916091918945,-3.0929464600082057,11.31747963931113,1.238,False,False,0.0,False,False,-1.0,-1.0,-0.00276546306499174,0.00276546306499174,4.718691041387409
2019-04-05 00:00:00-04:00,166.61154174804688,50.678714752197266,-3.0965823670494745,9.680727261662753,0.653,False,False,0.0,False,False,-1.0,-1.0,-0.005058850398129717,0.005058850398129717,4.7237498917855385
2019-04-08 00:00:00-04:00,166.9577178955078,50.29671859741211,-3.101129659031341,10.981072101119906,1.089,False,False,0.0,False,False,-1.0,-1.0,0.004026653666086264,-0.004026653666086264,4.719723238119452
2019-04-09 00:00:00-04:00,166.56475830078125,50.593833923339844,-3.104035169420176,9.519718446930796,0.58,False,False,0.0,False,False,-1.0,-1.0,-0.00451578927004808,0.00451578927004808,4.7242390273895
2019-04-10 00:00:00-04:00,167.50970458984375,50.48347473144531,-3.1078511341799087,10.61458038837867,0.918,False,False,0.0,False,False,-1.0,-1.0,0.003374986573187553,-0.003374986573187553,4.720864040816313
2019-04-11 00:00:00-04:00,168.19268798828125,50.53441619873047,-3.1123619657834816,10.911293048279873,0.972,False,False,0.0,False,False,-1.0,-1.0,0.0009116322173233779,-0.0009116322173233779,4.7199524085989895
2019-04-12 00:00:00-04:00,169.08154296875,50.84000778198242,-3.1167260572415905,10.627165964280152,0.839,False,False,0.0,False,False,-1.0,-1.0,-0.0008674684719250081,0.0008674684719250081,4.720819877070914
2019-04-15 00:00:00-04:00,169.1002197265625,50.92489242553711,-3.120458618398982,10.191200266254185,0.66,False,False,0.0,False,False,-1.0,-1.0,-0.001329126274329097,0.001329126274329097,4.722149003345244
2019-04-16 00:00:00-04:00,169.5399627685547,49.872276306152344,-3.1283843903680566,13.520312060265013,1.646,False,False,0.0,True,False,-1.0,-1.0,0.010225813203478365,-0.010225813203478365,4.711923190141765
2019-04-17 00:00:00-04:00,165.50750732421875,49.83832931518555,-3.1322355186780073,9.402122051623223,0.267,False,False,0.0,False,False,-1.0,-1.0,-0.012804803860287105,0.012804803860287105,4.724727994002052
2019-04-18 00:00:00-04:00,165.94725036621094,49.974143981933594,-3.1346070378191007,9.297946931456835,0.195,False,False,0.0,False,False,-1.0,-1.0,-0.0003229269467976471,0.0003229269467976471,4.72505092094885
2019-04-22 00:00:00-04:00,165.84434509277344,49.60911178588867,-3.137667326354543,10.187455952720484,0.454,False,True,0.0,False,False,-1.0,-1.0,0.0027667359454660125,-0.0027667359454660125,4.722284185003383
2019-04-23 00:00:00-04:00,168.4079132080078,49.337467193603516,-3.145002481054045,13.241456475202199,1.532,False,False,0.0,True,False,-1.0,-1.0,0.00943832641330751,-0.00943832641330751,4.712845858590077
2019-04-24 00:00:00-04:00,167.9962158203125,49.829837799072266,-3.150785824912252,10.99306922531889,0.7,False,False,0.0,False,False,-1.0,-1.0,-0.006918128187002924,0.006918128187002924,4.71976398677708
2019-04-25 00:00:00-04:00,168.5669403076172,50.08449935913086,-3.1554402884828248,10.528293201323464,0.488,False,False,0.0,False,False,-1.0,-1.0,-0.0014230498249450053,0.0014230498249450053,4.721187036602025
2019-04-26 00:00:00-04:00,169.85806274414062,50.03356170654297,-3.1612619559352844,11.688867601305844,0.929,False,False,0.0,False,False,-1.0,-1.0,0.0035380425622503174,-0.0035380425622503174,4.717648994039774
2019-04-29 00:00:00-04:00,169.8300018310547,49.829837799072266,-3.1678497389355718,11.976563168061716,1.013,False,False,0.0,False,False,-1.0,-1.0,0.0008779679751961643,-0.0008779679751961643,4.716771026064578
2019-04-30 00:00:00-04:00,172.4683837890625,50.63628387451172,-3.1743792527212094,11.729614822910975,0.876,False,False,0.0,False,False,-1.0,-1.0,-0.0007411255824155691,0.0007411255824155691,4.717512151646994
2019-05-01 00:00:00-04:00,164.07606506347656,49.89773941040039,-3.172926199407925,5.754220396987819,-2.177,True,False,1.0,False,True,0.0,1.0,-0.018534221983411862,0.018534221983411862,4.736046373630406
2019-05-02 00:00:00-04:00,167.0044708251953,50.28822708129883,-3.171192369062556,7.530828851295496,-1.39,False,False,1.0,False,False,0.0,1.0,0.005441738311569294,0.005441738311569294,4.741488111941975
2019-05-03 00:00:00-04:00,168.19268798828125,50.28822708129883,-3.170962393590774,8.730611073129523,-0.802,False,False,1.0,False,False,0.0,1.0,0.0036617267634964186,0.0036617267634964186,4.745149838705472
2019-05-06 00:00:00-04:00,167.1260986328125,50.01658248901367,-3.170957965519244,8.525617981224258,-0.96,False,False,1.0,False,False,0.0,1.0,-0.0006293410023695996,-0.0006293410023695996,4.744520497703102
2019-05-07 00:00:00-04:00,163.17788696289062,49.94866943359375,-3.1663718214380965,5.021827550033009,-2.704,True,False,1.0,False,False,0.0,1.0,-0.01090389132772835,-0.01090389132772835,4.733616606375374
2019-05-08 00:00:00-04:00,164.20706176757812,49.04035949707031,-3.165515629270909,8.969037314538014,-0.614,False,False,1.0,False,False,0.0,1.0,0.012356457916459996,0.012356457916459996,4.745973064291833
2019-05-09 00:00:00-04:00,163.72991943359375,49.48178482055664,-3.1635329304031417,7.1926636986405015,-1.528,True,False,1.0,False,False,0.0,1.0,-0.005546536622002114,-0.005546536622002114,4.740426527669832
2019-05-10 00:00:00-04:00,165.2736053466797,50.3476448059082,-3.1598253801175114,6.183839459829358,-1.941,False,False,1.0,False,False,0.0,1.0,-0.003110166955580279,-0.003110166955580279,4.737316360714251
2019-05-13 00:00:00-04:00,162.5135955810547,50.90791702270508,-3.150151310975921,2.1459540329268805,-3.205,False,False,1.0,False,False,0.0,1.0,-0.012505791487930119,-0.012505791487930119,4.724810569226321
2019-05-14 00:00:00-04:00,164.08543395996094,50.203338623046875,-3.1439876996253835,6.246754848973637,-1.397,False,False,1.0,False,False,0.0,1.0,0.01273840836875425,0.01273840836875425,4.737548977595075
2019-05-15 00:00:00-04:00,164.2350616455078,50.39010238647461,-3.1387513399366536,6.073060260415474,-1.373,False,False,1.0,False,False,0.0,1.0,-0.000538759835233602,-0.000538759835233602,4.737010217759842
2019-05-16 00:00:00-04:00,166.59280395507812,50.975826263427734,-3.134778863330514,6.794861243676365,-1.029,False,False,1.0,False,False,0.0,1.0,0.0022114627655129534,0.0022114627655129534,4.739221680525354
2019-05-17 00:00:00-04:00,164.6654815673828,51.29841613769531,-3.127787481184198,4.21493776732197,-1.863,True,False,1.0,False,False,0.0,1.0,-0.007935393136768897,-0.007935393136768897,4.731286287388586
2019-05-20 00:00:00-04:00,165.0116729736328,51.24747848510742,-3.1209493502654846,5.070888292792404,-1.447,False,False,1.0,False,False,0.0,1.0,0.002634079248542192,0.002634079248542192,4.733920366637127
2019-05-21 00:00:00-04:00,166.8267059326172,51.51912307739258,-3.1158055016434165,6.303138808233086,-0.944,False,False,1.0,False,False,0.0,1.0,0.003764317970268232,0.003764317970268232,4.737684684607396
2019-05-22 00:00:00-04:00,168.42657470703125,51.799259185791016,-3.112424257314975,7.205303906229744,-0.576,False,False,1.0,False,False,0.0,1.0,0.0027367541159167737,0.0027367541159167737,4.740421438723313
2019-05-23 00:00:00-04:00,166.37762451171875,52.1048583984375,-3.1060750602954315,4.536023320107063,-1.452,False,False,1.0,False,False,0.0,1.0,-0.008132614963071605,-0.008132614963071605,4.732288823760241
2019-05-24 00:00:00-04:00,166.28408813476562,51.918094635009766,-3.099844438435891,5.346071226242316,-1.096,False,False,1.0,False,False,0.0,1.0,0.0024755292923382727,0.0024755292923382727,4.734764353052579
2019-05-28 00:00:00-04:00,165.3297576904297,50.831520080566406,-3.0970564510644114,7.901670507501336,-0.163,False,False,1.0,False,False,0.0,1.0,0.007918008258673843,0.007918008258673843,4.742682361311253
2019-05-29 00:00:00-04:00,164.37542724609375,50.01658248901367,-3.097433912602978,9.45236845211852,0.392,False,True,0.0,False,False,0.0,0.0,0.0048565778179812166,0.0048565778179812166,4.747538939129234
2019-05-30 00:00:00-04:00,166.24664306640625,49.804351806640625,-3.101880911354929,11.759474894982333,1.191,False,False,0.0,False,False,0.0,0.0,0.007193212446046262,0.0,4.747538939129234
2019-05-31 00:00:00-04:00,164.19769287109375,49.88075637817383,-3.104479858790987,9.343889353793031,0.357,False,False,0.0,False,False,0.0,0.0,-0.007571146252355169,-0.0,4.747538939129234
2019-06-03 00:00:00-04:00,166.59280395507812,50.39858627319336,-3.1073288042006557,9.987825137392633,0.597,False,False,0.0,False,False,0.0,0.0,0.001992389236322037,0.0,4.747538939129234
2019-06-04 00:00:00-04:00,167.67813110351562,50.42405319213867,-3.1113245496342845,10.792536514749571,0.875,False,False,0.0,False,False,0.0,0.0,0.0024793632610684395,0.0,4.747538939129234
2019-06-05 00:00:00-04:00,171.07435607910156,51.27294158935547,-3.1163657514124523,11.289116935863035,1.116,False,False,0.0,False,False,0.0,0.0,0.0015008796126337464,0.0,4.747538939129234
2019-06-06 00:00:00-04:00,171.65440368652344,51.606605529785156,-3.1208339625539128,10.598756457047358,0.84,False,False,0.0,False,False,0.0,0.0,-0.002074961297126472,-0.0,4.747538939129234
2019-06-07 00:00:00-04:00,174.84481811523438,51.34138107299805,-3.129818362763625,14.155620863320252,1.968,False,False,0.0,True,False,-1.0,-1.0,0.010600607519273109,0.0,4.747538939129234
2019-06-10 00:00:00-04:00,176.18272399902344,51.221614837646484,-3.1417288802402874,15.258297371045046,2.139,False,False,0.0,False,False,-1.0,-1.0,0.0032709970870504327,-0.0032709970870504327,4.744267942042184
2019-06-11 00:00:00-04:00,176.18272399902344,50.7938346862793,-3.1554309211804696,15.906287424608678,2.215,False,False,0.0,False,False,-1.0,-1.0,0.0019259099751043824,-0.0019259099751043824,4.7423420320670795
2019-06-12 00:00:00-04:00,175.99562072753906,51.48682403564453,-3.1658913803628805,12.993928310831649,1.28,False,False,0.0,False,False,-1.0,-1.0,-0.008591097925716577,0.008591097925716577,4.750933129992796
2019-06-13 00:00:00-04:00,176.55697631835938,51.33283996582031,-3.1759793686834827,13.524935650983139,1.377,False,False,0.0,False,False,-1.0,-1.0,0.0015636764253002763,-0.0015636764253002763,4.749369453567496
2019-06-14 00:00:00-04:00,178.07264709472656,52.154151916503906,-3.1839630263235983,12.0157557233141,0.929,False,False,0.0,False,False,-1.0,-1.0,-0.004385499525544319,0.004385499525544319,4.75375495309304
2019-06-17 00:00:00-04:00,176.1546630859375,52.102821350097656,-3.188603708198989,10.019413721386655,0.366,False,False,0.0,False,False,-1.0,-1.0,-0.005832313279802578,0.005832313279802578,4.759587266372842
2019-06-18 00:00:00-04:00,175.99562072753906,51.83759689331055,-3.1927710366332755,10.490042757906082,0.52,False,False,0.0,False,False,-1.0,-1.0,0.0013781182564362212,-0.0013781182564362212,4.758209148116406
2019-06-19 00:00:00-04:00,177.51126098632812,51.80338668823242,-3.198531271967645,11.816508670184305,0.863,False,False,0.0,False,False,-1.0,-1.0,0.003864926198449768,-0.003864926198449768,4.754344221917957
2019-06-20 00:00:00-04:00,179.279541015625,52.29961013793945,-3.204629400208172,11.678672748158846,0.78,False,False,0.0,False,False,-1.0,-1.0,-0.00039735862371221653,0.00039735862371221653,4.754741580541669
2019-06-21 00:00:00-04:00,179.4760284423828,52.23115158081055,-3.2109410503308196,11.764879725506745,0.772,False,False,0.0,False,False,-1.0,-1.0,0.0002483011557433042,-0.0002483011557433042,4.754493279385925
2019-06-24 00:00:00-04:00,179.41989135742188,52.29104232788086,-3.2165989861309274,11.220577621830898,0.586,False,False,0.0,False,False,-1.0,-1.0,-0.001565799862899425,0.001565799862899425,4.756059079248825
2019-06-25 00:00:00-04:00,179.9251251220703,51.45261001586914,-3.225624131289064,13.958344637077431,1.305,False,False,0.0,False,False,-1.0,-1.0,0.007915094198118254,-0.007915094198118254,4.748143985050707
2019-06-26 00:00:00-04:00,174.8167266845703,50.54573059082031,-3.2324037803401184,11.432516042749569,0.546,False,False,0.0,False,False,-1.0,-1.0,-0.007468425765745986,0.007468425765745986,4.755612410816452
2019-06-27 00:00:00-04:00,177.39859008789062,50.29762268066406,-3.242248491695685,14.32119881562889,1.297,False,False,0.0,False,False,-1.0,-1.0,0.008484248320070775,-0.008484248320070775,4.747128162496381
2019-06-28 00:00:00-04:00,179.83023071289062,50.32328414916992,-3.2553136660170603,16.012156103238055,1.649,False,False,0.0,True,False,-1.0,-1.0,0.0049206041799684085,-0.0049206041799684085,4.742207558316412
2019-07-01 00:00:00-04:00,182.0835723876953,49.98106384277344,-3.272699755936166,18.510556948020763,2.203,False,False,0.0,False,False,-1.0,-1.0,0.007227985615684189,-0.007227985615684189,4.734979572700729
2019-07-02 00:00:00-04:00,183.2195587158203,50.30617904663086,-3.290452522492294,17.689464974884828,1.823,False,False,0.0,False,False,-1.0,-1.0,-0.0023543879322940656,0.0023543879322940656,4.737333960633023
2019-07-03 00:00:00-04:00,183.77352905273438,50.973506927490234,-3.305217176985434,15.295018384807634,1.118,False,False,0.0,False,False,-1.0,-1.0,-0.006797537899215605,0.006797537899215605,4.744131498532239
2019-07-05 00:00:00-04:00,183.86740112304688,50.964942932128906,-3.3182868376298447,14.751101810807342,0.917,False,False,0.0,False,False,-1.0,-1.0,-0.001540911303636837,0.001540911303636837,4.745672409835875
2019-07-08 00:00:00-04:00,182.76890563964844,51.0676155090332,-3.32824023679687,12.803612905212248,0.34,False,False,0.0,False,False,-1.0,-1.0,-0.005521123028535291,0.005521123028535291,4.751193532864411
2019-07-09 00:00:00-04:00,183.31344604492188,51.349937438964844,-3.336128065026897,12.00347861741588,0.054,False,False,0.0,False,False,-1.0,-1.0,-0.0022562928938096717,0.0022562928938096717,4.753449825758221
2019-07-10 00:00:00-04:00,183.65147399902344,51.52104949951172,-3.3425950783128493,11.437467512442879,-0.173,False,False,0.0,False,False,-1.0,-1.0,-0.0015905198340694293,0.0015905198340694293,4.75504034559229
2019-07-11 00:00:00-04:00,184.29928588867188,51.640830993652344,-3.3485201382204552,11.378923351987964,-0.24,False,False,0.0,False,True,0.0,0.0,-0.00016388841071027463,0.00016388841071027463,4.755204234003
2019-07-12 00:00:00-04:00,184.4119110107422,51.80338668823242,-3.35336613590419,10.696188365273684,-0.585,False,False,0.0,False,False,0.0,0.0,-0.001906401300966572,-0.0,4.755204234003
2019-07-15 00:00:00-04:00,185.58551025390625,52.23115158081055,-3.357250217995672,10.232465223065077,-0.896,False,False,0.0,False,False,0.0,0.0,-0.0012847703173266497,-0.0,4.755204234003
2019-07-16 00:00:00-04:00,185.41653442382812,51.76915740966797,-3.3622900805194194,11.353609988453115,-0.505,False,False,0.0,False,False,0.0,0.0,0.0031188006373047195,0.0,4.755204234003
2019-07-17 00:00:00-04:00,183.10693359375,52.094268798828125,-3.3631616859096938,7.905484714050459,-1.906,True,False,1.0,False,False,0.0,1.0,-0.009623345260861041,-0.0,4.755204234003
2019-07-18 00:00:00-04:00,185.6136474609375,52.23115158081055,-3.365237010856251,9.84344304155087,-1.058,False,False,1.0,False,False,0.0,1.0,0.005362603551367827,0.005362603551367827,4.760566837554368
2019-07-19 00:00:00-04:00,183.90492248535156,51.48682403564453,-3.3685181964902697,10.470618841790383,-0.827,False,False,1.0,False,False,0.0,1.0,0.001755127213526944,0.001755127213526944,4.762321964767895
2019-07-22 00:00:00-04:00,183.67962646484375,51.13605880737305,-3.3731300020529162,11.191052314951463,-0.549,False,False,1.0,False,False,0.0,1.0,0.0020227338429360973,0.0020227338429360973,4.764344698610831
2019-07-23 00:00:00-04:00,184.6184844970703,50.86227035522461,-3.380143429872581,12.696715527454899,0.062,False,False,1.0,False,False,0.0,1.0,0.004222982392208685,0.004222982392208685,4.76856768100304
2019-07-24 00:00:00-04:00,185.12545776367188,50.80238723754883,-3.3883215467139847,12.990634462177638,0.166,False,False,1.0,False,False,0.0,1.0,0.0008227025233435548,0.0008227025233435548,4.769390383526384
2019-07-25 00:00:00-04:00,184.6278533935547,51.03339385986328,-3.394774064687629,11.381011485101936,-0.533,False,False,1.0,False,True,0.0,1.0,-0.004497727831014581,-0.004497727831014581,4.764892655695368
2019-07-26 00:00:00-04:00,187.0032196044922,50.93928527832031,-3.403615305772878,13.625488566070146,0.438,False,True,0.0,False,False,0.0,0.0,0.006228068040122809,0.006228068040122809,4.771120723735491
2019-07-29 00:00:00-04:00,187.17221069335938,50.742496490478516,-3.4136614047794644,13.95450884165544,0.605,False,False,0.0,False,False,0.0,0.0,0.0009129563956487052,0.0,4.771120723735491
2019-07-30 00:00:00-04:00,185.41653442382812,49.527618408203125,-3.4263790667483023,15.716139484063063,1.383,False,False,0.0,False,False,0.0,0.0,0.004960705887958232,0.0,4.771120723735491
2019-07-31 00:00:00-04:00,183.28529357910156,48.894527435302734,-3.439198034008025,15.127330949856969,1.078,False,False,0.0,False,False,0.0,0.0,-0.0016754014305428336,-0.0,4.771120723735491
2019-08-01 00:00:00-04:00,184.05516052246094,48.92019271850586,-3.452149049565541,15.175363724707836,1.061,False,False,0.0,False,False,0.0,0.0,0.00013609526020197396,0.0,4.771120723735491
2019-08-02 00:00:00-04:00,183.43553161621094,48.65496826171875,-3.464747408185127,14.85835643609127,0.881,False,False,0.0,False,False,0.0,0.0,-0.0009005563790627063,-0.0,4.771120723735491
2019-08-05 00:00:00-04:00,177.17330932617188,47.594085693359375,-3.4732977824342393,11.864877030441619,-0.405,False,False,0.0,False,True,0.0,0.0,-0.00874055180715133,-0.0,4.771120723735491
2019-08-06 00:00:00-04:00,182.28070068359375,48.56941223144531,-3.482261040233983,13.149328722967851,0.112,False,False,0.0,False,False,0.0,0.0,0.0036551154400055316,0.0,4.771120723735491
2019-08-07 00:00:00-04:00,181.52963256835938,48.91162872314453,-3.4884160529039177,10.905521756865653,-0.844,False,False,0.0,False,True,0.0,0.0,-0.006371668648377536,-0.0,4.771120723735491
2019-08-08 00:00:00-04:00,186.10191345214844,49.47629165649414,-3.4965711090587055,13.10454146268873,0.086,False,False,0.0,False,False,0.0,0.0,0.006123709500337202,0.0,4.771120723735491
2019-08-09 00:00:00-04:00,185.16299438476562,49.38218307495117,-3.5040898327998504,12.123388750368377,-0.344,False,False,0.0,False,True,0.0,0.0,-0.0027390999179454944,-0.0,4.771120723735491
2019-08-12 00:00:00-04:00,181.13528442382812,48.96296691894531,-3.507755363176037,9.385174616886815,-1.468,False,False,0.0,False,False,0.0,0.0,-0.007759499764648541,-0.0,4.771120723735491
2019-08-13 00:00:00-04:00,183.07872009277344,49.3051872253418,-3.5109257133673983,9.971870460927164,-1.15,False,False,0.0,False,False,0.0,0.0,0.0016471634280241776,0.0,4.771120723735491
2019-08-14 00:00:00-04:00,178.70361328125,49.031410217285156,-3.5094811886331705,6.628801471531517,-2.279,True,False,1.0,False,False,0.0,1.0,-0.009530429325944657,-0.0,4.771120723735491
2019-08-15 00:00:00-04:00,178.8162841796875,49.41641616821289,-3.5051278211232906,5.605429048277699,-2.354,False,False,1.0,False,False,0.0,1.0,-0.0029070838835224917,-0.0029070838835224917,4.768213639851969
2019-08-16 00:00:00-04:00,182.65626525878906,49.7072868347168,-3.5036584846611687,8.498907990847158,-1.267,False,False,1.0,False,False,0.0,1.0,0.008109216576653241,0.008109216576653241,4.776322856428623
2019-08-19 00:00:00-04:00,185.3883819580078,50.092281341552734,-3.504918657698333,9.819010477325548,-0.773,False,False,1.0,False,False,0.0,1.0,0.003657221583141902,0.003657221583141902,4.779980078011764
2019-08-20 00:00:00-04:00,181.5483856201172,50.00673294067383,-3.5025205795609287,6.398774378799715,-1.968,True,False,1.0,False,False,0.0,1.0,-0.009588604726183765,-0.009588604726183765,4.7703914732855806
2019-08-21 00:00:00-04:00,181.90516662597656,50.36606216430664,-3.4979978081290883,5.724791571138525,-2.042,False,False,1.0,False,False,0.0,1.0,-0.0018821838058514957,-0.0018821838058514957,4.768509289479729
2019-08-22 00:00:00-04:00,182.42153930664062,50.62272262573242,-3.49262028822643,5.615591218748449,-1.917,False,False,1.0,False,False,0.0,1.0,-0.000303986627476931,-0.000303986627476931,4.768205302852252
2019-08-23 00:00:00-04:00,177.6427001953125,49.9981689453125,-3.484078166211751,3.4451714223828276,-2.37,False,False,1.0,False,False,0.0,1.0,-0.006168765302166535,-0.006168765302166535,4.7620365375500855
2019-08-26 00:00:00-04:00,180.26214599609375,50.742496490478516,-3.475109041550101,3.926437651207607,-2.003,False,False,1.0,False,False,0.0,1.0,0.0013496049484487116,0.0013496049484487116,4.763386142498534
2019-08-27 00:00:00-04:00,179.56739807128906,50.87083435058594,-3.4651586475281424,3.2918865143845153,-1.991,False,False,1.0,False,False,0.0,1.0,-0.0017832338924108656,-0.0017832338924108656,4.761602908606124
2019-08-28 00:00:00-04:00,180.55320739746094,50.913604736328125,-3.456593219170473,4.56558650234345,-1.514,False,False,1.0,False,False,0.0,1.0,0.0035723818617309456,0.0035723818617309456,4.7651752904678535
2019-08-29 00:00:00-04:00,183.54818725585938,51.40127182006836,-3.450641915289781,6.180804214328049,-1.014,False,False,1.0,False,False,0.0,1.0,0.004475333969808163,0.004475333969808163,4.769650624437662
2019-08-30 00:00:00-04:00,185.86715698242188,51.73493957519531,-3.447347757165614,7.518829070773762,-0.624,False,False,1.0,False,False,0.0,1.0,0.003673717653259225,0.003673717653259225,4.7733243420909215
2019-09-03 00:00:00-04:00,183.69839477539062,52.342376708984375,-3.4397718118614775,3.652562805991437,-1.552,True,False,1.0,False,False,0.0,1.0,-0.01062907939290807,-0.01062907939290807,4.7626952626980135
2019-09-04 00:00:00-04:00,184.50579833984375,52.522037506103516,-3.4316245466047275,4.269885196204768,-1.329,False,False,1.0,False,False,0.0,1.0,0.0016924918943395564,0.0016924918943395564,4.764387754592352
2019-09-05 00:00:00-04:00,185.60427856445312,52.077152252197266,-3.427120074095268,7.129624679232279,-0.578,False,False,1.0,False,False,0.0,1.0,0.00785472387480923,0.00785472387480923,4.772242478467161
2019-09-06 00:00:00-04:00,185.66065979003906,52.094398498535156,-3.4240200932782328,7.288392583811287,-0.512,False,False,1.0,False,False,0.0,1.0,0.0004361361096894304,0.0004361361096894304,4.772678614576851
2019-09-09 00:00:00-04:00,183.57635498046875,52.059913635253906,-3.419116575021238,5.577441375997978,-0.894,False,False,1.0,False,False,0.0,1.0,-0.004731936491423447,-0.004731936491423447,4.767946678085428
2019-09-10 00:00:00-04:00,178.09336853027344,52.723812103271484,-3.4043828937466003,-1.3986754872139784,-2.338,True,False,1.0,False,False,0.0,1.0,-0.019508952598227682,-0.019508952598227682,4.7484377254872
2019-09-11 00:00:00-04:00,180.01805114746094,53.37908935546875,-3.3872622142707436,-0.7909212585000205,-1.999,False,False,1.0,False,False,0.0,1.0,0.0016843367847806927,0.0016843367847806927,4.750122062271981
2019-09-12 00:00:00-04:00,182.7877197265625,52.98247146606445,-3.3756782770327005,3.9359417350638353,-0.91,False,False,1.0,False,False,0.0,1.0,0.013070649150300997,0.013070649150300997,4.763192711422281
2019-09-13 00:00:00-04:00,182.79705810546875,52.42204284667969,-3.3688822418476607,6.193368877912349,-0.378,False,False,1.0,False,False,0.0,1.0,0.00628108639060996,0.00628108639060996,4.769473797812891
2019-09-16 00:00:00-04:00,183.088134765625,52.42204284667969,-3.3643246439332315,6.723364131216755,-0.219,False,False,1.0,False,False,0.0,1.0,0.0014744497689191784,0.0014744497689191784,4.77094824758181
2019-09-17 00:00:00-04:00,186.4962158203125,52.74104690551758,-3.3636048641988263,9.096173905975121,0.388,False,True,0.0,False,False,0.0,0.0,0.006520566574467493,0.006520566574467493,4.777468814156277
2019-09-18 00:00:00-04:00,186.5431365966797,53.051456451416016,-3.3628598020136167,8.138526257936832,0.219,False,False,0.0,False,False,0.0,0.0,-0.0026240678455476123,-0.0,4.777468814156277
2019-09-19 00:00:00-04:00,186.08311462402344,53.215267181396484,-3.3609160991991733,7.231066430882578,0.05,False,False,0.0,False,False,0.0,0.0,-0.0024866330228334264,-0.0,4.777468814156277
2019-09-20 00:00:00-04:00,184.364990234375,53.284236907958984,-3.356353762470031,5.5242412080023655,-0.367,False,False,0.0,False,True,0.0,0.0,-0.004699334394754352,-0.0,4.777468814156277
2019-09-23 00:00:00-04:00,185.33200073242188,53.3877067565918,-3.3520735024746915,6.372483555761448,-0.073,False,False,0.0,False,False,0.0,0.0,0.002328471309537276,0.0,4.777468814156277
2019-09-24 00:00:00-04:00,185.23814392089844,53.58600997924805,-3.3472337996027335,5.873240132510006,-0.171,False,False,0.0,False,False,0.0,0.0,-0.0013692793474658778,-0.0,4.777468814156277
2019-09-25 00:00:00-04:00,184.76870727539062,53.577388763427734,-3.342014073311855,5.712320016714699,-0.179,False,False,0.0,False,False,0.0,0.0,-0.0004423007599335316,-0.0,4.777468814156277
2019-09-26 00:00:00-04:00,185.91412353515625,53.68085479736328,-3.338004990406712,6.727162332259525,0.247,False,True,0.0,False,False,0.0,0.0,0.0027796201051359212,0.0,4.777468814156277
2019-09-27 00:00:00-04:00,181.5151824951172,53.43943786621094,-3.330244178914404,3.5488056167102116,-0.894,False,False,0.0,False,True,0.0,0.0,-0.008841501414115093,-0.0,4.777468814156277
2019-09-30 00:00:00-04:00,181.76951599121094,53.525665283203125,-3.3218484960371137,3.965365270816676,-0.683,False,False,0.0,False,False,0.0,0.0,0.001158482093296795,0.0,4.777468814156277
2019-10-01 00:00:00-04:00,177.02203369140625,53.19802474975586,-3.3093743840310554,0.9698533035140997,-1.789,True,False,1.0,False,False,0.0,1.0,-0.008484085916933606,-0.0,4.777468814156277
2019-10-02 00:00:00-04:00,173.51795959472656,52.84450912475586,-3.2936819409980402,-0.5350457903879544,-2.149,False,False,1.0,False,False,0.0,1.0,-0.004329760669132238,-0.004329760669132238,4.773139053487146
2019-10-03 00:00:00-04:00,174.252685546875,53.14629364013672,-3.277729137971743,0.05353030739655651,-1.773,False,False,1.0,False,False,0.0,1.0,0.00168911748738726,0.00168911748738726,4.774828170974533
2019-10-04 00:00:00-04:00,177.70025634765625,53.69810104370117,-3.264718524055196,2.391071163697376,-0.883,False,False,1.0,False,False,0.0,1.0,0.006621751662388531,0.006621751662388531,4.781449922636921
2019-10-07 00:00:00-04:00,176.7017364501953,53.594635009765625,-3.252635113792117,2.377944706559333,-0.844,False,False,1.0,False,False,0.0,1.0,-3.739459407862348e-05,-3.739459407862348e-05,4.781412528042843
2019-10-08 00:00:00-04:00,173.65927124023438,52.74104690551758,-3.2413053015641875,2.7094362953347684,-0.677,False,False,1.0,False,False,0.0,1.0,0.000961935081881871,0.000961935081881871,4.782374463124724
2019-10-09 00:00:00-04:00,175.3924560546875,53.08592987060547,-3.2316572066018416,3.836928219185353,-0.23,False,False,1.0,False,False,0.0,1.0,0.003249743408820153,0.003249743408820153,4.785624206533544
2019-10-10 00:00:00-04:00,176.79595947265625,53.034202575683594,-3.225030459509802,5.759040770263454,0.496,False,True,0.0,False,False,0.0,0.0,0.0055259656912328625,0.0055259656912328625,4.791150172224777
2019-10-11 00:00:00-04:00,177.18218994140625,53.75844192504883,-3.2173484220710162,4.22255164085405,-0.095,False,False,0.0,False,False,0.0,0.0,-0.00438819074294558,-0.0,4.791150172224777
2019-10-14 00:00:00-04:00,176.7489013671875,53.32735061645508,-3.211024450094697,5.51347467897773,0.377,False,True,0.0,False,False,0.0,0.0,0.003709716024677328,0.0,4.791150172224777
2019-10-15 00:00:00-04:00,177.08799743652344,53.335968017578125,-3.205885236772531,6.099004979997858,0.567,False,False,0.0,False,False,0.0,0.0,0.0016821861772593463,0.0,4.791150172224777
2019-10-16 00:00:00-04:00,177.64370727539062,53.26699447631836,-3.202367525117272,7.063214003827596,0.893,False,False,0.0,False,False,0.0,0.0,0.0027689316891682464,0.0,4.791150172224777
2019-10-17 00:00:00-04:00,176.98435974121094,53.499794006347656,-3.1978498193722493,5.900053141559539,0.462,False,False,0.0,False,False,0.0,0.0,-0.0033417568852031577,-0.0,4.791150172224777
2019-10-18 00:00:00-04:00,176.871337890625,53.70672607421875,-3.192394973918803,5.418255505655139,0.31,False,False,0.0,False,False,0.0,0.0,-0.001383186500456099,-0.0,4.791150172224777
2019-10-21 00:00:00-04:00,179.01901245117188,53.775699615478516,-3.1893574732196077,7.509083004932677,1.046,False,False,0.0,False,False,0.0,0.0,0.005964778508615867,0.0,4.791150172224777
2019-10-22 00:00:00-04:00,177.8227081298828,53.78431701660156,-3.185744733055123,6.479603473277365,0.632,False,False,0.0,False,False,0.0,0.0,-0.002948397277040492,-0.0,4.791150172224777
2019-10-23 00:00:00-04:00,174.0454864501953,54.09471893310547,-3.17643450721817,2.2171545728110402,-0.901,False,False,0.0,False,True,0.0,0.0,-0.01232371077139273,-0.0,4.791150172224777
2019-10-24 00:00:00-04:00,176.4662322998047,54.491329193115234,-3.167481503090019,3.8659550018230107,-0.254,False,False,0.0,False,False,0.0,0.0,0.004723456372001453,0.0,4.791150172224777
2019-10-25 00:00:00-04:00,174.2432861328125,54.23265838623047,-3.157540342875367,3.0014793769117034,-0.55,False,False,0.0,False,False,0.0,0.0,-0.002502208178312833,-0.0,4.791150172224777
2019-10-28 00:00:00-04:00,172.73614501953125,53.62050247192383,-3.1484903100434285,3.9125125670193768,-0.288,False,False,0.0,False,False,0.0,0.0,0.0026672730520274504,0.0,4.791150172224777
2019-10-29 00:00:00-04:00,174.87437438964844,53.69810104370117,-3.142565888859528,6.124553753180919,0.576,False,True,0.0,False,False,0.0,0.0,0.006437384847110151,0.0,4.791150172224777
2019-10-30 00:00:00-04:00,179.197998046875,54.51718521118164,-3.1400401800507654,8.01184598049528,1.322,False,False,0.0,False,False,0.0,0.0,0.005386351599249943,0.0,4.791150172224777
2019-10-31 00:00:00-04:00,176.05186462402344,54.58617401123047,-3.134615009187273,4.945224274312153,0.018,False,False,0.0,False,False,0.0,0.0,-0.008833491509635178,-0.0,4.791150172224777
2019-11-01 00:00:00-04:00,178.02052307128906,54.31026077270508,-3.1321285558345746,7.9138044302771675,1.266,False,True,0.0,False,False,0.0,0.0,0.008527284855283765,0.0,4.791150172224777
2019-11-04 00:00:00-05:00,175.9858856201172,53.853294372558594,-3.1299289999841573,7.428897818762408,1.115,False,False,0.0,False,False,0.0,0.0,-0.0014073912099803712,-0.0,4.791150172224777
2019-11-05 00:00:00-05:00,174.27146911621094,53.3877067565918,-3.1276462892777066,7.2936061859102495,1.082,False,False,0.0,False,False,0.0,0.0,-0.0003964597733885637,-0.0,4.791150172224777
2019-11-06 00:00:00-05:00,175.8351593017578,53.396331787109375,-3.12733248743968,8.847076193822602,1.702,False,False,0.0,True,False,-1.0,-1.0,0.00453140223805441,0.0,4.791150172224777
2019-11-07 00:00:00-05:00,174.252685546875,52.8272705078125,-3.127845462953316,9.017147168806162,1.657,False,False,0.0,False,False,-1.0,-1.0,0.0005009628110728223,-0.0005009628110728223,4.790649209413704
2019-11-08 00:00:00-05:00,174.3563232421875,52.96522903442383,-3.128171558353229,8.672000195038208,1.444,False,False,0.0,False,False,-1.0,-1.0,-0.0010150168150023788,0.0010150168150023788,4.791664226228707
2019-11-11 00:00:00-05:00,175.75042724609375,52.430667877197266,-3.1321118855437673,11.531709220926388,2.311,False,False,0.0,True,False,-1.0,-1.0,0.008411672252216945,-0.008411672252216945,4.7832525539764905
2019-11-12 00:00:00-05:00,176.35324096679688,52.12026596069336,-3.1387542571435842,12.760534299214754,2.428,False,False,0.0,False,False,-1.0,-1.0,0.0036147660733699964,-0.0036147660733699964,4.77963778790312
2019-11-13 00:00:00-05:00,176.73004150390625,52.65483093261719,-3.1442124821431094,11.172064840436178,1.768,False,False,0.0,False,False,-1.0,-1.0,-0.004640739302775787,0.004640739302775787,4.784278527205895
2019-11-14 00:00:00-05:00,178.7363739013672,52.24959182739258,-3.1529368072230675,13.99671266639956,2.349,False,False,0.0,False,False,-1.0,-1.0,0.008223711516997696,-0.008223711516997696,4.776054815688898
2019-11-15 00:00:00-05:00,177.98281860351562,52.499637603759766,-3.1602162695234015,12.072609704031436,1.655,False,False,0.0,False,False,-1.0,-1.0,-0.005595062442350158,0.005595062442350158,4.7816498781312475
2019-11-18 00:00:00-05:00,176.9467010498047,52.594478607177734,-3.164999999877065,10.485176264552848,1.149,False,False,0.0,False,False,-1.0,-1.0,-0.0046225842016989205,0.0046225842016989205,4.786272462332947
2019-11-19 00:00:00-05:00,179.16029357910156,52.16337203979492,-3.173075006907707,13.642001483599984,1.926,False,False,0.0,True,False,-1.0,-1.0,0.009158750645528539,-0.009158750645528539,4.777113711687418
2019-11-20 00:00:00-05:00,179.11317443847656,52.775543212890625,-3.1792109834284092,11.32858779965406,1.223,False,False,0.0,False,False,-1.0,-1.0,-0.006668863116214889,0.006668863116214889,4.783782574803633
2019-11-21 00:00:00-05:00,178.90594482421875,52.35306930541992,-3.185757574497829,12.121757736267426,1.373,False,False,0.0,False,False,-1.0,-1.0,0.0022944535102173203,-0.0022944535102173203,4.781488121293416
2019-11-22 00:00:00-05:00,178.7458038330078,52.07715606689453,-3.1928834465553444,12.469514283341027,1.395,False,False,0.0,False,False,-1.0,-1.0,0.0010079254451913998,-0.0010079254451913998,4.780480195848224
2019-11-25 00:00:00-05:00,181.9202423095703,51.352901458740234,-3.2063782796364366,17.26341447595533,2.496,False,False,0.0,True,False,-1.0,-1.0,0.013832133183634288,-0.013832133183634288,4.76664806266459
2019-11-26 00:00:00-05:00,183.51214599609375,51.32704162597656,-3.2229661731812054,18.086827066107645,2.412,False,False,0.0,False,False,-1.0,-1.0,0.002359771228138974,-0.002359771228138974,4.764288291436451
2019-11-27 00:00:00-05:00,184.95333862304688,51.318416595458984,-3.2412450209029715,18.61777635239102,2.265,False,False,0.0,False,False,-1.0,-1.0,0.0015114320006484768,-0.0015114320006484768,4.762776859435803
2019-11-29 00:00:00-05:00,185.0380859375,51.13734817504883,-3.2597231547788152,18.344488017307157,2.006,False,False,0.0,False,False,-1.0,-1.0,-0.0007769795774054627,0.0007769795774054627,4.763553839013208
2019-12-02 00:00:00-05:00,183.88890075683594,50.551055908203125,-3.2780525853237563,18.17988124610494,1.808,False,False,0.0,False,False,-1.0,-1.0,-0.000470845968065923,0.000470845968065923,4.764024684981274
2019-12-03 00:00:00-05:00,181.3456268310547,50.43034744262695,-3.29262891129659,15.297206834729138,1.12,False,False,0.0,False,False,-1.0,-1.0,-0.008297996001089221,0.008297996001089221,4.772322680982363
2019-12-04 00:00:00-05:00,182.06150817871094,50.80970764160156,-3.304566179705449,14.157466705552906,0.829,False,False,0.0,False,False,-1.0,-1.0,-0.0032567209267026363,0.0032567209267026363,4.7755794019090665
2019-12-05 00:00:00-05:00,182.6643524169922,50.64589309692383,-3.316378397088491,14.703406649100884,0.891,False,False,0.0,False,False,-1.0,-1.0,0.0015570466431663638,-0.0015570466431663638,4.7740223552659
2019-12-06 00:00:00-05:00,184.0490264892578,50.53380584716797,-3.3295844289001035,15.792453407466326,1.057,False,False,0.0,False,False,-1.0,-1.0,0.003091199117162524,-0.003091199117162524,4.7709311561487375
2019-12-09 00:00:00-05:00,183.48385620117188,50.316505432128906,-3.342602005411497,15.295804238439302,0.899,False,False,0.0,False,False,-1.0,-1.0,-0.0014122514693313201,0.0014122514693313201,4.772343407618068
2019-12-10 00:00:00-05:00,183.29550170898438,50.142677307128906,-3.355257747758879,15.053895180866789,0.798,False,False,0.0,False,False,-1.0,-1.0,-0.000688146576575218,0.000688146576575218,4.7730315541946435
2019-12-11 00:00:00-05:00,183.12591552734375,50.646793365478516,-3.364765347624509,12.711340242882756,0.252,False,False,0.0,False,False,-1.0,-1.0,-0.006625987684197149,0.006625987684197149,4.779657541878841
2019-12-12 00:00:00-05:00,186.90316772460938,50.84670639038086,-3.3765505000799556,15.216695834750197,0.77,False,False,0.0,False,False,-1.0,-1.0,0.00698669262882506,-0.00698669262882506,4.772670849250016
2019-12-13 00:00:00-05:00,188.4291534423828,50.89016342163086,-3.389994359935431,15.911786466861827,0.897,False,False,0.0,False,False,-1.0,-1.0,0.0019257441000036612,-0.0019257441000036612,4.770745105150012
2019-12-16 00:00:00-05:00,189.4935760498047,51.58551025390625,-3.401522210415041,14.024317185549734,0.379,False,False,0.0,False,False,-1.0,-1.0,-0.005171675307039274,0.005171675307039274,4.7759167804570515
2019-12-17 00:00:00-05:00,189.55007934570312,51.498592376708984,-3.412159681892886,13.8286587636604,0.28,False,False,0.0,False,False,-1.0,-1.0,-0.00053565203397483,0.00053565203397483,4.776452432491027
2019-12-18 00:00:00-05:00,190.002197265625,51.498592376708984,-3.422405945420258,13.753108534801811,0.217,False,False,0.0,False,False,-1.0,-1.0,-0.00020627976405063441,0.00020627976405063441,4.776658712255077
2019-12-19 00:00:00-05:00,192.01800537109375,50.977088928222656,-3.4365558352415158,16.832392951184517,1.08,False,False,0.0,False,False,-1.0,-1.0,0.008385768187434651,-0.008385768187434651,4.768272944067642
2019-12-20 00:00:00-05:00,193.70407104492188,50.99446105957031,-3.4530107761179325,17.619647483899314,1.262,False,False,0.0,False,False,-1.0,-1.0,0.002128931927840846,-0.002128931927840846,4.766144012139801
2019-12-23 00:00:00-05:00,189.87977600097656,50.933624267578125,-3.4646833032802413,13.410898425549334,-0.134,False,False,0.0,False,False,-1.0,-1.0,-0.011488370483316721,0.011488370483316721,4.777632382623118
2019-12-24 00:00:00-05:00,190.26597595214844,50.855403900146484,-3.4749828011576107,13.544322053215723,-0.164,False,False,0.0,False,False,-1.0,-1.0,0.0003635643733292327,-0.0003635643733292327,4.777268818249789
2019-12-26 00:00:00-05:00,190.2942352294922,50.95970153808594,-3.4838125954350647,12.760185151496756,-0.521,False,False,0.0,False,True,0.0,0.0,-0.0021318015308786375,0.0021318015308786375,4.7794006197806675
2019-12-27 00:00:00-05:00,190.04931640625,50.9162483215332,-3.4915262067289863,12.273901043296064,-0.788,False,False,0.0,False,False,0.0,0.0,-0.0013220538647896497,-0.0,4.7794006197806675
2019-12-30 00:00:00-05:00,190.4934539794922,50.99446105957031,-3.498629301267378,12.082738314141181,-0.974,False,False,0.0,False,False,0.0,0.0,-0.0005181907521916099,-0.0,4.7794006197806675
2019-12-31 00:00:00-05:00,190.8336639404297,51.32476043701172,-3.5040966569256295,10.986742475588102,-1.434,False,False,0.0,False,False,0.0,0.0,-0.002956712279265474,-0.0,4.7794006197806675
2020-01-02 00:00:00-05:00,193.04495239257812,51.02924346923828,-3.512721773057077,13.793417795554149,-0.229,False,False,0.0,False,False,0.0,0.0,0.00753881763070312,0.0,4.7794006197806675
2020-01-03 00:00:00-05:00,193.0922088623047,51.020545959472656,-3.5218618282699485,13.404895590145372,-0.44,False,False,0.0,False,False,0.0,0.0,-0.0010422305473867573,-0.0,4.7794006197806675
2020-01-06 00:00:00-05:00,193.32846069335938,50.525115966796875,-3.533021913284552,14.822118811422797,0.186,False,False,0.0,False,False,0.0,0.0,0.003811432419617148,0.0,4.7794006197806675
2020-01-07 00:00:00-05:00,192.93157958984375,50.064449310302734,-3.5456208413960293,15.422024702219318,0.417,False,True,0.0,False,False,0.0,0.0,0.0016194364906120045,0.0,4.7794006197806675
2020-01-08 00:00:00-05:00,193.14889526367188,50.37735366821289,-3.5567999206323107,13.966727734906414,-0.309,False,False,0.0,False,True,0.0,0.0,-0.003908610139584796,-0.0,4.7794006197806675
2020-01-09 00:00:00-05:00,193.72535705566406,50.77717590332031,-3.5658153228758103,12.663325167244125,-0.913,False,False,0.0,False,False,0.0,0.0,-0.0034777119137718603,-0.0,4.7794006197806675
2020-01-10 00:00:00-05:00,193.72535705566406,50.67286682128906,-3.5740607442837575,12.617452949375945,-0.976,False,False,0.0,False,False,0.0,0.0,-0.0001223803291254878,-0.0,4.7794006197806675
2020-01-13 00:00:00-05:00,193.72535705566406,50.629417419433594,-3.5817475537442793,12.383565066109782,-1.099,False,False,0.0,False,False,0.0,0.0,-0.0006235893595628281,-0.0,4.7794006197806675
2020-01-14 00:00:00-05:00,192.78036499023438,50.74241638183594,-3.587115672297049,10.76144793672816,-1.803,True,False,1.0,False,False,0.0,1.0,-0.0043279622109636635,-0.0,4.7794006197806675
2020-01-15 00:00:00-05:00,192.8464813232422,51.35952377319336,-3.588781492978383,8.528372917822566,-2.516,False,False,1.0,False,False,0.0,1.0,-0.005920691071534856,-0.005920691071534856,4.773479928709133
2020-01-16 00:00:00-05:00,192.95994567871094,51.298683166503906,-3.5896164142426823,8.817350555193741,-2.189,False,False,1.0,False,False,0.0,1.0,0.0007663105020624353,0.0007663105020624353,4.774246239211195
2020-01-17 00:00:00-05:00,193.71591186523438,51.42036819458008,-3.59053914374747,9.089067076687172,-1.953,False,False,1.0,False,False,0.0,1.0,0.0007181755609559,0.0007181755609559,4.7749644147721515
2020-01-21 00:00:00-05:00,193.75372314453125,51.75933837890625,-3.5899702643507863,7.939237461787371,-2.247,False,False,1.0,False,False,0.0,1.0,-0.003029309589579031,-0.003029309589579031,4.771935105182572
2020-01-22 00:00:00-05:00,192.5441131591797,52.41122817993164,-3.5845882426093434,4.6714408446812286,-3.056,False,False,1.0,False,False,0.0,1.0,-0.008590043189175334,-0.008590043189175334,4.763345061993396
2020-01-23 00:00:00-05:00,195.29408264160156,53.66283416748047,-3.575938581023221,3.399083575057034,-2.932,False,False,1.0,False,False,0.0,1.0,-0.0032861393301975056,-0.0032861393301975056,4.760058922663199
2020-01-24 00:00:00-05:00,197.51483154296875,53.593299865722656,-3.5699525092866304,6.189296206381329,-1.874,False,False,1.0,False,False,0.0,1.0,0.007175727802428924,0.007175727802428924,4.767234650465628
2020-01-27 00:00:00-05:00,196.02171325683594,52.51552963256836,-3.5680853361395597,8.64182205526626,-1.078,False,False,1.0,False,False,0.0,1.0,0.00639675426593318,0.00639675426593318,4.773631404731562
2020-01-28 00:00:00-05:00,201.28536987304688,51.863643646240234,-3.576900862818775,15.774258165884703,1.024,False,True,0.0,False,False,0.0,0.0,0.01843976470902672,0.01843976470902672,4.792071169440588
2020-01-29 00:00:00-05:00,200.96408081054688,52.237388610839844,-3.5863258732038616,13.623782486887222,0.409,False,False,0.0,False,False,0.0,0.0,-0.0055381185342085176,-0.0,4.792071169440588
2020-01-30 00:00:00-05:00,202.93911743164062,52.15047836303711,-3.598129497431336,15.294942928442168,0.902,False,False,0.0,False,False,0.0,0.0,0.004278627570771115,0.0,4.792071169440588
2020-01-31 00:00:00-05:00,199.66941833496094,51.45513916015625,-3.608936019580228,13.971113227359922,0.496,False,False,0.0,False,False,0.0,0.0,-0.0034352376199444728,-0.0,4.792071169440588
2020-02-03 00:00:00-05:00,203.2793426513672,51.56813049316406,-3.622694996087607,16.46373435618898,1.209,False,False,0.0,False,False,0.0,0.0,0.006389780546456292,0.0,4.792071169440588
2020-02-04 00:00:00-05:00,206.54905700683594,51.34213638305664,-3.6414826682467702,19.58755721717327,1.991,False,False,0.0,True,False,-1.0,-1.0,0.007938345762346994,0.0,4.792071169440588
2020-02-05 00:00:00-05:00,207.9570770263672,51.524662017822266,-3.661525465706511,19.298214936189936,1.778,False,False,0.0,False,False,-1.0,-1.0,-0.0007295276171397426,0.0007295276171397426,4.792800697057729
2020-02-06 00:00:00-05:00,197.41087341308594,50.698951721191406,-3.6714436231197864,11.27253041745982,-0.331,False,False,0.0,False,True,0.0,0.0,-0.02092478403130905,0.02092478403130905,4.813725481089037
2020-02-07 00:00:00-05:00,198.68663024902344,50.1513786315918,-3.681732569611731,14.042666130162132,0.401,False,True,0.0,False,False,0.0,0.0,0.007226492623867629,0.0,4.813725481089037
2020-02-10 00:00:00-05:00,202.9013214111328,49.925384521484375,-3.697704908205394,18.29198202199845,1.493,False,False,0.0,False,False,0.0,0.0,0.010965674810238378,0.0,4.813725481089037
2020-02-11 00:00:00-05:00,201.26644897460938,50.255672454833984,-3.710948108078404,14.770256358135242,0.609,False,False,0.0,False,False,0.0,0.0,-0.009082168538497467,-0.0,4.813725481089037
2020-02-12 00:00:00-05:00,201.02078247070312,50.59465026855469,-3.7207100156490376,12.772760478231419,0.081,False,False,0.0,False,False,0.0,0.0,-0.005131404975177733,-0.0,4.813725481089037
2020-02-13 00:00:00-05:00,201.0963897705078,50.72502899169922,-3.7283040710267326,11.97805767780659,-0.119,False,False,0.0,False,False,0.0,0.0,-0.0020365782116837073,-0.0,4.813725481089037
2020-02-14 00:00:00-05:00,201.91854858398438,50.82933044433594,-3.735300342700208,12.05573315603425,-0.092,False,False,0.0,False,False,0.0,0.0,0.00019826230995840586,0.0,4.813725481089037
2020-02-18 00:00:00-05:00,200.992431640625,51.298683166503906,-3.738373693091082,9.218784000752464,-0.818,False,False,0.0,False,True,0.0,0.0,-0.00722299940075974,-0.0,4.813725481089037
2020-02-19 00:00:00-05:00,200.1136016845703,51.19437789916992,-3.739450576987896,8.674755710982964,-0.923,False,False,0.0,False,False,0.0,0.0,-0.001389413584369827,-0.0,4.813725481089037
2020-02-20 00:00:00-05:00,197.97789001464844,51.437744140625,-3.7360905399228646,5.801820735886622,-1.572,True,False,1.0,False,False,0.0,1.0,-0.007363593029529629,-0.0,4.813725481089037
2020-02-21 00:00:00-05:00,196.97618103027344,52.11570739746094,-3.7272230735878438,2.729313922104353,-2.105,False,False,1.0,False,False,0.0,1.0,-0.007853593566131098,-0.007853593566131098,4.8058718875229065
2020-02-24 00:00:00-05:00,194.23562622070312,51.37690734863281,-3.717287301903992,3.25290092253249,-1.816,False,False,1.0,False,False,0.0,1.0,0.0013591953715696317,0.0013591953715696317,4.807231082894475
2020-02-25 00:00:00-05:00,191.49513244628906,49.89931106567383,-3.7110627252154353,6.315659136536823,-1.071,False,False,1.0,False,False,0.0,1.0,0.008131045117461336,0.008131045117461336,4.815362128011937
2020-02-26 00:00:00-05:00,193.1961669921875,48.30003356933594,-3.7157259730728165,13.726477758317031,0.575,False,True,0.0,False,False,0.0,0.0,0.019885960835877674,0.019885960835877674,4.835248088847814
2020-02-27 00:00:00-05:00,183.83120727539062,45.9532585144043,-3.7226296298985426,12.764245539281717,0.371,False,False,0.0,False,False,0.0,0.0,-0.0027112910210707114,-0.0,4.835248088847814
2020-02-28 00:00:00-05:00,178.8415985107422,44.59734344482422,-3.729929080451218,12.49667028502185,0.312,False,False,0.0,False,False,0.0,0.0,-0.0007751613505591757,-0.0,4.835248088847814
2020-03-02 00:00:00-05:00,188.56564331054688,46.68336486816406,-3.7394251141164303,13.99669631107352,0.635,False,False,0.0,False,False,0.0,0.0,0.004130771526807866,0.0,4.835248088847814
2020-03-03 00:00:00-05:00,186.31654357910156,46.10970687866211,-3.748957190626144,13.453226418677474,0.506,False,False,0.0,False,False,0.0,0.0,-0.0015130856481682495,-0.0,4.835248088847814
2020-03-04 00:00:00-05:00,195.1901397705078,48.31741714477539,-3.758766498253663,13.576250924578915,0.513,False,False,0.0,False,False,0.0,0.0,0.0003264946671434666,0.0,4.835248088847814
2020-03-05 00:00:00-05:00,190.67303466796875,46.92673873901367,-3.768942643385523,13.808847919488727,0.53,False,False,0.0,False,False,0.0,0.0,0.0006328528958602032,0.0,4.835248088847814
2020-03-06 00:00:00-05:00,188.72630310058594,47.56991958618164,-3.773187078251099,9.236097204561503,-0.482,False,False,0.0,False,True,0.0,0.0,-0.012418646647289023,-0.0,4.835248088847814
2020-03-09 00:00:00-04:00,174.57965087890625,44.51786804199219,-3.7719823762329114,6.659037197049372,-1.022,False,False,0.0,False,False,0.0,0.0,-0.007524256983617405,-0.0,4.835248088847814
2020-03-10 00:00:00-04:00,177.34848022460938,46.429786682128906,-3.763500361722531,2.609961251717266,-1.791,True,False,1.0,False,False,0.0,1.0,-0.011500214306580507,-0.0,4.835248088847814
2020-03-11 00:00:00-04:00,177.8966064453125,42.75504684448242,-3.7712424800292186,16.656957549761188,1.08,False,True,0.0,False,False,0.0,0.0,0.04141991921189721,0.04141991921189721,4.876668008059712
2020-03-12 00:00:00-04:00,163.2963104248047,39.10661315917969,-3.782725718251686,15.366719073855876,0.763,False,False,0.0,False,False,0.0,0.0,-0.004145665474960895,-0.0,4.876668008059712
2020-03-13 00:00:00-04:00,170.13812255859375,38.71195602416992,-3.8054374508436726,22.822195308804197,2.171,False,False,0.0,True,False,-1.0,-1.0,0.023485213811096382,0.0,4.876668008059712
2020-03-16 00:00:00-04:00,154.98973083496094,35.326629638671875,-3.8279939491347665,19.759606334800083,1.432,False,False,0.0,False,False,-1.0,-1.0,-0.010552651438915822,0.010552651438915822,4.887220659498627
2020-03-17 00:00:00-04:00,163.5987091064453,37.782310485839844,-3.8488872112190102,18.178857467190426,1.083,False,False,0.0,False,False,-1.0,-1.0,-0.00511538486165722,0.00511538486165722,4.892336044360285
2020-03-18 00:00:00-04:00,148.5070343017578,33.55503845214844,-3.8696275756066414,18.661532206783022,1.127,False,False,0.0,False,False,-1.0,-1.0,0.0017340411042802415,-0.0017340411042802415,4.890602003256005
2020-03-19 00:00:00-04:00,144.1977996826172,34.32681655883789,-3.880390235861751,10.99635587948518,-0.356,False,False,0.0,False,True,0.0,0.0,-0.0276322899477973,0.0276322899477973,4.918234293203802
2020-03-20 00:00:00-04:00,144.23562622070312,33.169151306152344,-3.8929520387590038,15.10971101951148,0.447,False,True,0.0,False,False,0.0,0.0,0.015047307381391735,0.0,4.918234293203802
2020-03-23 00:00:00-04:00,139.4444580078125,32.32719802856445,-3.903774136365464,13.246378442737964,0.1,False,False,0.0,False,False,0.0,0.0,-0.007014435992813291,-0.0,4.918234293203802
2020-03-24 00:00:00-04:00,160.50857543945312,35.76514434814453,-3.9237931041751803,20.173548676373684,1.461,False,True,0.0,False,False,0.0,0.0,0.023025818674289916,0.0,4.918234293203802
2020-03-25 00:00:00-04:00,154.7534942626953,35.86161422729492,-3.9383367831420997,13.518379848487683,0.188,False,False,0.0,False,False,0.0,0.0,-0.022484543772259464,-0.0,4.918234293203802
2020-03-26 00:00:00-04:00,156.39779663085938,38.597938537597656,-3.937835326129181,4.405470741744409,-1.554,True,False,1.0,False,True,0.0,1.0,-0.029549938345230346,-0.0,4.918234293203802
2020-03-27 00:00:00-04:00,158.0137481689453,39.0101432800293,-3.9314406516567395,4.647685050884149,-1.409,False,False,1.0,False,False,0.0,1.0,0.0007778741599804146,0.0007778741599804146,4.919012167363782
2020-03-30 00:00:00-04:00,164.10543823242188,39.03645324707031,-3.9313353130206323,10.640051087135419,-0.24,False,False,1.0,False,False,0.0,1.0,0.0188693845825546,0.0188693845825546,4.937881551946337
2020-03-31 00:00:00-04:00,161.1639862060547,39.387264251708984,-3.927701310761702,6.462576777299773,-0.988,False,False,1.0,False,False,0.0,1.0,-0.013225488982229212,-0.013225488982229212,4.924656062964107
2020-04-01 00:00:00-04:00,148.20254516601562,37.5279655456543,-3.915159281695623,1.2745825367936732,-1.813,True,False,1.0,False,False,0.0,1.0,-0.017578644374188337,-0.017578644374188337,4.907077418589919
2020-04-02 00:00:00-04:00,150.3090057373047,39.711769104003906,-3.8907987533040966,-4.2014959840538495,-2.45,False,False,1.0,False,False,0.0,1.0,-0.01796498710500061,-0.01796498710500061,4.889112431484918
2020-04-03 00:00:00-04:00,149.0565185546875,38.90489196777344,-3.8658950143681854,-1.3457093380606864,-1.82,False,False,1.0,False,False,0.0,1.0,0.009536494358145062,0.009536494358145062,4.898648925843063
2020-04-06 00:00:00-04:00,166.39219665527344,41.08869934082031,-3.8543316789541158,8.022721138928603,-0.366,False,False,1.0,False,False,0.0,1.0,0.028847093976159234,0.028847093976159234,4.927496019819222
2020-04-07 00:00:00-04:00,169.5519256591797,41.68507385253906,-3.8498451837129033,9.070844855265506,-0.206,False,False,1.0,False,False,0.0,1.0,0.0031758148300664287,0.0031758148300664287,4.930671834649289
2020-04-08 00:00:00-04:00,180.33094787597656,44.605587005615234,-3.8476855761869544,8.702674137118578,-0.278,False,False,1.0,False,False,0.0,1.0,-0.0010460607239035045,-0.0010460607239035045,4.929625773925386
2020-04-09 00:00:00-04:00,185.9956512451172,46.43855667114258,-3.8446049090193384,7.457748299469699,-0.503,False,False,1.0,False,False,0.0,1.0,-0.003415120016626492,-0.003415120016626492,4.926210653908759
2020-04-13 00:00:00-04:00,179.9988555908203,45.307193756103516,-3.839109127255828,6.0595945114150425,-0.747,False,False,1.0,False,False,0.0,1.0,-0.003950277526501497,-0.003950277526501497,4.922260376382257
2020-04-14 00:00:00-04:00,186.92552185058594,46.90338134765625,-3.8341984909808398,7.088647865503475,-0.587,False,False,1.0,False,False,0.0,1.0,0.002805776616612327,0.002805776616612327,4.92506615299887
2020-04-15 00:00:00-04:00,176.15597534179688,45.614158630371094,-3.821812729827507,1.8272032278733832,-1.343,False,False,1.0,False,False,0.0,1.0,-0.015011907581783751,-0.015011907581783751,4.910054245417086
2020-04-16 00:00:00-04:00,179.51492309570312,45.75447463989258,-3.811453733094957,5.1238599236860125,-0.784,False,False,1.0,False,False,0.0,1.0,0.009315063388949852,0.009315063388949852,4.919369308806036
2020-04-17 00:00:00-04:00,185.39785766601562,47.90318298339844,-3.7993035368616144,3.399125130260842,-0.998,False,False,1.0,False,False,0.0,1.0,-0.004694476866205982,-0.004694476866205982,4.914674831939831
2020-04-20 00:00:00-04:00,179.2302703857422,45.46505355834961,-3.7916736630009633,6.841624221619753,-0.438,False,False,1.0,False,False,0.0,1.0,0.009790426309076906,0.009790426309076906,4.924465258248907
2020-04-21 00:00:00-04:00,173.16705322265625,43.86009979248047,-3.786160772089838,7.105663928421052,-0.37,False,False,1.0,False,False,0.0,1.0,0.000778353680612,0.000778353680612,4.925243611929519
2020-04-22 00:00:00-04:00,176.35523986816406,44.81605911254883,-3.7811243314774483,6.900148316774079,-0.373,False,False,1.0,False,False,0.0,1.0,-0.0005943015375027404,-0.0005943015375027404,4.924649310392017
2020-04-23 00:00:00-04:00,167.94830322265625,44.17582702636719,-3.76856731749049,1.4687252679757705,-1.144,False,False,1.0,False,False,0.0,1.0,-0.01624093968982865,-0.01624093968982865,4.908408370702188
2020-04-24 00:00:00-04:00,168.15707397460938,45.052852630615234,-3.749940538357202,-0.7884444735676084,-1.4,False,False,1.0,False,False,0.0,1.0,-0.006695794669868597,-0.006695794669868597,4.901712576032319
2020-04-27 00:00:00-04:00,166.98997497558594,45.614158630371094,-3.725931176307386,-2.9652407463443353,-1.613,True,False,1.0,False,False,0.0,1.0,-0.006460386831076303,-0.006460386831076303,4.895252189201242
2020-04-28 00:00:00-04:00,165.9841766357422,45.500144958496094,-3.7007864516889413,-2.4021433765430515,-1.475,False,False,1.0,False,False,0.0,1.0,0.0016840521979246989,0.0016840521979246989,4.8969362413991675
2020-04-29 00:00:00-04:00,166.2973175048828,45.86849594116211,-3.6754018127666876,-2.2878356261458634,-1.37,False,False,1.0,False,False,0.0,1.0,0.00034133691793460563,0.00034133691793460563,4.897277578317102
2020-04-30 00:00:00-04:00,169.17234802246094,44.47401809692383,-3.6622315017235207,6.298197939684542,-0.153,False,False,1.0,False,False,0.0,1.0,0.025857925365348037,0.025857925365348037,4.923135503682451
2020-05-01 00:00:00-04:00,173.96408081054688,43.33388900756836,-3.665928303176088,15.105150611010885,1.179,False,True,0.0,False,False,0.0,0.0,0.026461369496652794,0.026461369496652794,4.949596873179103
2020-05-04 00:00:00-04:00,174.15386962890625,43.097084045410156,-3.6766622431839955,15.700447927819368,1.324,False,False,0.0,False,False,0.0,0.0,0.0017897903393159994,0.0,4.949596873179103
2020-05-05 00:00:00-04:00,180.15065002441406,43.711002349853516,-3.6942168274942913,18.672729596942702,1.769,False,False,0.0,True,False,-1.0,-1.0,0.008700331079428691,0.0,4.949596873179103
2020-05-06 00:00:00-04:00,174.24874877929688,42.14113235473633,-3.712954434498376,17.780644527995634,1.649,False,False,0.0,False,False,-1.0,-1.0,-0.002697428512554611,0.002697428512554611,4.952294301691658
2020-05-07 00:00:00-04:00,183.27243041992188,41.93940734863281,-3.743984398767682,26.25194361307794,2.578,False,False,0.0,False,False,-1.0,-1.0,0.024894138714727256,-0.024894138714727256,4.92740016297693
2020-05-08 00:00:00-04:00,187.25762939453125,42.7725830078125,-3.7789159609386247,25.623632775736382,2.281,False,False,0.0,False,False,-1.0,-1.0,-0.001800876806706619,0.001800876806706619,4.929201039783637
2020-05-11 00:00:00-04:00,189.77210998535156,42.272682189941406,-3.8190657886860886,28.32995563774662,2.355,False,False,0.0,False,False,-1.0,-1.0,0.007705617729252032,-0.007705617729252032,4.9214954220543845
2020-05-12 00:00:00-04:00,190.52171325683594,41.04484176635742,-3.8659524702593604,31.844305838781906,2.52,False,False,0.0,False,False,-1.0,-1.0,0.01006402935449314,-0.01006402935449314,4.911431392699892
2020-05-13 00:00:00-04:00,187.0868377685547,39.43111801147461,-3.916345173129876,32.660969073201585,2.332,False,False,0.0,False,False,-1.0,-1.0,0.0023913114181770166,-0.0023913114181770166,4.909040081281715
2020-05-14 00:00:00-04:00,191.3472442626953,40.851905822753906,-3.9640679019609224,29.407515656786046,1.838,False,False,0.0,False,False,-1.0,-1.0,-0.009209095342515138,0.009209095342515138,4.918249176624229
2020-05-15 00:00:00-04:00,190.22756958007812,39.869625091552734,-4.011886434846628,30.275161512856982,1.763,False,False,0.0,False,False,-1.0,-1.0,0.0024777140654935674,-0.0024777140654935674,4.915771462558736
2020-05-18 00:00:00-04:00,194.2697296142578,43.2812614440918,-4.044835925836809,19.204128409659774,0.74,False,False,0.0,False,False,-1.0,-1.0,-0.02997555928010339,0.02997555928010339,4.945747021838839
2020-05-19 00:00:00-04:00,192.60922241210938,42.535797119140625,-4.072079724828404,19.40006538384239,0.72,False,False,0.0,False,False,-1.0,-1.0,0.000535612711647667,-0.000535612711647667,4.945211409127191
2020-05-20 00:00:00-04:00,192.26763916015625,42.75504684448242,-4.094053136185448,17.226205538747223,0.49,False,False,0.0,False,False,-1.0,-1.0,-0.005918339638694241,0.005918339638694241,4.9511297487658865
2020-05-21 00:00:00-04:00,189.92391967773438,42.15867614746094,-4.112950116772062,16.52738769407938,0.385,False,False,0.0,False,False,-1.0,-1.0,-0.0019234200592680472,0.0019234200592680472,4.953053168825154
2020-05-22 00:00:00-04:00,188.35833740234375,42.20252227783203,-4.127337031280922,14.174304391589544,0.13,False,False,0.0,False,False,-1.0,-1.0,-0.0064905056471292475,0.0064905056471292475,4.959543674472283
2020-05-26 00:00:00-04:00,191.33773803710938,43.325111389160156,-4.13708797479473,12.09794070237271,-0.077,False,False,0.0,False,False,-1.0,-1.0,-0.005603047921222107,0.005603047921222107,4.965146722393506
2020-05-27 00:00:00-04:00,194.0989227294922,43.772403717041016,-4.145808721115813,12.626909655181322,-0.037,False,False,0.0,False,False,-1.0,-1.0,0.0014084395313404734,-0.0014084395313404734,4.963738282862165
2020-05-28 00:00:00-04:00,195.13314819335938,44.75467300415039,-4.149539418143959,9.421868416493993,-0.343,False,False,0.0,False,True,0.0,0.0,-0.008415618040597686,0.008415618040597686,4.972153900902763
2020-05-29 00:00:00-04:00,192.52378845214844,44.76343536376953,-4.14766549522026,6.860032146319185,-0.584,False,False,0.0,False,False,0.0,0.0,-0.006773983717031886,-0.0,4.972153900902763
2020-06-01 00:00:00-04:00,192.10630798339844,45.7983283996582,-4.137540171221855,2.6138844550019087,-0.969,False,False,0.0,False,False,0.0,0.0,-0.011127258401764446,-0.0,4.972153900902763
2020-06-02 00:00:00-04:00,190.84434509277344,45.84217834472656,-4.123196080632105,1.8280550141589345,-1.017,False,False,0.0,False,False,0.0,0.0,-0.002068730918876126,-0.0,4.972153900902763
2020-06-03 00:00:00-04:00,194.41201782226562,46.26315689086914,-4.110743558772657,4.236043624636437,-0.804,False,False,0.0,False,False,0.0,0.0,0.006261216315752617,0.0,4.972153900902763
2020-06-04 00:00:00-04:00,193.61502075195312,45.552757263183594,-4.102630579730965,6.728885812954303,-0.577,False,False,0.0,False,False,0.0,0.0,0.006551470740715924,0.0,4.972153900902763
2020-06-05 00:00:00-04:00,196.23385620117188,46.90338134765625,-4.092609733120455,4.276621181493482,-0.812,False,False,0.0,False,False,0.0,0.0,-0.006317158448300595,-0.0,4.972153900902763
2020-06-08 00:00:00-04:00,193.58653259277344,49.12507247924805,-4.066808164489333,-6.195713246962782,-1.688,True,False,1.0,False,False,0.0,1.0,-0.02662218000672619,-0.0,4.972153900902763
2020-06-09 00:00:00-04:00,190.73045349121094,47.505279541015625,-4.042465735807883,-1.3080113233199597,-1.202,False,False,1.0,False,False,0.0,1.0,0.012769328150460493,0.012769328150460493,4.984923229053223
2020-06-10 00:00:00-04:00,188.9276580810547,46.20412063598633,-4.024849885947149,2.963008409016794,-0.808,False,False,1.0,False,False,0.0,1.0,0.011392657688643976,0.011392657688643976,4.996315886741867
2020-06-11 00:00:00-04:00,176.2508544921875,44.25682067871094,-4.004311243518596,-0.9672301539609975,-1.14,False,False,1.0,False,False,0.0,1.0,-0.01111904930758181,-0.01111904930758181,4.985196837434286
2020-06-12 00:00:00-04:00,177.2187042236328,44.0001335144043,-3.9865573199685036,1.809649882192872,-0.91,False,False,1.0,False,False,0.0,1.0,0.007874819746050801,0.007874819746050801,4.9930716571803355
2020-06-15 00:00:00-04:00,179.67620849609375,44.16831588745117,-3.973088390578804,4.191585412244137,-0.734,False,False,1.0,False,False,0.0,1.0,0.006706639128687574,0.006706639128687574,4.999778296309024
2020-06-16 00:00:00-04:00,181.8301544189453,44.89412307739258,-3.9608900938581235,4.009467049253686,-0.782,False,False,1.0,False,False,0.0,1.0,-0.0005063754670633584,-0.0005063754670633584,4.99927192084196
2020-06-17 00:00:00-04:00,187.25762939453125,44.66399002075195,-3.9581753802740485,10.469723709585082,-0.233,False,False,1.0,False,False,0.0,1.0,0.017745737930616318,0.017745737930616318,5.017017658772577
2020-06-18 00:00:00-04:00,186.09054565429688,44.58432388305664,-3.9577705277133894,9.636022591907135,-0.322,False,False,1.0,False,False,0.0,1.0,-0.002299579251288751,-0.002299579251288751,5.0147180795212885
2020-06-19 00:00:00-04:00,179.19232177734375,43.11499786376953,-3.9567676872103257,8.59629139583825,-0.401,False,False,1.0,False,False,0.0,1.0,-0.0029724580296965194,-0.0029724580296965194,5.011745621491592
2020-06-22 00:00:00-04:00,183.76585388183594,43.48676300048828,-3.9596755351792132,11.572382324665881,-0.109,False,False,1.0,False,False,0.0,1.0,0.00836076123348421,0.00836076123348421,5.020106382725076
2020-06-23 00:00:00-04:00,184.0599822998047,43.40709686279297,-3.9645775514656005,11.969180503282786,-0.053,False,False,1.0,False,False,0.0,1.0,0.001114129734751853,0.001114129734751853,5.021220512459828
2020-06-24 00:00:00-04:00,181.09002685546875,42.628173828125,-3.9700461368777162,11.854210026969326,-0.048,False,False,1.0,False,False,0.0,1.0,-0.00032818154408606855,-0.00032818154408606855,5.020892330915742
2020-06-25 00:00:00-04:00,189.11740112304688,42.459999084472656,-3.9868228689955956,19.83690575553925,0.743,False,True,0.0,False,False,0.0,0.0,0.022273277289673783,0.022273277289673783,5.043165608205416
2020-06-26 00:00:00-04:00,184.600830078125,42.043983459472656,-4.002887803638258,16.303481471833265,0.438,False,False,0.0,False,False,0.0,0.0,-0.010012588608074934,-0.0,5.043165608205416
2020-06-29 00:00:00-04:00,183.70574951171875,43.55756378173828,-4.008728984954792,9.095281065847445,-0.232,False,False,0.0,False,True,0.0,0.0,-0.020116868968624177,-0.0,5.043165608205416
2020-06-30 00:00:00-04:00,187.53353881835938,43.5133171081543,-4.015905710774515,12.788160148980126,0.226,False,True,0.0,False,False,0.0,0.0,0.0101934694647465,0.0,5.043165608205416
2020-07-01 00:00:00-04:00,185.91482543945312,44.0355339050293,-4.018225264009138,8.97013058813343,-0.137,False,False,0.0,False,False,0.0,0.0,-0.010522059770643933,-0.0,5.043165608205416
2020-07-02 00:00:00-04:00,187.20028686523438,44.354190826416016,-4.018701727747725,8.954023558264026,-0.071,False,False,0.0,False,False,0.0,0.0,-4.4074926584511225e-05,-0.0,5.043165608205416
2020-07-06 00:00:00-04:00,188.03822326660156,44.80561065673828,-4.01720372813776,8.044957094863577,-0.122,False,False,0.0,False,False,0.0,0.0,-0.0024700779403083,-0.0,5.043165608205416
2020-07-07 00:00:00-04:00,187.1812286376953,44.51351547241211,-4.015524674532366,8.436108908046236,-0.011,False,False,0.0,False,False,0.0,0.0,0.0010689359072607477,0.0,5.043165608205416
2020-07-08 00:00:00-04:00,189.71408081054688,45.02688980102539,-4.014506507646505,8.953338685248383,0.132,False,False,0.0,False,False,0.0,0.0,0.0013961266601150775,0.0,5.043165608205416
2020-07-09 00:00:00-04:00,189.50462341308594,44.07094955444336,-4.018587570389613,12.401653318332194,0.782,False,True,0.0,False,False,0.0,0.0,0.009406009843083271,0.0,5.043165608205416
2020-07-10 00:00:00-04:00,192.65634155273438,44.77904510498047,-4.024620944022195,12.43765876991543,0.833,False,False,0.0,False,False,0.0,0.0,9.656171433685077e-05,0.0,5.043165608205416
2020-07-13 00:00:00-04:00,191.83746337890625,45.85892105102539,-4.024130606725682,7.2951755860583205,-0.082,False,False,0.0,False,False,0.0,0.0,-0.013663017651314694,-0.0,5.043165608205416
2020-07-14 00:00:00-04:00,194.19891357421875,45.602230072021484,-4.025894141607457,10.609162683032025,0.555,False,True,0.0,False,False,0.0,0.0,0.008772065995318316,0.0,5.043165608205416
2020-07-15 00:00:00-04:00,196.2650909423828,46.381160736083984,-4.026915154539165,9.492091889129313,0.365,False,False,0.0,False,False,0.0,0.0,-0.002916343891322762,-0.0,5.043165608205416
2020-07-16 00:00:00-04:00,197.56961059570312,46.832576751708984,-4.02693400510166,8.977914727712772,0.269,False,False,0.0,False,False,0.0,0.0,-0.0013315087576359315,-0.0,5.043165608205416
2020-07-17 00:00:00-04:00,198.53135681152344,48.753318786621094,-4.017613272705183,2.6593761659675863,-0.911,False,False,0.0,False,True,0.0,0.0,-0.016020499731275215,-0.0,5.043165608205416
2020-07-20 00:00:00-04:00,197.9886016845703,46.75291061401367,-4.015667693701751,10.244448945349916,0.491,False,True,0.0,False,False,0.0,0.0,0.019664061950644934,0.0,5.043165608205416
2020-07-21 00:00:00-04:00,200.8927764892578,46.266082763671875,-4.022711020200023,14.77769549434862,1.279,False,False,0.0,False,False,0.0,0.0,0.011713577544570048,0.0,5.043165608205416
2020-07-22 00:00:00-04:00,202.34962463378906,46.90338134765625,-4.0309214734051375,13.285777584211473,0.939,False,False,0.0,False,False,0.0,0.0,-0.003811616150360894,-0.0,5.043165608205416
2020-07-23 00:00:00-04:00,201.86404418945312,46.65554428100586,-4.039675538407143,13.390783226402476,0.911,False,False,0.0,False,False,0.0,0.0,0.00026901257144760327,0.0,5.043165608205416
2020-07-24 00:00:00-04:00,201.40695190429688,46.266082763671875,-4.0495198896694395,14.05152953571519,0.976,False,False,0.0,False,False,0.0,0.0,0.0016996148625456364,0.0,5.043165608205416
2020-07-27 00:00:00-04:00,201.39744567871094,46.018253326416016,-4.060423595942158,14.543844028087648,1.077,False,False,0.0,False,False,0.0,0.0,0.0012680313311681853,0.0,5.043165608205416
2020-07-28 00:00:00-04:00,199.90248107910156,46.390010833740234,-4.067120715277496,11.228707035249187,0.329,False,False,0.0,False,False,0.0,0.0,-0.008531496583056727,-0.0,5.043165608205416
2020-07-29 00:00:00-04:00,200.0834197998047,46.54932403564453,-4.071378881685959,10.563484964324914,0.131,False,False,0.0,False,False,0.0,0.0,-0.0017074341455478495,-0.0,5.043165608205416
2020-07-30 00:00:00-04:00,201.37840270996094,46.37229537963867,-4.077174761522408,12.310450354235968,0.509,False,True,0.0,False,False,0.0,0.0,0.004474277624174919,0.0,5.043165608205416
2020-07-31 00:00:00-04:00,199.9691162109375,49.51453399658203,-4.064564834205845,-1.2859174536596072,-2.91,True,False,1.0,False,True,0.0,1.0,-0.03388721195399968,-0.0,5.043165608205416
2020-08-03 00:00:00-04:00,194.8654022216797,48.21337890625,-4.0468981500963785,-0.24923168391919148,-2.451,False,False,1.0,False,False,0.0,1.0,0.002658304717429357,0.002658304717429357,5.045823912922845
2020-08-04 00:00:00-04:00,194.94155883789062,49.25784683227539,-4.023256603997972,-3.2353987287819166,-2.792,False,False,1.0,False,False,0.0,1.0,-0.00759609868335386,-0.00759609868335386,5.038227814239492
2020-08-05 00:00:00-04:00,192.83724975585938,48.31074905395508,-4.001484887909841,-0.47748250714653295,-2.003,False,False,1.0,False,False,0.0,1.0,0.0071420485975924545,0.0071420485975924545,5.045369862837084
2020-08-06 00:00:00-04:00,190.39012145996094,48.355010986328125,-3.978327328904077,-1.981940236405137,-2.077,False,False,1.0,False,False,0.0,1.0,-0.003930528655815918,-0.003930528655815918,5.041439334181269
2020-08-07 00:00:00-04:00,189.9330596923828,49.25784683227539,-3.9509310519254153,-4.681296908239972,-2.289,False,False,1.0,False,False,0.0,1.0,-0.007019567828218255,-0.007019567828218255,5.034419766353051
2020-08-10 00:00:00-04:00,187.6573486328125,48.992305755615234,-3.922394628585395,-4.509808305026041,-2.04,False,False,1.0,False,False,0.0,1.0,0.00045149431039549374,0.00045149431039549374,5.034871260663446
2020-08-11 00:00:00-04:00,186.62896728515625,48.21337890625,-3.8979829955060485,-1.3059638472962547,-1.433,False,False,1.0,False,False,0.0,1.0,0.008553532444703886,0.008553532444703886,5.04342479310815
2020-08-12 00:00:00-04:00,186.04812622070312,49.15162658691406,-3.870961178534638,-4.2159121590721895,-1.729,True,False,1.0,False,False,0.0,1.0,-0.007732804266015043,-0.007732804266015043,5.035691988842134
2020-08-13 00:00:00-04:00,189.24749755859375,49.08967208862305,-3.849266797482335,0.2882526885617551,-1.021,False,False,1.0,False,False,0.0,1.0,0.011909266394117657,0.011909266394117657,5.047601255236252
2020-08-14 00:00:00-04:00,191.8755340576172,48.83297348022461,-3.835338610967107,4.584545380578959,-0.325,False,False,1.0,False,False,0.0,1.0,0.011330886126314988,0.011330886126314988,5.0589321413625665
2020-08-17 00:00:00-04:00,192.0278778076172,48.43467330932617,-3.826960739705055,6.670284612385615,0.013,False,False,1.0,False,False,0.0,1.0,0.0055268138072832994,0.0055268138072832994,5.06445895516985
2020-08-18 00:00:00-04:00,191.6851043701172,48.26649475097656,-3.8212832826550676,7.245154865851873,0.131,False,False,1.0,False,False,0.0,1.0,0.0015284019172470558,0.0015284019172470558,5.0659873570870975
2020-08-19 00:00:00-04:00,193.57997131347656,48.09832000732422,-3.8200637701867763,9.841321646647543,0.539,False,True,0.0,False,False,0.0,0.0,0.006880568931505712,0.006880568931505712,5.072867926018604
2020-08-20 00:00:00-04:00,192.43731689453125,47.66460037231445,-3.8210144406460747,10.310190564293464,0.606,False,False,0.0,False,False,0.0,0.0,0.001251771026660321,0.0,5.072867926018604
2020-08-21 00:00:00-04:00,188.6095428466797,47.16006851196289,-3.8201929128251857,8.448983348928863,0.308,False,False,0.0,False,False,0.0,0.0,-0.005047066461006749,-0.0,5.072867926018604
2020-08-24 00:00:00-04:00,185.29591369628906,47.708858489990234,-3.811958749741349,3.4317131351989474,-0.463,False,False,0.0,False,True,0.0,0.0,-0.013665074224845702,-0.0,5.072867926018604
2020-08-25 00:00:00-04:00,187.82872009277344,47.44331359863281,-3.806331205679952,7.243755041437339,0.149,False,False,0.0,False,False,0.0,0.0,0.010347177805697595,0.0,5.072867926018604
2020-08-26 00:00:00-04:00,191.93267822265625,46.42540740966797,-3.812036411941574,14.957334737779803,1.341,False,True,0.0,False,False,0.0,0.0,0.020909221926482605,0.0,5.072867926018604
2020-08-27 00:00:00-04:00,195.73190307617188,46.283790588378906,-3.826610165341466,18.621879520145484,1.812,False,False,0.0,True,False,-1.0,-1.0,0.009828682132041142,0.0,5.072867926018604
2020-08-28 00:00:00-04:00,195.82711791992188,46.16872024536133,-3.8439231116513835,18.35810713341033,1.649,False,False,0.0,False,False,-1.0,-1.0,-0.0007066035955132836,0.0007066035955132836,5.073574529614117
2020-08-31 00:00:00-04:00,195.70335388183594,46.23952865600586,-3.860639808749513,17.18918881464586,1.413,False,False,0.0,False,False,-1.0,-1.0,-0.003123633340436135,0.003123633340436135,5.076698162954553
2020-09-01 00:00:00-04:00,198.40753173828125,45.141963958740234,-3.885009223673384,23.03058538384397,2.033,False,False,0.0,True,False,-1.0,-1.0,0.01562771305808245,-0.01562771305808245,5.061070449896471
2020-09-02 00:00:00-04:00,205.8346405029297,46.8414192199707,-3.911692669515317,22.605404310476416,1.823,False,False,0.0,False,False,-1.0,-1.0,-0.0010928310203942397,0.0010928310203942397,5.062163280916866
2020-09-03 00:00:00-04:00,199.42640686035156,46.05365753173828,-3.9332394315957315,18.28634508731281,1.211,False,False,0.0,False,False,-1.0,-1.0,-0.011349027250543898,0.011349027250543898,5.07351230816741
2020-09-04 00:00:00-04:00,198.4646759033203,46.487369537353516,-3.9484414625163406,14.91201853871462,0.777,False,False,0.0,False,False,-1.0,-1.0,-0.008832914778324007,0.008832914778324007,5.082345222945734
2020-09-08 00:00:00-04:00,193.4180908203125,46.46056365966797,-3.9542977086291815,9.699190399267223,0.167,False,False,0.0,False,False,-1.0,-1.0,-0.013822107776511699,0.013822107776511699,5.0961673307222455
2020-09-09 00:00:00-04:00,199.1883544921875,47.73822784423828,-3.957642111795738,10.257533633330212,0.247,False,True,0.0,False,False,-1.0,-1.0,0.0014385870874789423,-0.0014385870874789423,5.094728743634766
2020-09-10 00:00:00-04:00,197.36012268066406,46.728607177734375,-3.9627241886305877,12.187540716439145,0.489,False,False,0.0,False,False,-1.0,-1.0,0.005045338763650518,-0.005045338763650518,5.089683404871115
2020-09-11 00:00:00-04:00,196.2650909423828,46.809017181396484,-3.9662601004134865,10.608353756240575,0.309,False,False,0.0,False,False,-1.0,-1.0,-0.0041348434257785826,0.0041348434257785826,5.093818248296894
2020-09-14 00:00:00-04:00,196.34127807617188,46.889434814453125,-3.9687611293322482,10.248311808212065,0.283,False,False,0.0,False,False,-1.0,-1.0,-0.0009414479831584529,0.0009414479831584529,5.094759696280052
2020-09-15 00:00:00-04:00,196.388916015625,46.14785385131836,-3.9746067208929716,12.969345943388447,0.613,False,False,0.0,False,False,-1.0,-1.0,0.007164226800732729,-0.007164226800732729,5.08759546947932
2020-09-16 00:00:00-04:00,197.0459442138672,47.35403823852539,-3.9759065496784287,8.770713427591318,0.099,False,False,0.0,False,False,-1.0,-1.0,-0.010896448957925997,0.010896448957925997,5.0984919184372455
2020-09-17 00:00:00-04:00,195.87474060058594,46.67500686645508,-3.9775821035106644,10.221068607336832,0.288,False,True,0.0,False,False,-1.0,-1.0,0.0038014342624844667,-0.0038014342624844667,5.094690484174761
2020-09-18 00:00:00-04:00,195.4938507080078,45.8619384765625,-3.982942833597546,12.82837151789164,0.57,False,False,0.0,False,False,-1.0,-1.0,0.006894720569917484,-0.006894720569917484,5.087795763604843
2020-09-21 00:00:00-04:00,192.8467559814453,45.7189826965332,-3.986543977513075,10.58602085455638,0.25,False,False,0.0,False,False,-1.0,-1.0,-0.005977888249338238,0.005977888249338238,5.093773651854182
2020-09-22 00:00:00-04:00,193.93226623535156,46.88050079345703,-3.9847947130053316,7.123094530541721,-0.245,False,False,0.0,False,True,0.0,0.0,-0.009095217853746996,0.009095217853746996,5.102868869707929
2020-09-23 00:00:00-04:00,194.23696899414062,46.38908767700195,-3.9842838853581344,9.409674506196126,0.023,False,False,0.0,False,False,0.0,0.0,0.006032169729348466,0.0,5.102868869707929
2020-09-24 00:00:00-04:00,188.8380584716797,47.77397537231445,-3.9701174435808158,-0.8302345031462153,-1.398,False,False,0.0,False,True,0.0,0.0,-0.02705346679179715,-0.0,5.102868869707929
2020-09-25 00:00:00-04:00,189.1713409423828,48.363670349121094,-3.9496852096652093,-1.849932520664595,-1.583,True,False,1.0,False,False,0.0,1.0,-0.00268205635481123,-0.0,5.102868869707929
2020-09-28 00:00:00-04:00,196.960205078125,48.56022262573242,-3.937550158578267,5.751892777576359,-0.585,False,False,1.0,False,False,0.0,1.0,0.01958382753340368,0.01958382753340368,5.122452697241332
2020-09-29 00:00:00-04:00,198.79444885253906,48.96228790283203,-3.9292521347831206,6.409274586470531,-0.542,False,False,1.0,False,False,0.0,1.0,0.001680511381583009,0.001680511381583009,5.124133208622915
2020-09-30 00:00:00-04:00,199.4918670654297,49.06057357788086,-3.923157140079216,7.019527536984668,-0.538,False,False,1.0,False,False,0.0,1.0,0.001556909891893364,0.001556909891893364,5.125690118514808
2020-10-01 00:00:00-04:00,200.69557189941406,49.203529357910156,-3.9190057971212444,7.866655106938822,-0.452,False,False,1.0,False,False,0.0,1.0,0.002152667989659504,0.002152667989659504,5.127842786504468
2020-10-02 00:00:00-04:00,200.24656677246094,49.98978042602539,-3.9112154359621787,4.725765929830459,-1.005,False,False,1.0,False,False,0.0,1.0,-0.007936200490797097,-0.007936200490797097,5.119906586013671
2020-10-05 00:00:00-04:00,200.75286865234375,50.32036209106445,-3.9017527493286472,4.415257516319997,-1.037,False,False,1.0,False,False,0.0,1.0,-0.0007819588464471618,-0.0007819588464471618,5.119124627167223
2020-10-06 00:00:00-04:00,199.71157836914062,49.94511032104492,-3.892935880664866,5.278466336579726,-0.87,False,False,1.0,False,False,0.0,1.0,0.0021900810572380663,0.0021900810572380663,5.121314708224461
2020-10-07 00:00:00-04:00,201.6890869140625,50.954734802246094,-3.8823976915203495,3.8625421457906555,-1.065,False,False,1.0,False,False,0.0,1.0,-0.0035441021039069377,-0.0035441021039069377,5.117770606120554
2020-10-08 00:00:00-04:00,201.641357421875,52.17878723144531,-3.865878704469064,-0.07550496119174,-1.611,True,False,1.0,False,False,0.0,1.0,-0.00976315075192165,-0.00976315075192165,5.108007455368632
2020-10-09 00:00:00-04:00,201.9948272705078,51.42827606201172,-3.8527900475141683,3.852477097977925,-0.939,False,False,1.0,False,False,0.0,1.0,0.009816588611611428,0.009816588611611428,5.117824043980244
2020-10-12 00:00:00-04:00,207.33511352539062,51.60696792602539,-3.8475665122355043,8.773871935203573,-0.177,False,False,1.0,False,False,0.0,1.0,0.012124757404693366,0.012124757404693366,5.129948801384938
2020-10-13 00:00:00-04:00,203.05523681640625,51.74992370605469,-3.8390632429653992,4.384006890227937,-0.871,False,False,1.0,False,True,0.0,1.0,-0.010927497709003432,-0.010927497709003432,5.119021303675934
2020-10-14 00:00:00-04:00,203.0361328125,51.83926773071289,-3.8296552525310132,4.509608860213916,-0.802,False,False,1.0,False,False,0.0,1.0,0.0003127829938119721,0.0003127829938119721,5.119334086669746
2020-10-15 00:00:00-04:00,206.9434356689453,52.22346115112305,-3.823663533558016,7.25849166921239,-0.314,False,False,1.0,False,False,0.0,1.0,0.006760184351220812,0.006760184351220812,5.126094271020967
2020-10-16 00:00:00-04:00,207.07717895507812,53.16160583496094,-3.81479827366803,4.2763767904488645,-0.765,False,False,1.0,False,False,0.0,1.0,-0.007275616198306052,-0.007275616198306052,5.118818654822661
2020-10-19 00:00:00-04:00,203.20809936523438,53.16160583496094,-3.8008231447414804,1.1502374960911084,-1.234,False,False,1.0,False,False,0.0,1.0,-0.007713796847966254,-0.007713796847966254,5.111104857974695
2020-10-20 00:00:00-04:00,200.04595947265625,53.51006317138672,-3.7806433764164242,-2.2565064278713862,-1.805,True,False,1.0,False,False,0.0,1.0,-0.008467148643126143,-0.008467148643126143,5.102637709331569
2020-10-21 00:00:00-04:00,200.0172882080078,53.17947769165039,-3.7615135420159507,-0.018037286470274694,-1.412,False,False,1.0,False,False,0.0,1.0,0.005595436861876955,0.005595436861876955,5.108233146193446
2020-10-22 00:00:00-04:00,200.19879150390625,54.385658264160156,-3.7385734200567673,-3.125984914773568,-1.98,True,False,1.0,False,False,0.0,1.0,-0.007702022571577621,-0.007702022571577621,5.1005311236218684
2020-10-23 00:00:00-04:00,200.38031005859375,54.430335998535156,-3.716136911036706,-1.8902706256927218,-1.634,False,False,1.0,False,False,0.0,1.0,0.0030689471139651175,0.0030689471139651175,5.103600070735833
2020-10-26 00:00:00-04:00,194.1993408203125,54.48394775390625,-3.6875560806067544,-6.7132720150652005,-2.359,False,False,1.0,False,False,0.0,1.0,-0.012206670399993404,-0.012206670399993404,5.09139340033584
2020-10-27 00:00:00-04:00,191.4862060546875,54.50181198120117,-3.655726955472454,-7.757537127081179,-2.286,False,False,1.0,False,False,0.0,1.0,-0.0026726006390260736,-0.0026726006390260736,5.088720799696814
2020-10-28 00:00:00-04:00,185.24790954589844,52.428958892822266,-3.626869098572133,-4.905061332787255,-1.648,False,False,1.0,False,False,0.0,1.0,0.007598479233899851,0.007598479233899851,5.0963192789307135
2020-10-29 00:00:00-04:00,177.93003845214844,53.35817337036133,-3.5876207483942473,-13.498851427777254,-2.746,False,False,1.0,False,False,0.0,1.0,-0.023266772333884685,-0.023266772333884685,5.073052506596829
2020-10-30 00:00:00-04:00,174.3284912109375,51.955413818359375,-3.549712567284797,-10.098294158574959,-2.002,False,False,1.0,False,False,0.0,1.0,0.00947876586406034,0.00947876586406034,5.08253127246089
2020-11-02 00:00:00-05:00,171.54849243164062,52.25920104980469,-3.509854968579524,-11.873724027012628,-2.09,False,False,1.0,False,False,0.0,1.0,-0.005001623581810459,-0.005001623581810459,5.0775296488790795
2020-11-03 00:00:00-05:00,172.4464874267578,53.00077819824219,-3.4698447816807296,-11.457986229430617,-1.86,False,False,1.0,False,False,0.0,1.0,0.0011666526626407546,0.0011666526626407546,5.07869630154172
2020-11-04 00:00:00-05:00,176.01939392089844,52.17878723144531,-3.440292958069988,-3.4909203520750793,-0.676,False,False,1.0,False,False,0.0,1.0,0.022409001818242038,0.022409001818242038,5.1011053033599625
2020-11-05 00:00:00-05:00,178.3790740966797,52.527244567871094,-3.4171201506332576,-1.1128317734339532,-0.284,False,False,1.0,False,False,0.0,1.0,0.006645100362319928,0.006645100362319928,5.1077504037222825
2020-11-06 00:00:00-05:00,183.5856170654297,52.196659088134766,-3.405071074247489,5.85228303206469,0.817,False,True,0.0,False,False,0.0,0.0,0.019276915269230335,0.019276915269230335,5.127027318991513
2020-11-09 00:00:00-05:00,187.2445526123047,53.9478645324707,-3.3942590164983706,4.131527002133339,0.568,False,False,0.0,False,False,0.0,0.0,-0.004646201755044641,-0.0,5.127027318991513
2020-11-10 00:00:00-05:00,192.98606872558594,54.26057434082031,-3.3902659726113766,9.028289883552844,1.346,False,False,0.0,False,False,0.0,0.0,0.012990695863635462,0.0,5.127027318991513
2020-11-11 00:00:00-05:00,193.88406372070312,54.39459991455078,-3.3891030012223347,9.535161900010934,1.34,False,False,0.0,False,False,0.0,0.0,0.0013401053388685008,0.0,5.127027318991513
2020-11-12 00:00:00-05:00,193.16757202148438,52.87569046020508,-3.3942407202315072,13.694750351099657,1.813,False,False,0.0,True,False,-1.0,-1.0,0.011162473316105998,0.0,5.127027318991513
2020-11-13 00:00:00-05:00,197.57167053222656,53.05438995361328,-3.405510744568623,16.894375498662924,2.089,False,False,0.0,False,False,-1.0,-1.0,0.00845904533480276,-0.00845904533480276,5.11856827365671
2020-11-16 00:00:00-05:00,201.20191955566406,53.17947769165039,-3.421748818383196,19.235104602023824,2.189,False,False,0.0,False,False,-1.0,-1.0,0.0061088729130222424,-0.0061088729130222424,5.112459400743688
2020-11-17 00:00:00-05:00,200.74337768554688,52.75954055786133,-3.439572763657257,19.273098959656636,2.019,False,False,0.0,False,False,-1.0,-1.0,9.940607038884116e-05,-9.940607038884116e-05,5.1123599946733
2020-11-18 00:00:00-05:00,196.51123046875,51.66057586669922,-3.456156101940149,17.964215957315474,1.75,False,False,0.0,False,False,-1.0,-1.0,-0.0034898126353956407,0.0034898126353956407,5.115849807308695
2020-11-19 00:00:00-05:00,195.3552703857422,51.481876373291016,-3.470706490993791,16.676787888421188,1.508,False,False,0.0,False,False,-1.0,-1.0,-0.003442010404063143,0.003442010404063143,5.119291817712758
2020-11-20 00:00:00-05:00,190.4926300048828,52.009033203125,-3.4756507290325827,9.727395836161605,0.719,False,False,0.0,False,False,-1.0,-1.0,-0.018718504637547487,0.018718504637547487,5.138010322350306
2020-11-23 00:00:00-05:00,194.81076049804688,52.196659088134766,-3.4818917887217573,13.067641820361558,1.042,False,False,0.0,False,False,-1.0,-1.0,0.008870565857697908,-0.008870565857697908,5.1291397564926084
2020-11-24 00:00:00-05:00,199.66383361816406,53.32243728637695,-3.4892682426248904,13.607546575451607,1.051,False,False,0.0,False,False,-1.0,-1.0,0.001399731894112755,-0.001399731894112755,5.127740024598496
2020-11-25 00:00:00-05:00,200.08416748046875,53.581546783447266,-3.4959067151591436,12.768078271601638,0.912,False,False,0.0,False,False,-1.0,-1.0,-0.0021669275880814814,0.0021669275880814814,5.129906952186578
2020-11-27 00:00:00-05:00,200.1892547607422,53.027587890625,-3.5043664802199626,14.36115322991796,1.029,False,False,0.0,False,False,-1.0,-1.0,0.00412695163145214,-0.00412695163145214,5.1257800005551255
2020-11-30 00:00:00-05:00,198.88999938964844,52.071571350097656,-3.515297033951914,15.84295906943467,1.14,False,False,0.0,False,False,-1.0,-1.0,0.0038797123228539476,-0.0038797123228539476,5.121900288232272
2020-12-01 00:00:00-05:00,204.52642822265625,51.38359451293945,-3.536041490264942,22.831906105952328,1.708,False,False,0.0,True,False,-1.0,-1.0,0.018095722229404414,-0.018095722229404414,5.103804566002868
2020-12-02 00:00:00-05:00,202.9979248046875,51.55335998535156,-3.5558431654715377,19.682262043681305,1.324,False,False,0.0,False,False,-1.0,-1.0,-0.008153076059576643,0.008153076059576643,5.111957642062444
2020-12-03 00:00:00-05:00,203.31317138671875,51.49081802368164,-3.574796596355042,19.243970372124778,1.221,False,False,0.0,False,False,-1.0,-1.0,-0.0011314187293542477,0.0011314187293542477,5.113089060791799
2020-12-04 00:00:00-05:00,204.90858459472656,51.49081802368164,-3.5942715293375684,19.836603349905914,1.205,False,False,0.0,False,False,-1.0,-1.0,0.0015196474637276353,-0.0015196474637276353,5.111569413328071
2020-12-07 00:00:00-05:00,200.09373474121094,51.40147018432617,-3.6072225931025974,14.677190173620033,0.705,False,False,0.0,False,False,-1.0,-1.0,-0.013383334902344024,0.013383334902344024,5.124952748230415
2020-12-08 00:00:00-05:00,201.4407196044922,51.133426666259766,-3.620244655169695,16.32520501545372,0.803,False,False,0.0,False,False,-1.0,-1.0,0.0042633249603952865,-0.0042633249603952865,5.1206894232700195
2020-12-09 00:00:00-05:00,198.29769897460938,51.26860427856445,-3.628061144646312,12.292067851302022,0.414,False,False,0.0,False,False,-1.0,-1.0,-0.010494671391799007,0.010494671391799007,5.131184094661818
2020-12-10 00:00:00-05:00,197.58119201660156,51.00726318359375,-3.634116237394788,12.214868656034156,0.371,False,False,0.0,False,False,-1.0,-1.0,-0.00020159210379477673,0.00020159210379477673,5.131385686765613
2020-12-11 00:00:00-05:00,195.26930236816406,50.89911651611328,-3.63692711122431,10.152925573346636,0.154,False,False,0.0,False,False,-1.0,-1.0,-0.005420664330015569,0.005420664330015569,5.136806351095629
2020-12-14 00:00:00-05:00,196.56857299804688,50.854061126708984,-3.6403807384553466,11.440428400144697,0.23,False,True,0.0,False,False,-1.0,-1.0,0.003373104266935214,-0.003373104266935214,5.133433246828694
2020-12-15 00:00:00-05:00,200.6287078857422,52.09769821166992,-3.6432490372997357,10.823819030543575,0.125,False,False,0.0,False,False,-1.0,-1.0,-0.0015792938280622716,0.0015792938280622716,5.1350125406567555
2020-12-16 00:00:00-05:00,202.51071166992188,51.50291061401367,-3.6507172790583904,14.488145969542387,0.443,False,True,0.0,False,False,-1.0,-1.0,0.009382880157288925,-0.009382880157288925,5.125629660499467
2020-12-17 00:00:00-05:00,202.74951171875,51.53895950317383,-3.659231392756198,14.156533154745944,0.36,False,False,0.0,False,False,-1.0,-1.0,-0.0008473723733828276,0.0008473723733828276,5.12647703287285
2020-12-18 00:00:00-05:00,195.73741149902344,51.20552062988281,-3.6604194022246372,8.30373028438646,-0.388,False,False,0.0,False,True,0.0,0.0,-0.015274646187188287,0.015274646187188287,5.141751679060038
2020-12-21 00:00:00-05:00,198.4314727783203,50.89010238647461,-3.6640467979297435,11.96775608284122,-0.03,False,False,0.0,False,False,0.0,0.0,0.00951954167955164,0.0,5.141751679060038
2020-12-22 00:00:00-05:00,200.25613403320312,50.81800842285156,-3.6707480818023868,13.71602709400321,0.14,False,False,0.0,False,False,0.0,0.0,0.0045198759087390515,0.0,5.141751679060038
2020-12-23 00:00:00-05:00,199.4918670654297,50.944175720214844,-3.6764605200988147,12.197616301083201,-0.242,False,False,0.0,False,True,0.0,0.0,-0.003925711712301572,-0.0,5.141751679060038
2020-12-24 00:00:00-05:00,202.3483123779297,51.50291061401367,-3.682509380057114,12.688360941581266,-0.263,False,False,0.0,False,False,0.0,0.0,0.0012518732021694443,0.0,5.141751679060038
2020-12-28 00:00:00-05:00,198.6511688232422,51.656124114990234,-3.683035089063766,8.399851142700186,-1.349,False,False,0.0,False,False,0.0,0.0,-0.011027211056001697,-0.0,5.141751679060038
2020-12-29 00:00:00-05:00,198.50784301757812,51.43983459472656,-3.682659643021616,9.07244011187143,-1.309,False,False,0.0,False,False,0.0,0.0,0.0017337303232861213,0.0,5.141751679060038
2020-12-30 00:00:00-05:00,197.60678100585938,51.69215774536133,-3.679783840973466,7.390814229427377,-1.709,True,False,1.0,False,False,0.0,1.0,-0.0043360681962576674,-0.0,5.141751679060038
2020-12-31 00:00:00-05:00,201.95884704589844,52.53927993774414,-3.677852586061207,8.72712045707246,-1.344,False,False,1.0,False,False,0.0,1.0,0.0033814223232971974,0.0033814223232971974,5.145133101383335
2021-01-04 00:00:00-05:00,195.26776123046875,50.22322463989258,-3.678581083764288,10.517557104515419,-0.848,False,False,1.0,False,False,0.0,1.0,0.0047114526434656676,0.0047114526434656676,5.1498445540268
2021-01-05 00:00:00-05:00,193.6381378173828,50.23224639892578,-3.678024620841582,8.882698801952898,-1.19,False,False,1.0,False,False,0.0,1.0,-0.004320523398537647,-0.004320523398537647,5.145524030628263
2021-01-06 00:00:00-05:00,195.26776123046875,51.2866325378418,-3.6743456069877527,6.822948267854599,-1.602,True,False,1.0,False,False,0.0,1.0,-0.005367951619593888,-0.005367951619593888,5.140156079008669
2021-01-07 00:00:00-05:00,196.7536163330078,50.55666732788086,-3.6750793854747714,10.953850438006981,-0.526,False,False,1.0,False,False,0.0,1.0,0.010798237218800199,0.010798237218800199,5.15095431622747
2021-01-08 00:00:00-05:00,195.21026611328125,51.64710998535156,-3.6702698366437487,5.651436184223257,-1.757,True,False,1.0,False,False,0.0,1.0,-0.01378076957927062,-0.01378076957927062,5.137173546648199
2021-01-11 00:00:00-05:00,190.9828338623047,51.34971237182617,-3.6602211526678006,3.0315304555390696,-2.173,False,False,1.0,False,False,0.0,1.0,-0.0069138815192674695,-0.0069138815192674695,5.130259665128932
2021-01-12 00:00:00-05:00,191.67300415039062,51.68315124511719,-3.6485611055758196,3.1038687038635544,-1.987,False,False,1.0,False,False,0.0,1.0,0.00019024258700302968,0.00019024258700302968,5.130449907715935
2021-01-13 00:00:00-05:00,195.81419372558594,52.88173294067383,-3.636857118590103,3.4908868369155925,-1.749,False,False,1.0,False,False,0.0,1.0,0.000997116054077623,0.000997116054077623,5.131447023770012
2021-01-14 00:00:00-05:00,196.99325561523438,52.0706672668457,-3.6310257649059827,7.923321173471038,-0.77,False,False,1.0,False,False,0.0,1.0,0.011481110996106747,0.011481110996106747,5.142928134766119
2021-01-15 00:00:00-05:00,198.09567260742188,53.51256561279297,-3.622236210777408,4.260519713161244,-1.44,False,False,1.0,False,False,0.0,1.0,-0.009345530440534511,-0.009345530440534511,5.133582604325584
2021-01-19 00:00:00-05:00,199.86907958984375,52.43113327026367,-3.620167215763606,10.059609839502741,-0.235,False,False,1.0,False,False,0.0,1.0,0.014881727865597652,0.014881727865597652,5.148464332191182
2021-01-20 00:00:00-05:00,201.5657958984375,53.404422760009766,-3.617997740254755,8.34871503311254,-0.546,False,False,1.0,False,False,0.0,1.0,-0.004333761434678428,-0.004333761434678428,5.144130570756503
2021-01-21 00:00:00-05:00,199.93618774414062,52.58433532714844,-3.617587888264124,9.707733152229139,-0.205,False,False,1.0,False,False,0.0,1.0,0.0034831913803867044,0.0034831913803867044,5.147613762136889
2021-01-22 00:00:00-05:00,197.95187377929688,52.59335708618164,-3.6152577072046146,7.8133342257142715,-0.597,False,False,1.0,False,False,0.0,1.0,-0.004881333991855066,-0.004881333991855066,5.142732428145035
2021-01-25 00:00:00-05:00,200.6551513671875,52.7375373840332,-3.6151777729635723,9.99957841559521,0.004,False,False,1.0,False,False,0.0,1.0,0.005586977442764698,0.005586977442764698,5.1483194055878
2021-01-26 00:00:00-05:00,201.51788330078125,52.566314697265625,-3.6175874949961337,11.354640593921658,0.483,False,True,0.0,False,False,0.0,0.0,0.003459605501389451,0.003459605501389451,5.1517790110891895
2021-01-27 00:00:00-05:00,197.44383239746094,50.79098129272461,-3.6234420034442345,13.405657385252255,1.123,False,False,0.0,False,False,0.0,0.0,0.0053764443708822955,0.0,5.1517790110891895
2021-01-28 00:00:00-05:00,197.76974487304688,51.41279220581055,-3.6276209973172806,11.26362033653831,0.553,False,False,0.0,False,False,0.0,0.0,-0.005574216908298747,-0.0,5.1517790110891895
2021-01-29 00:00:00-05:00,194.53924560546875,50.854061126708984,-3.629564749590775,9.961137966431295,0.157,False,False,0.0,False,False,0.0,0.0,-0.0034355651593373456,-0.0,5.1517790110891895
2021-02-01 00:00:00-05:00,198.862548828125,51.50291061401367,-3.6331292015224874,11.745820312949462,0.747,False,True,0.0,False,False,0.0,0.0,0.004623777625581754,0.0,5.1517790110891895
2021-02-02 00:00:00-05:00,202.380615234375,52.58433532714844,-3.636458937656642,11.159839053232162,0.543,False,False,0.0,False,False,0.0,0.0,-0.001488768262759241,-0.0,5.1517790110891895
2021-02-03 00:00:00-05:00,197.6642608642578,52.35904312133789,-3.634721256396382,7.353733866556212,-0.659,False,False,0.0,False,True,0.0,0.0,-0.00981018691356345,-0.0,5.1517790110891895
2021-02-04 00:00:00-05:00,200.63600158691406,52.773582458496094,-3.6333725576329954,8.889915314232326,-0.14,False,False,0.0,False,False,0.0,0.0,0.003915014204791628,0.0,5.1517790110891895
2021-02-05 00:00:00-05:00,214.64120483398438,53.45848846435547,-3.6463512422228854,19.712779014624033,2.983,False,True,0.0,True,False,-1.0,-1.0,0.026424966331432084,0.0,5.1517790110891895
2021-02-08 00:00:00-05:00,216.35708618164062,52.9988899230957,-3.6668804621642006,22.016492206249865,3.094,False,False,0.0,False,False,-1.0,-1.0,0.005609267602254292,-0.005609267602254292,5.146169743486936
2021-02-09 00:00:00-05:00,219.03158569335938,52.926788330078125,-3.6918984948410074,23.63125552077534,2.91,False,False,0.0,False,False,-1.0,-1.0,0.003896329536183223,-0.003896329536183223,5.142273413950752
2021-02-10 00:00:00-05:00,216.2899932861328,53.03493118286133,-3.7127785961034463,19.383035944586055,1.844,False,False,0.0,False,False,-1.0,-1.0,-0.010281343000561587,0.010281343000561587,5.1525547569513135
2021-02-11 00:00:00-05:00,219.02200317382812,52.78260040283203,-3.7355331183501854,21.85085129640524,2.144,False,False,0.0,False,False,-1.0,-1.0,0.005929495288107972,-0.005929495288107972,5.146625261663205
2021-02-12 00:00:00-05:00,218.00587463378906,52.512237548828125,-3.757354352833111,20.698790302693368,1.784,False,False,0.0,False,False,-1.0,-1.0,-0.0027739586951084734,0.0027739586951084734,5.149399220358314
2021-02-16 00:00:00-05:00,218.66732788085938,52.2238655090332,-3.7796204610231086,21.280937249198473,1.756,False,False,0.0,False,False,-1.0,-1.0,0.0013992110167562093,-0.0013992110167562093,5.148000009341557
2021-02-17 00:00:00-05:00,220.37364196777344,52.27793502807617,-3.802439606983624,21.589951245700064,1.67,False,False,0.0,False,False,-1.0,-1.0,0.0007372267461446129,-0.0007372267461446129,5.147262782595413
2021-02-18 00:00:00-05:00,213.75926208496094,52.71951675415039,-3.8138697527233494,12.693891758114916,0.18,False,False,0.0,False,False,-1.0,-1.0,-0.021445350137148565,0.021445350137148565,5.1687081327325615
2021-02-19 00:00:00-05:00,215.66690063476562,52.04363250732422,-3.8266330539254,16.515016235892347,0.768,False,True,0.0,False,False,-1.0,-1.0,0.009211551201731534,-0.009211551201731534,5.15949658153083
2021-02-22 00:00:00-05:00,215.59019470214844,51.44884490966797,-3.8416583376343123,17.941310693267837,0.95,False,False,0.0,False,False,-1.0,-1.0,0.00345149946085538,-0.00345149946085538,5.156045082069975
2021-02-23 00:00:00-05:00,216.72132873535156,52.06165313720703,-3.8549518582480347,16.02616223061068,0.607,False,False,0.0,False,False,-1.0,-1.0,-0.004588099618716767,0.004588099618716767,5.1606331816886915
2021-02-24 00:00:00-05:00,216.29957580566406,50.51160430908203,-3.8736238389272857,20.636621211541694,1.275,False,False,0.0,False,False,-1.0,-1.0,0.01119145223342721,-0.01119145223342721,5.149441729455265
2021-02-25 00:00:00-05:00,214.9862823486328,50.376426696777344,-3.891824965645431,18.930047250107748,0.945,False,False,0.0,False,False,-1.0,-1.0,-0.0041518185807952026,0.0041518185807952026,5.15359354803606
2021-02-26 00:00:00-05:00,211.50656127929688,48.51096725463867,-3.9133616507966,21.665602381944296,1.299,False,False,0.0,False,False,-1.0,-1.0,0.006815926333947495,-0.006815926333947495,5.146777621702112
2021-03-01 00:00:00-05:00,217.33485412597656,49.64646911621094,-3.9364401704519065,21.904498775823868,1.258,False,False,0.0,False,False,-1.0,-1.0,0.0005787706628249319,-0.0005787706628249319,5.146198851039287
2021-03-02 00:00:00-05:00,217.70872497558594,49.21389389038086,-3.9611569349111666,22.764767897721498,1.325,False,False,0.0,False,False,-1.0,-1.0,0.0020847292634007426,-0.0020847292634007426,5.144114121775886
2021-03-03 00:00:00-05:00,213.433349609375,48.889461517333984,-3.981263887100464,18.79150201062535,0.653,False,False,0.0,False,False,-1.0,-1.0,-0.009736602259288305,0.009736602259288305,5.153850724035174
2021-03-04 00:00:00-05:00,212.76231384277344,49.25895690917969,-3.9961814516037073,15.914583916963295,0.123,False,False,0.0,False,False,-1.0,-1.0,-0.0070235535906131765,0.0070235535906131765,5.160874277625788
2021-03-05 00:00:00-05:00,218.5810546875,50.70085144042969,-4.008721175722971,15.335477891065011,-0.017,False,False,0.0,False,False,-1.0,-1.0,-0.0013728531644885934,0.0013728531644885934,5.162247130790276
2021-03-08 00:00:00-05:00,215.90650939941406,51.9285888671875,-4.010346593904011,7.654869909646948,-1.465,False,False,0.0,False,True,0.0,0.0,-0.01810788735647929,0.01810788735647929,5.180355018146756
2021-03-09 00:00:00-05:00,217.00894165039062,52.319644927978516,-4.007932427536421,7.315340146354117,-1.484,False,False,0.0,False,False,0.0,0.0,-0.0007957059753683068,-0.0,5.180355018146756
2021-03-10 00:00:00-05:00,214.9479217529297,52.5106315612793,-4.000943215112927,4.8558666865345685,-1.857,True,False,1.0,False,False,0.0,1.0,-0.005786452084400092,-0.0,5.180355018146756
2021-03-11 00:00:00-05:00,213.01158142089844,51.63756561279297,-3.994962354244227,6.72145073297429,-1.482,False,False,1.0,False,False,0.0,1.0,0.004449264080170369,0.004449264080170369,5.184804282226926
2021-03-12 00:00:00-05:00,213.538818359375,52.46514892578125,-3.986229777440344,4.4006794335835195,-1.817,True,False,1.0,False,False,0.0,1.0,-0.005490650151115338,-0.005490650151115338,5.179313632075811
2021-03-15 00:00:00-04:00,212.18716430664062,53.10175704956055,-3.972429195180317,1.2441942875940981,-2.158,False,False,1.0,False,False,0.0,1.0,-0.007459844832417078,-0.007459844832417078,5.171853787243394
2021-03-16 00:00:00-04:00,212.90611267089844,53.25635528564453,-3.9581571518624337,2.109089114897813,-1.876,False,False,1.0,False,False,0.0,1.0,0.002041275490678812,0.002041275490678812,5.173895062734072
2021-03-17 00:00:00-04:00,212.5034942626953,53.19269943237305,-3.9445242315790887,2.6836024085965846,-1.666,False,False,1.0,False,False,0.0,1.0,0.0013603634385046563,0.0013603634385046563,5.175255426172577
2021-03-18 00:00:00-04:00,211.98582458496094,53.26545333862305,-3.9310071014607177,2.5989492483092533,-1.581,False,False,1.0,False,False,0.0,1.0,-0.00020089854018326102,-0.00020089854018326102,5.175054527632394
2021-03-19 00:00:00-04:00,210.89303588867188,53.57466125488281,-3.915590742936141,1.1165882231132116,-1.679,False,False,1.0,False,False,0.0,1.0,-0.0035238140229987554,-0.0035238140229987554,5.171530713609395
2021-03-22 00:00:00-04:00,211.65992736816406,52.6379508972168,-3.9060994666363635,6.0508554437144255,-0.989,False,False,1.0,False,False,0.0,1.0,0.011825146917135376,0.011825146917135376,5.183355860526531
2021-03-23 00:00:00-04:00,212.3213653564453,53.0380973815918,-3.89787619889247,5.585427938197597,-1.014,False,False,1.0,False,False,0.0,1.0,-0.0011106536085521135,-0.0011106536085521135,5.182245206917979
2021-03-24 00:00:00-04:00,214.4782257080078,53.39277267456055,-3.8915169504416958,6.699345813875254,-0.866,False,False,1.0,False,False,0.0,1.0,0.0026380085992613574,0.0026380085992613574,5.18488321551724
2021-03-25 00:00:00-04:00,215.20677185058594,54.038475036621094,-3.8839490699890993,5.324086988472288,-1.018,False,False,1.0,False,False,0.0,1.0,-0.003235222148387573,-0.003235222148387573,5.181647993368852
2021-03-26 00:00:00-04:00,219.86557006835938,53.929344177246094,-3.882746744857609,10.47158451185146,-0.333,False,False,1.0,False,False,0.0,1.0,0.011991573526851441,0.011991573526851441,5.193639566895704
2021-03-29 00:00:00-04:00,224.888671875,54.75692367553711,-3.885713903592193,12.118932231028936,-0.086,False,False,1.0,False,False,0.0,1.0,0.003764003331868026,0.003764003331868026,5.197403570227572
2021-03-30 00:00:00-04:00,223.36949157714844,54.393150329589844,-3.8895733611619083,11.803343025500709,-0.085,False,False,1.0,False,False,0.0,1.0,-0.0007255997816936135,-0.0007255997816936135,5.1966779704458785
2021-03-31 00:00:00-04:00,220.0714874267578,54.75692367553711,-3.8877019897310823,7.192886301819186,-0.664,False,False,1.0,False,True,0.0,1.0,-0.010648933550526369,-0.010648933550526369,5.186029036895352
2021-04-01 00:00:00-04:00,224.6002197265625,54.26582717895508,-3.892097339114408,13.39233815850912,0.219,False,True,0.0,False,False,0.0,0.0,0.014225187274568278,0.014225187274568278,5.20025422416992
2021-04-05 00:00:00-04:00,226.58091735839844,55.166168212890625,-3.8961818840918587,11.643492152569848,0.012,False,False,0.0,False,False,0.0,0.0,-0.00396098154333162,-0.0,5.20025422416992
2021-04-06 00:00:00-04:00,227.66744995117188,55.402618408203125,-3.9000946829260306,11.591992477159039,0.047,False,False,0.0,False,False,0.0,0.0,-0.00011605746153698818,-0.0,5.20025422416992
2021-04-07 00:00:00-04:00,228.67703247070312,55.684547424316406,-3.903579119568672,11.307995862510126,0.052,False,False,0.0,False,False,0.0,0.0,-0.0006366979429622106,-0.0,5.20025422416992
2021-04-08 00:00:00-04:00,227.9462890625,55.748207092285156,-3.9055159516322298,10.220776988683326,-0.104,False,False,0.0,False,False,0.0,0.0,-0.002439505643064579,-0.0,5.20025422416992
2021-04-09 00:00:00-04:00,230.74429321289062,55.702735900878906,-3.910457401221646,12.921117341003992,0.33,False,True,0.0,False,False,0.0,0.0,0.006019920164585794,0.0,5.20025422416992
2021-04-12 00:00:00-04:00,234.5711212158203,55.739105224609375,-3.920349044282953,16.05437331933598,0.832,False,False,0.0,False,False,0.0,0.0,0.006915338484940464,0.0,5.20025422416992
2021-04-13 00:00:00-04:00,232.56155395507812,56.75767135620117,-3.9237760529131074,9.857162268503743,-0.11,False,False,0.0,False,False,0.0,0.0,-0.013612287741174841,-0.0,5.20025422416992
2021-04-14 00:00:00-04:00,227.60975646972656,57.13053894042969,-3.9174236254533716,3.8052334896034665,-1.015,False,False,0.0,False,True,0.0,0.0,-0.013406595791067838,-0.0,5.20025422416992
2021-04-15 00:00:00-04:00,228.82122802734375,56.74858856201172,-3.9119943009030265,6.821072988463243,-0.482,False,False,0.0,False,False,0.0,0.0,0.006689654954580446,0.0,5.20025422416992
2021-04-16 00:00:00-04:00,231.14813232421875,57.61254119873047,-3.9059426112632996,6.116852712935042,-0.556,False,False,0.0,False,False,0.0,0.0,-0.0015437353311064544,-0.0,5.20025422416992
2021-04-19 00:00:00-04:00,228.85012817382812,57.73077392578125,-3.8968611296065863,3.8813192803457355,-0.924,False,False,0.0,False,False,0.0,0.0,-0.004926047042099814,-0.0,5.20025422416992
2021-04-20 00:00:00-04:00,228.10011291503906,57.885372161865234,-3.8859722941305743,3.159160458593533,-1.062,False,False,0.0,False,False,0.0,0.0,-0.0015940250828256526,-0.0,5.20025422416992
2021-04-21 00:00:00-04:00,226.66746520996094,57.794429779052734,-3.8740783879693366,2.7673138579212946,-1.119,False,False,0.0,False,False,0.0,0.0,-0.0008696732438566589,-0.0,5.20025422416992
2021-04-22 00:00:00-04:00,224.17715454101562,57.22148895263672,-3.8624317394830476,3.1630594298729875,-0.984,False,False,0.0,False,False,0.0,0.0,0.0008889338509256442,0.0,5.20025422416992
2021-04-23 00:00:00-04:00,223.92713928222656,57.23967361450195,-3.8512769420738144,3.481304118864273,-0.867,False,False,0.0,False,False,0.0,0.0,0.0007161657150467703,0.0,5.20025422416992
2021-04-26 00:00:00-04:00,222.39834594726562,56.53031921386719,-3.8424483846366746,5.183512200946069,-0.422,False,False,0.0,False,False,0.0,0.0,0.0038720588023958983,0.0,5.20025422416992
2021-04-27 00:00:00-04:00,227.1578369140625,56.475746154785156,-3.840697965539421,10.251553555058365,0.814,False,True,0.0,False,False,0.0,0.0,0.011412859365885776,0.0,5.20025422416992
2021-04-28 00:00:00-04:00,236.417236328125,56.74858856201172,-3.850677018278125,17.896750532665607,2.377,False,False,0.0,True,False,-1.0,-1.0,0.01680493088574971,0.0,5.20025422416992
2021-04-29 00:00:00-04:00,238.5806427001953,57.376094818115234,-3.862929435895803,16.940837110549325,1.965,False,False,0.0,False,False,-1.0,-1.0,-0.002077077247802469,0.002077077247802469,5.202331301417723
2021-04-30 00:00:00-04:00,248.8976593017578,57.43973922729492,-3.8868058520414484,25.64054473337316,3.096,False,False,0.0,False,False,-1.0,-1.0,0.018425542013510453,-0.018425542013510453,5.183905759404213
2021-05-03 00:00:00-04:00,250.94570922851562,57.885372161865234,-3.9126169612690536,24.462420298630207,2.534,False,False,0.0,False,False,-1.0,-1.0,-0.002467643229228564,0.002467643229228564,5.186373402633441
2021-05-04 00:00:00-04:00,252.66685485839844,57.46702575683594,-3.941093336024956,26.183942606957828,2.476,False,False,0.0,False,False,-1.0,-1.0,0.0035928689242855963,-0.0035928689242855963,5.182780533709155
2021-05-05 00:00:00-04:00,253.0513916015625,55.757301330566406,-3.9766498924358125,31.32412526285441,2.769,False,False,0.0,False,False,-1.0,-1.0,0.010826482130001808,-0.010826482130001808,5.171954051579154
2021-05-06 00:00:00-04:00,256.2532653808594,56.90318298339844,-4.010313965064108,28.05363600593833,2.11,False,False,0.0,False,False,-1.0,-1.0,-0.00675089217614187,0.00675089217614187,5.178704943755296
2021-05-07 00:00:00-04:00,259.67633056640625,57.4306526184082,-4.042742386592186,27.498996936315876,1.881,False,False,0.0,False,False,-1.0,-1.0,-0.00112765057982952,0.00112765057982952,5.179832594335125
2021-05-10 00:00:00-04:00,258.5321044921875,57.54888153076172,-4.070721125753783,24.266656681414048,1.391,False,False,0.0,False,False,-1.0,-1.0,-0.00655916458958923,0.00655916458958923,5.186391758924715
2021-05-11 00:00:00-04:00,254.0802764892578,56.61216735839844,-4.094806085517534,22.264429075750826,1.086,False,False,0.0,False,False,-1.0,-1.0,-0.00412069063153074,0.00412069063153074,5.190512449556246
2021-05-12 00:00:00-04:00,251.12838745117188,55.20254898071289,-4.119511492929312,23.72085248613186,1.182,False,False,0.0,False,False,-1.0,-1.0,0.0030434986009562196,-0.0030434986009562196,5.18746895095529
2021-05-13 00:00:00-04:00,253.01300048828125,56.5212287902832,-4.13871653629973,19.087656241955784,0.602,False,False,0.0,False,False,-1.0,-1.0,-0.009514954602109393,0.009514954602109393,5.196983905557399
2021-05-14 00:00:00-04:00,254.65716552734375,56.857704162597656,-4.155434685567939,18.38868950832486,0.492,False,False,0.0,False,False,-1.0,-1.0,-0.0014237731226041806,0.0014237731226041806,5.198407678680003
2021-05-17 00:00:00-04:00,255.7628936767578,56.64854431152344,-4.172660581713017,19.387745816640802,0.581,False,False,0.0,False,False,-1.0,-1.0,0.0020300326818793297,-0.0020300326818793297,5.196377645998124
2021-05-18 00:00:00-04:00,253.52261352539062,56.48484420776367,-4.1870577688406865,17.01730776351789,0.287,False,False,0.0,False,False,-1.0,-1.0,-0.004837353056476189,0.004837353056476189,5.2012149990546
2021-05-19 00:00:00-04:00,251.78221130371094,56.36662292480469,-4.198271449567872,15.13982756994551,0.041,False,False,0.0,False,False,-1.0,-1.0,-0.003843950965303711,0.003843950965303711,5.205058950019904
2021-05-20 00:00:00-04:00,254.08985900878906,56.91227722167969,-4.207899929688008,14.608691689298695,-0.026,False,False,0.0,False,False,-1.0,-1.0,-0.0010761083052179621,0.0010761083052179621,5.206135058325121
2021-05-21 00:00:00-04:00,252.6956787109375,57.31243133544922,-4.2128436459444565,11.247366525762288,-0.421,False,False,0.0,False,True,0.0,0.0,-0.006802319213557089,0.006802319213557089,5.212937377538679
2021-05-24 00:00:00-04:00,252.8014678955078,57.71257400512695,-4.214318204948025,9.582316611291134,-0.609,False,False,0.0,False,False,0.0,0.0,-0.0033568159267747147,-0.0,5.212937377538679
2021-05-25 00:00:00-04:00,251.52264404296875,56.55759811401367,-4.218939774518466,12.909543808525882,-0.223,False,False,0.0,False,False,0.0,0.0,0.00678837900741141,0.0,5.212937377538679
2021-05-26 00:00:00-04:00,250.05152893066406,56.65763473510742,-4.221902024026058,10.84854616598497,-0.469,False,False,0.0,False,False,0.0,0.0,-0.004212526595614282,-0.0,5.212937377538679
2021-05-27 00:00:00-04:00,251.63267517089844,56.41208267211914,-4.227274801464275,13.163299592929746,-0.196,False,False,0.0,False,False,0.0,0.0,0.004723002940730149,0.0,5.212937377538679
2021-05-28 00:00:00-04:00,251.98941040039062,56.49394226074219,-4.232967096586876,12.852411654190178,-0.222,False,False,0.0,False,True,0.0,0.0,-0.0006330100213502778,-0.0,5.212937377538679
2021-06-01 00:00:00-04:00,250.45645141601562,56.41208267211914,-4.236983913983222,11.439364579955168,-0.395,False,False,0.0,False,False,0.0,0.0,-0.0028868712275663382,-0.0,5.212937377538679
2021-06-02 00:00:00-04:00,249.3380126953125,56.08469772338867,-4.240591477222155,11.505721526929676,-0.424,False,False,0.0,False,False,0.0,0.0,0.00013620893237588298,0.0,5.212937377538679
2021-06-03 00:00:00-04:00,249.46337890625,56.12107467651367,-4.24381894468135,11.29569899818452,-0.471,False,False,0.0,False,False,0.0,0.0,-0.00043069965489038047,-0.0,5.212937377538679
2021-06-04 00:00:00-04:00,250.41790771484375,55.720924377441406,-4.249834844892797,13.613181705956748,-0.218,False,False,0.0,False,False,0.0,0.0,0.00475651693366591,0.0,5.212937377538679
2021-06-07 00:00:00-04:00,247.7760772705078,55.82179641723633,-4.252634449430162,10.386382797491422,-0.662,False,False,0.0,False,False,0.0,0.0,-0.00665092035835357,-0.0,5.212937377538679
2021-06-08 00:00:00-04:00,245.44288635253906,55.95018768310547,-4.250993350674457,7.5990105426698165,-1.061,False,False,0.0,False,False,0.0,0.0,-0.005767532804643446,-0.0,5.212937377538679
2021-06-09 00:00:00-04:00,245.38502502441406,56.060237884521484,-4.247618891654956,7.2624995154497185,-1.152,False,False,0.0,False,False,0.0,0.0,-0.0006959788463466141,-0.0,5.212937377538679
2021-06-10 00:00:00-04:00,248.267822265625,56.51877212524414,-4.2450837263149594,8.340902485447543,-1.058,False,False,0.0,False,False,0.0,0.0,0.002208960640335305,0.0,5.212937377538679
2021-06-11 00:00:00-04:00,248.25819396972656,56.67467498779297,-4.24216033808503,7.835135562651516,-1.178,False,False,0.0,False,False,0.0,0.0,-0.0010349628113133587,-0.0,5.212937377538679
2021-06-14 00:00:00-04:00,246.93727111816406,56.71135711669922,-4.237592275793055,6.617662250697947,-1.37,False,False,0.0,False,False,0.0,0.0,-0.002498627237422432,-0.0,5.212937377538679
2021-06-15 00:00:00-04:00,246.43597412109375,57.179046630859375,-4.22996018362585,4.570883534872792,-1.592,True,False,1.0,False,False,0.0,1.0,-0.004191632711372409,-0.0,5.212937377538679
2021-06-16 00:00:00-04:00,228.63780212402344,56.151939392089844,-4.20623895763438,-7.550672893709418,-2.775,False,False,1.0,False,False,0.0,1.0,-0.02607760581677603,-0.02607760581677603,5.1868597717219025
2021-06-17 00:00:00-04:00,223.86526489257812,56.12443923950195,-4.174197405487263,-10.409223765378442,-2.669,False,False,1.0,False,False,0.0,1.0,-0.006239473543859831,-0.006239473543859831,5.1806202981780425
2021-06-18 00:00:00-04:00,217.12586975097656,54.41868209838867,-4.142460926054477,-8.301394488978787,-2.202,False,False,1.0,False,False,0.0,1.0,0.0047628840799099305,0.0047628840799099305,5.185383182257953
2021-06-21 00:00:00-04:00,221.9273223876953,55.07897186279297,-4.1151590226006585,-4.731405629044957,-1.705,False,False,1.0,False,False,0.0,1.0,0.007958314478827873,0.007958314478827873,5.193341496736781
2021-06-22 00:00:00-04:00,222.14910888671875,54.67546844482422,-4.0930401679024255,-1.6397796568283525,-1.321,False,False,1.0,False,False,0.0,1.0,0.006932860599527767,0.006932860599527767,5.200274357336308
2021-06-23 00:00:00-04:00,221.89840698242188,54.2811279296875,-4.075354059659004,0.6835919113001694,-1.048,False,False,1.0,False,False,0.0,1.0,0.005243290997639824,0.005243290997639824,5.205517648333948
2021-06-24 00:00:00-04:00,224.2123565673828,54.44620132446289,-4.061926473375854,3.0558900327955314,-0.759,False,False,1.0,False,False,0.0,1.0,0.005326592249929917,0.005326592249929917,5.210844240583878
2021-06-25 00:00:00-04:00,227.0565948486328,54.895565032958984,-4.05172735009322,4.634732605771887,-0.545,False,False,1.0,False,False,0.0,1.0,0.0035126101108222283,0.0035126101108222283,5.2143568506947
2021-06-28 00:00:00-04:00,223.0746612548828,55.24404525756836,-4.036713718514985,0.07026589739390943,-1.013,False,False,1.0,False,False,0.0,1.0,-0.010232416520608705,-0.010232416520608705,5.2041244341740915
2021-06-29 00:00:00-04:00,223.86526489257812,54.556251525878906,-4.0255497089454355,4.24636244142232,-0.48,False,False,1.0,False,False,0.0,1.0,0.009416562870871597,0.009416562870871597,5.213540997044963
2021-06-30 00:00:00-04:00,221.7730712890625,54.785518646240234,-4.012602889090918,1.9405408888146098,-0.718,False,False,1.0,False,False,0.0,1.0,-0.005221449963014647,-0.005221449963014647,5.208319547081948
2021-07-01 00:00:00-04:00,222.71795654296875,55.24404525756836,-3.9989210156480044,1.8013829730691668,-0.689,False,False,1.0,False,False,0.0,1.0,-0.0003136769261627106,-0.0003136769261627106,5.208005870155786
2021-07-02 00:00:00-04:00,223.392822265625,55.11565399169922,-3.987335105922558,3.6282402186419347,-0.405,False,False,1.0,False,False,0.0,1.0,0.004122366517617932,0.004122366517617932,5.212128236673403
2021-07-06 00:00:00-04:00,221.70558166503906,55.299068450927734,-3.9742235947491036,1.9347190597162864,-0.591,False,False,1.0,False,False,0.0,1.0,-0.0038360396820821758,-0.0038360396820821758,5.208292196991321
2021-07-07 00:00:00-04:00,222.4961700439453,55.80345916748047,-3.960097250618213,1.5090448198201898,-0.607,False,False,1.0,False,False,0.0,1.0,-0.000959842781989773,-0.000959842781989773,5.207332354209331
2021-07-08 00:00:00-04:00,216.11354064941406,55.5191650390625,-3.9404043741235526,-2.654420118195219,-1.153,False,False,1.0,False,False,0.0,1.0,-0.00957379176729551,-0.00957379176729551,5.1977585624420355
2021-07-09 00:00:00-04:00,220.02796936035156,55.47331619262695,-3.925300334433283,2.2785427573097365,-0.378,False,False,1.0,False,False,0.0,1.0,0.011268199137256156,0.011268199137256156,5.209026761579292
2021-07-12 00:00:00-04:00,217.09693908691406,55.665897369384766,-3.9081054393007912,-0.4512572059381341,-0.748,False,False,1.0,False,False,0.0,1.0,-0.006280525746279753,-0.006280525746279753,5.202746235833012
2021-07-13 00:00:00-04:00,215.9689178466797,54.86804962158203,-3.8938318892340424,2.321956530087732,-0.291,False,False,1.0,False,False,0.0,1.0,0.006455100638800949,0.006455100638800949,5.209201336471813
2021-07-14 00:00:00-04:00,215.052978515625,55.38159942626953,-3.877832809707492,0.2923952063594015,-0.562,False,False,1.0,False,False,0.0,1.0,-0.004721957388015573,-0.004721957388015573,5.204479379083797
2021-07-15 00:00:00-04:00,213.95382690429688,56.11526107788086,-3.8577142243301963,-2.5228139578467506,-0.953,False,False,1.0,False,False,0.0,1.0,-0.006540450490911197,-0.006540450490911197,5.197938928592886
2021-07-16 00:00:00-04:00,214.38768005371094,56.619651794433594,-3.8359947506048875,-2.805007010812915,-0.946,False,False,1.0,False,False,0.0,1.0,-0.0006538598010155899,-0.0006538598010155899,5.19728506879187
2021-07-19 00:00:00-04:00,208.34251403808594,55.19819259643555,-3.8146418069300765,-2.218819107255314,-0.803,False,False,1.0,False,False,0.0,1.0,0.001399337598589598,0.001399337598589598,5.198684406390459
2021-07-20 00:00:00-04:00,211.8230743408203,55.63838577270508,-3.796893099034825,0.5700713589990016,-0.286,False,False,1.0,False,False,0.0,1.0,0.0065919360978840755,0.0065919360978840755,5.205276342488343
2021-07-21 00:00:00-04:00,216.5666961669922,55.06980895996094,-3.7894947657053035,7.879943364829188,1.045,False,True,0.0,False,False,0.0,0.0,0.01718944790112776,0.01718944790112776,5.222465790389471
2021-07-22 00:00:00-04:00,218.2250213623047,55.21653366088867,-3.7867702069396807,9.132696764769435,1.306,False,False,0.0,False,False,0.0,0.0,0.002931669897757866,0.0,5.222465790389471
2021-07-23 00:00:00-04:00,218.29251098632812,56.14277648925781,-3.781457475303392,5.990989146736666,0.822,False,False,0.0,False,False,0.0,0.0,-0.007296217268535388,-0.0,5.222465790389471
2021-07-26 00:00:00-04:00,198.6817626953125,56.445404052734375,-3.751194020351678,-13.055899463639065,-2.589,True,False,1.0,False,True,0.0,1.0,-0.046408350718631544,-0.0,5.222465790389471
2021-07-27 00:00:00-04:00,198.61427307128906,57.6375846862793,-3.7105938810191406,-15.255395982341412,-2.604,False,False,1.0,False,False,0.0,1.0,-0.005332320350148893,-0.005332320350148893,5.217133470039322
2021-07-28 00:00:00-04:00,194.3720245361328,57.316612243652344,-3.6663835338440074,-15.772658809715978,-2.386,False,False,1.0,False,False,0.0,1.0,-0.0012787180783778113,-0.0012787180783778113,5.2158547519609435
2021-07-29 00:00:00-04:00,196.26173400878906,57.8393440246582,-3.62418448586318,-13.358719277880425,-1.862,False,False,1.0,False,False,0.0,1.0,0.005947389679553356,0.005947389679553356,5.221802141640497
2021-07-30 00:00:00-04:00,198.69139099121094,57.06900405883789,-3.5916936120114404,-6.282986330772076,-0.758,False,False,1.0,False,False,0.0,1.0,0.017528692057976216,0.017528692057976216,5.239330833698473
2021-08-02 00:00:00-04:00,196.6474151611328,57.646759033203125,-3.5592190259434457,-8.53002637382096,-1.038,False,False,1.0,False,False,0.0,1.0,-0.005592088208590825,-0.005592088208590825,5.233738745489882
2021-08-03 00:00:00-04:00,205.30543518066406,58.24285125732422,-3.5366814513268756,-0.6809765335046905,0.187,False,False,1.0,False,False,0.0,1.0,0.019083893589369565,0.019083893589369565,5.252822639079252
2021-08-04 00:00:00-04:00,203.61819458007812,58.02275085449219,-3.5173986451361596,-0.47095066258563634,0.19,False,False,1.0,False,False,0.0,1.0,0.000515138802775458,0.000515138802775458,5.253337777882027
2021-08-05 00:00:00-04:00,209.71160888671875,58.60051345825195,-3.5051047624732856,4.3106700808199605,0.887,False,True,0.0,False,False,0.0,0.0,0.011518853790337097,0.011518853790337097,5.264856631672364
2021-08-06 00:00:00-04:00,208.2364501953125,58.56382751464844,-3.4940104324642838,3.6138258940920025,0.728,False,False,0.0,False,False,0.0,0.0,-0.0016878499947657315,-0.0,5.264856631672364
2021-08-09 00:00:00-04:00,210.02976989746094,58.53631591796875,-3.486231476864348,5.958622804562708,1.044,False,False,0.0,False,False,0.0,0.0,0.005662380386675878,0.0,5.264856631672364
2021-08-10 00:00:00-04:00,210.2611846923828,57.683441162109375,-3.4836375068190324,9.31298553766976,1.476,False,False,0.0,False,False,0.0,0.0,0.008157310763983778,0.0,5.264856631672364
2021-08-11 00:00:00-04:00,214.0888214111328,58.26118850708008,-3.4847348994383576,11.064024537753909,1.627,False,False,0.0,True,False,-1.0,-1.0,0.004197990483470072,0.0,5.264856631672364
2021-08-12 00:00:00-04:00,213.34642028808594,58.554649353027344,-3.484698686280199,9.301110611993835,1.308,False,False,0.0,False,False,-1.0,-1.0,-0.0042236436402594115,0.0042236436402594115,5.269080275312624
2021-08-13 00:00:00-04:00,211.37957763671875,59.35250473022461,-3.4788300732507156,4.902299258458015,0.672,False,False,0.0,False,False,-1.0,-1.0,-0.010527077132313774,0.010527077132313774,5.279607352444938
2021-08-16 00:00:00-04:00,210.93606567382812,59.4442024230957,-3.4709227232682243,4.6098327169491995,0.607,False,False,0.0,False,False,-1.0,-1.0,-0.0007009177260168901,0.0007009177260168901,5.280308270170955
2021-08-17 00:00:00-04:00,208.27500915527344,59.36167526245117,-3.4602747934241918,2.867300549181266,0.365,False,False,0.0,False,False,-1.0,-1.0,-0.00421224308619322,0.00421224308619322,5.284520513257148
2021-08-18 00:00:00-04:00,206.44313049316406,58.69221496582031,-3.450212736871365,3.9425028628986922,0.509,False,False,0.0,False,False,-1.0,-1.0,0.002629218058373942,-0.002629218058373942,5.281891295198774
2021-08-19 00:00:00-04:00,206.63600158691406,58.9306526184082,-3.4402661478878223,3.8988723108674606,0.492,False,False,0.0,False,False,-1.0,-1.0,-0.00010657893433127436,0.00010657893433127436,5.281997874133105
2021-08-20 00:00:00-04:00,210.90713500976562,59.563419342041016,-3.433456157646943,6.398746099327866,0.831,False,False,0.0,False,False,-1.0,-1.0,0.006017766897273205,-0.006017766897273205,5.275980107235831
2021-08-23 00:00:00-04:00,210.02011108398438,59.00400924682617,-3.429156474003679,7.686130783057479,0.975,False,False,0.0,False,False,-1.0,-1.0,0.003122036886807328,-0.003122036886807328,5.272858070349024
2021-08-24 00:00:00-04:00,208.6028289794922,58.51797103881836,-3.42610642628571,8.114032350195544,0.992,False,False,0.0,False,False,-1.0,-1.0,0.0010459797765385297,-0.0010459797765385297,5.271812090572485
2021-08-25 00:00:00-04:00,208.61245727539062,58.793094635009766,-3.422517249274396,7.392076748847757,0.846,False,False,0.0,False,False,-1.0,-1.0,-0.0017615855411193238,0.0017615855411193238,5.273573676113605
2021-08-26 00:00:00-04:00,207.05055236816406,58.499629974365234,-3.4183887096630565,7.076077744327421,0.776,False,False,0.0,False,False,-1.0,-1.0,-0.0007763625909090504,0.0007763625909090504,5.274350038704514
2021-08-27 00:00:00-04:00,211.43743896484375,58.848106384277344,-3.418076889829704,10.290086522505504,1.145,False,False,0.0,False,False,-1.0,-1.0,0.007789935172395053,-0.007789935172395053,5.266560103532119
2021-08-30 00:00:00-04:00,207.98577880859375,58.91230773925781,-3.4145690735904375,6.825634748281431,0.664,False,False,0.0,False,False,-1.0,-1.0,-0.008467521196182406,0.008467521196182406,5.275027624728302
2021-08-31 00:00:00-04:00,212.80653381347656,58.6371955871582,-3.417086973444332,12.438136613290794,1.319,False,False,0.0,False,False,-1.0,-1.0,0.013583839298381287,-0.013583839298381287,5.26144378542992
2021-09-01 00:00:00-04:00,215.67967224121094,59.35250473022461,-3.4215231754996185,12.603701782796719,1.258,False,False,0.0,False,False,-1.0,-1.0,0.0003953741815598298,-0.0003953741815598298,5.26104841124836
2021-09-02 00:00:00-04:00,221.81163024902344,59.315818786621094,-3.433359566402732,18.159096378967007,1.794,False,False,0.0,True,False,-1.0,-1.0,0.013057256203169748,-0.013057256203169748,5.247991155045191
2021-09-03 00:00:00-04:00,220.32688903808594,58.82060241699219,-3.446573410573947,17.597364753739015,1.6,False,False,0.0,False,False,-1.0,-1.0,-0.001327793664245595,0.001327793664245595,5.249318948709436
2021-09-07 00:00:00-04:00,218.957763671875,58.21973419189453,-3.4600557890157724,17.514235346250814,1.482,False,False,0.0,False,False,-1.0,-1.0,-0.00019773823028283052,0.00019773823028283052,5.249516686939719
2021-09-08 00:00:00-04:00,217.8489990234375,59.25508117675781,-3.4673321342344607,12.391951942593607,0.885,False,False,0.0,False,False,-1.0,-1.0,-0.012100662040615722,0.012100662040615722,5.261617348980335
2021-09-09 00:00:00-04:00,227.53866577148438,58.53403854370117,-3.486466192254892,23.461719292725462,1.948,False,False,0.0,True,False,-1.0,-1.0,0.02564728206289673,-0.02564728206289673,5.235970066917438
2021-09-10 00:00:00-04:00,228.0689697265625,57.44322204589844,-3.512396680051311,26.305587321098557,2.037,False,False,0.0,False,False,-1.0,-1.0,0.006616226103659079,-0.006616226103659079,5.229353840813779
2021-09-13 00:00:00-04:00,227.94361877441406,57.60962677001953,-3.537634537278273,24.141813433082007,1.727,False,False,0.0,False,False,-1.0,-1.0,-0.005011689220443171,0.005011689220443171,5.234365530034222
2021-09-14 00:00:00-04:00,225.8707275390625,57.84072494506836,-3.5577226165151656,20.08947224635989,1.291,False,False,0.0,False,False,-1.0,-1.0,-0.009387982328118953,0.009387982328118953,5.243753512362341
2021-09-15 00:00:00-04:00,228.26177978515625,58.053340911865234,-3.577002990235234,20.604805750268866,1.325,False,False,0.0,False,False,-1.0,-1.0,0.0011821778700572198,-0.0011821778700572198,5.2425713344922835
2021-09-16 00:00:00-04:00,225.6586151123047,57.87770080566406,-3.5925104077103915,17.73237259360843,0.988,False,False,0.0,False,False,-1.0,-1.0,-0.006624846569492048,0.006624846569492048,5.249196181061776
2021-09-17 00:00:00-04:00,222.0237579345703,57.23060989379883,-3.6044759976646694,15.737398240662287,0.705,False,False,0.0,False,False,-1.0,-1.0,-0.004657780124345814,0.004657780124345814,5.253853961186121
2021-09-20 00:00:00-04:00,218.67816162109375,57.378517150878906,-3.610259468926515,11.526826764170721,0.104,False,False,0.0,False,False,-1.0,-1.0,-0.009887928176222369,0.009887928176222369,5.263741889362343
2021-09-21 00:00:00-04:00,220.702880859375,57.03648376464844,-3.617773700195703,14.357789943990696,0.456,False,True,0.0,False,False,-1.0,-1.0,0.006629145592367145,-0.006629145592367145,5.2571127437699765
2021-09-22 00:00:00-04:00,222.6601104736328,56.40788269042969,-3.6301399987412966,17.891599274797187,0.924,False,False,0.0,False,False,-1.0,-1.0,0.00826760107214905,-0.00826760107214905,5.248845142697827
2021-09-23 00:00:00-04:00,225.08009338378906,56.102813720703125,-3.647089522539002,20.468109278055323,1.236,False,False,0.0,False,False,-1.0,-1.0,0.005996177584449317,-0.005996177584449317,5.242848965113378
2021-09-24 00:00:00-04:00,225.44647216796875,56.11206817626953,-3.6645872273724023,19.81890382776197,1.076,False,False,0.0,False,False,-1.0,-1.0,-0.0015060184313767295,0.0015060184313767295,5.2443549835447545
2021-09-27 00:00:00-04:00,223.2771453857422,56.583518981933594,-3.6766166603575754,15.241236795106033,0.346,False,False,0.0,False,False,-1.0,-1.0,-0.010613328278505205,0.010613328278505205,5.2549683118232595
2021-09-28 00:00:00-04:00,219.8351287841797,55.79776382446289,-3.6857415313418276,14.178993300354193,0.161,False,False,0.0,False,False,-1.0,-1.0,-0.0024965107017632265,0.0024965107017632265,5.257464822525023
2021-09-29 00:00:00-04:00,221.557373046875,56.629737854003906,-3.691951447230058,12.483130420526493,-0.108,False,False,0.0,False,False,-1.0,-1.0,-0.003938082616568899,0.003938082616568899,5.261402905141591
2021-09-30 00:00:00-04:00,224.9147186279297,56.29695129394531,-3.7022934195294397,16.486886312786595,0.48,False,True,0.0,False,False,-1.0,-1.0,0.009239240142808101,-0.009239240142808101,5.2521636649987835
2021-10-01 00:00:00-04:00,233.10980224609375,55.890201568603516,-3.7243689204527075,24.954072566149648,1.672,False,False,0.0,True,False,-1.0,-1.0,0.019188415230179976,-0.019188415230179976,5.232975249768604
2021-10-04 00:00:00-04:00,229.70407104492188,56.52804946899414,-3.7415071403860334,18.203970324585384,0.599,False,False,0.0,False,False,-1.0,-1.0,-0.015299271116492616,0.015299271116492616,5.248274520885096
2021-10-05 00:00:00-04:00,235.19003295898438,56.250728607177734,-3.763776030296384,23.474888940581707,1.361,False,False,0.0,False,False,-1.0,-1.0,0.011794266183367631,-0.011794266183367631,5.236480254701728
2021-10-06 00:00:00-04:00,233.49684143066406,56.343162536621094,-3.783620989816797,20.3156690244451,0.81,False,False,0.0,False,False,-1.0,-1.0,-0.0070727007335764785,0.0070727007335764785,5.243552955435305
2021-10-07 00:00:00-04:00,233.6613006591797,55.890201568603516,-3.8036946046599973,21.072042499322777,0.895,False,False,0.0,False,False,-1.0,-1.0,0.0016949524430386227,-0.0016949524430386227,5.241858002992267
2021-10-08 00:00:00-04:00,235.0061798095703,55.36328887939453,-3.8264423608969818,23.16174600287829,1.202,False,False,0.0,False,False,-1.0,-1.0,0.004676514790130885,-0.004676514790130885,5.237181488202135
2021-10-11 00:00:00-04:00,234.78366088867188,54.79938888549805,-3.850735055123665,23.7657331079304,1.245,False,False,0.0,False,False,-1.0,-1.0,0.00135483390010977,-0.00135483390010977,5.235826654302025
2021-10-12 00:00:00-04:00,234.04835510253906,54.92881393432617,-3.872504567862792,21.336272234575574,0.756,False,False,0.0,False,False,-1.0,-1.0,-0.005437949887396325,0.005437949887396325,5.241264604189421
2021-10-13 00:00:00-04:00,236.0317840576172,55.62212371826172,-3.8914017749306664,19.58375309496043,0.378,False,False,0.0,False,False,-1.0,-1.0,-0.0038731432462608788,0.0038731432462608788,5.245137747435682
2021-10-14 00:00:00-04:00,240.09547424316406,56.76840591430664,-3.907832782193161,18.254036618388454,0.052,False,False,0.0,False,False,-1.0,-1.0,-0.0028785672727364093,0.0028785672727364093,5.248016314708418
2021-10-15 00:00:00-04:00,238.8957061767578,57.41549301147461,-3.9180962407533895,13.936278847496652,-0.927,False,False,0.0,False,True,0.0,0.0,-0.009308418639794518,0.009308418639794518,5.257324733348213
2021-10-18 00:00:00-04:00,236.9509735107422,57.064212799072266,-3.9252825140770815,12.957816830970245,-1.286,False,False,0.0,False,False,0.0,0.0,-0.0021227345190880215,-0.0,5.257324733348213
2021-10-19 00:00:00-04:00,240.04710388183594,57.729793548583984,-3.9317093788304,13.070333148925556,-1.271,False,False,0.0,False,False,0.0,0.0,0.00024092198294600536,0.0,5.257324733348213
2021-10-20 00:00:00-04:00,236.21563720703125,58.60799026489258,-3.9289332730795,5.948754186975378,-2.678,True,False,1.0,False,False,0.0,1.0,-0.015266550520442526,-0.0,5.257324733348213
2021-10-21 00:00:00-04:00,238.85699462890625,58.32141876220703,-3.928254668456345,9.75560910526903,-1.704,False,False,1.0,False,False,0.0,1.0,0.008135028839643189,0.008135028839643189,5.265459762187856
2021-10-22 00:00:00-04:00,239.71812438964844,59.01472854614258,-3.9260130730794067,8.025528613260235,-1.892,False,False,1.0,False,False,0.0,1.0,-0.0036700066799487292,-0.0036700066799487292,5.261789755507907
2021-10-25 00:00:00-04:00,236.86386108398438,59.09792709350586,-3.919789002767604,5.212456376498466,-2.191,False,False,1.0,False,False,0.0,1.0,-0.006004227486610499,-0.006004227486610499,5.255785528021296
2021-10-26 00:00:00-04:00,236.08981323242188,59.72652816772461,-3.9091488268317502,2.609925714827739,-2.397,False,False,1.0,False,False,0.0,1.0,-0.005542373491121463,-0.005542373491121463,5.250243154530175
2021-10-27 00:00:00-04:00,232.46153259277344,59.14414978027344,-3.8965208165953094,2.005121794107083,-2.239,False,False,1.0,False,False,0.0,1.0,-0.0013065035161301541,-0.0013065035161301541,5.248936651014044
2021-10-28 00:00:00-04:00,240.45347595214844,59.46769714355469,-3.8920684164038817,9.001130103447906,-1.087,False,False,1.0,False,False,0.0,1.0,0.01482500953822358,0.01482500953822358,5.263761660552268
2021-10-29 00:00:00-04:00,234.41600036621094,58.977752685546875,-3.8853282581871467,5.268071252682773,-1.576,True,False,1.0,False,False,0.0,1.0,-0.008052953677726328,-0.008052953677726328,5.255708706874541
2021-11-01 00:00:00-04:00,229.90724182128906,59.49542999267578,-3.8708897024118443,-0.39300547792441876,-2.207,False,False,1.0,False,False,0.0,1.0,-0.012301139951950833,-0.012301139951950833,5.24340756692259
2021-11-02 00:00:00-04:00,229.3460693359375,59.14414978027344,-3.8563474318169035,1.265679223785753,-1.804,False,False,1.0,False,False,0.0,1.0,0.003626123210518841,0.003626123210518841,5.247033690133109
2021-11-03 00:00:00-04:00,227.22714233398438,58.580257415771484,-3.8428565146822073,2.111618492026224,-1.563,False,False,1.0,False,False,0.0,1.0,0.0018701292880283723,0.0018701292880283723,5.2489038194211375
2021-11-04 00:00:00-04:00,223.56016540527344,58.866825103759766,-3.8250542160895673,-1.6086321456700432,-1.887,False,False,1.0,False,False,0.0,1.0,-0.008290640776087495,-0.008290640776087495,5.24061317864505
2021-11-05 00:00:00-04:00,223.8020477294922,59.33827590942383,-3.8055209613098793,-2.011005051809235,-1.792,False,False,1.0,False,False,0.0,1.0,-0.0008949274739261841,-0.0008949274739261841,5.239718251171124
2021-11-08 00:00:00-05:00,225.14695739746094,57.47095489501953,-3.7966449094548977,6.9501490537730035,-0.67,False,False,1.0,False,False,0.0,1.0,0.020212653922406357,0.020212653922406357,5.259930905093531
2021-11-09 00:00:00-05:00,225.80487060546875,57.46171188354492,-3.7919586143018074,7.912437236132064,-0.52,False,False,1.0,False,False,0.0,1.0,0.0021687942967841475,0.0021687942967841475,5.262099699390315
2021-11-10 00:00:00-05:00,223.8407745361328,57.97937774658203,-3.784164240441613,4.437286584460878,-0.887,False,False,1.0,False,False,0.0,1.0,-0.007840260880459337,-0.007840260880459337,5.254259438509855
2021-11-11 00:00:00-05:00,222.82484436035156,57.489444732666016,-3.777031089988224,5.685424258912292,-0.69,False,False,1.0,False,False,0.0,1.0,0.0028369069382902334,0.0028369069382902334,5.257096345448145
2021-11-12 00:00:00-05:00,223.41506958007812,57.47095489501953,-3.771302286631324,6.6747259696052765,-0.537,False,False,1.0,False,False,0.0,1.0,0.002247619093269446,0.002247619093269446,5.259343964541415
2021-11-15 00:00:00-05:00,221.9153594970703,58.55252456665039,-3.7598767217924647,1.7650853767400747,-1.077,False,False,1.0,False,False,0.0,1.0,-0.011106134970705285,-0.011106134970705285,5.2482378295707095
2021-11-16 00:00:00-05:00,223.23123168945312,57.97937774658203,-3.7517230040754534,5.7086664356208985,-0.575,False,False,1.0,False,False,0.0,1.0,0.008947355839542025,0.008947355839542025,5.257185185410251
2021-11-17 00:00:00-05:00,222.2443084716797,57.73904037475586,-3.744887139893577,6.018118702460441,-0.503,False,False,1.0,False,False,0.0,1.0,0.0007057539060918242,0.0007057539060918242,5.2578909393163435
2021-11-18 00:00:00-05:00,221.02520751953125,57.68357467651367,-3.737687912376932,5.422007708433995,-0.53,False,False,1.0,False,False,0.0,1.0,-0.0013652593006278054,-0.0013652593006278054,5.256525680015716
2021-11-19 00:00:00-05:00,225.24371337890625,58.30293273925781,-3.73306433584819,7.595114494627097,-0.22,False,False,1.0,False,False,0.0,1.0,0.004906625665025656,0.004906625665025656,5.261432305680741
2021-11-22 00:00:00-05:00,225.86293029785156,58.644962310791016,-3.728681109619952,7.194567155231056,-0.221,False,False,1.0,False,False,0.0,1.0,-0.0009010554381807081,-0.0009010554381807081,5.26053125024256
2021-11-23 00:00:00-05:00,227.4690399169922,59.34751892089844,-3.723488236517207,6.489251348544485,-0.272,False,False,1.0,False,False,0.0,1.0,-0.0015727899414268859,-0.0015727899414268859,5.258958460301133
2021-11-24 00:00:00-05:00,228.46563720703125,59.70804214477539,-3.7180424714191274,6.468600627473137,-0.226,False,False,1.0,False,False,0.0,1.0,-4.584335678194661e-05,-4.584335678194661e-05,5.258912616944351
2021-11-26 00:00:00-05:00,221.557373046875,58.8298454284668,-3.7087163344748557,3.3741643516892736,-0.649,False,False,1.0,False,False,0.0,1.0,-0.007036958616657698,-0.007036958616657698,5.251875658327694
2021-11-29 00:00:00-05:00,222.9119110107422,59.393741607666016,-3.698146771731444,3.26513722330057,-0.639,False,False,1.0,False,False,0.0,1.0,-0.0002463563186844297,-0.0002463563186844297,5.251629302009009
2021-11-30 00:00:00-05:00,218.50958251953125,57.76677703857422,-3.6898531665431733,5.358657342754697,-0.199,False,False,1.0,False,False,0.0,1.0,0.004849922756721145,0.004849922756721145,5.25647922476573
2021-12-01 00:00:00-05:00,219.63194274902344,57.72054672241211,-3.6841895470814254,6.978507862487703,0.236,False,True,0.0,False,False,0.0,0.0,0.003747178608244833,0.003747178608244833,5.260226403373975
2021-12-02 00:00:00-05:00,224.44064331054688,58.395362854003906,-3.6822664955458584,9.413355178005105,0.981,False,False,0.0,False,False,0.0,0.0,0.005540443662230485,0.0,5.260226403373975
2021-12-03 00:00:00-05:00,223.34730529785156,58.65420913696289,-3.679109015324757,7.5520756753076626,0.58,False,False,0.0,False,False,0.0,0.0,-0.004238440494120756,-0.0,5.260226403373975
2021-12-06 00:00:00-05:00,224.95343017578125,58.89455795288086,-3.6766696179036042,8.417598290561102,0.92,False,False,0.0,False,False,0.0,0.0,0.0019604613059283167,0.0,5.260226403373975
2021-12-07 00:00:00-05:00,224.0923309326172,59.73577880859375,-3.6700293516531413,4.8602693612184,-0.093,False,False,0.0,False,False,0.0,0.0,-0.008024212043127036,-0.0,5.260226403373975
2021-12-08 00:00:00-05:00,227.37228393554688,59.54942321777344,-3.6673091904967468,8.986136880225985,1.222,False,True,0.0,False,False,0.0,0.0,0.009255837314924754,0.0,5.260226403373975
2021-12-09 00:00:00-05:00,224.8083038330078,59.39101791381836,-3.663530527986666,7.227496617531301,0.693,False,False,0.0,False,False,0.0,0.0,-0.00397532447967948,-0.0,5.260226403373975
2021-12-10 00:00:00-05:00,226.18222045898438,59.446929931640625,-3.6610773556633616,8.542411422548383,1.121,False,False,0.0,False,False,0.0,0.0,0.0029627073863638634,0.0,5.260226403373975
2021-12-13 00:00:00-05:00,224.41162109375,60.74209213256836,-3.6516550219054547,2.60245531681295,-0.819,False,False,0.0,False,True,0.0,0.0,-0.013311697438821487,-0.0,5.260226403373975
2021-12-14 00:00:00-05:00,224.6341552734375,60.12712478637695,-3.6439175588924724,5.535869498639727,0.119,False,False,0.0,False,False,0.0,0.0,0.0066107724170383665,0.0,5.260226403373975
2021-12-15 00:00:00-05:00,227.03363037109375,61.07753372192383,-3.6359372463545347,4.959550596075786,-0.103,False,False,0.0,False,False,0.0,0.0,-0.0012832531919268148,-0.0,5.260226403373975
2021-12-16 00:00:00-05:00,225.59202575683594,61.13344192504883,-3.6265863217707492,3.8863214686873846,-0.425,False,False,0.0,False,True,0.0,0.0,-0.002399361890972412,-0.0,5.260226403373975
2021-12-17 00:00:00-05:00,225.3210906982422,59.71714401245117,-3.623114714828498,8.959027499197816,1.26,False,True,0.0,False,False,0.0,0.0,0.011484943416452079,0.0,5.260226403373975
2021-12-20 00:00:00-05:00,224.42127990722656,59.71714401245117,-3.6203736765493746,8.222903685840237,0.968,False,False,0.0,False,False,0.0,0.0,-0.0016706558663890196,-0.0,5.260226403373975
2021-12-21 00:00:00-05:00,228.58169555664062,59.92212677001953,-3.6219067353492815,11.549341011853386,1.975,False,False,0.0,True,False,-1.0,-1.0,0.0074648394171054665,0.0,5.260226403373975
2021-12-22 00:00:00-05:00,229.31704711914062,60.192344665527344,-3.6241660123120596,11.16999738096331,1.715,False,False,0.0,False,False,-1.0,-1.0,-0.0008477632810192529,0.0008477632810192529,5.2610741666549945
2021-12-23 00:00:00-05:00,228.784912109375,60.17371368408203,-3.625927432705055,10.599392934522427,1.516,False,False,0.0,False,False,-1.0,-1.0,-0.001276604460839683,0.001276604460839683,5.262350771115834
2021-12-27 00:00:00-05:00,231.3004913330078,60.6209602355957,-3.6284570414461776,11.339941306931848,1.842,False,False,0.0,False,False,-1.0,-1.0,0.001641064272198365,-0.001641064272198365,5.2607097068436355
2021-12-28 00:00:00-05:00,230.9715576171875,61.10547637939453,-3.628632340084858,9.242249870625102,0.95,False,False,0.0,False,False,-1.0,-1.0,-0.004633725262754312,0.004633725262754312,5.265343432106389
2021-12-29 00:00:00-05:00,230.69094848632812,61.4688835144043,-3.626368440733951,7.782129222540959,0.368,False,False,0.0,False,False,-1.0,-1.0,-0.003218962512539275,0.003218962512539275,5.268562394618929
2021-12-30 00:00:00-05:00,230.1958465576172,61.79499053955078,-3.621732538847602,6.390918582746394,-0.214,False,False,0.0,False,True,0.0,0.0,-0.0030643353884741245,0.0030643353884741245,5.271626730007403
2021-12-31 00:00:00-05:00,230.55506896972656,62.1770133972168,-3.615659202090253,5.744178321590709,-0.477,False,False,0.0,False,False,0.0,0.0,-0.0014202648386331326,-0.0,5.271626730007403
2022-01-03 00:00:00-05:00,228.6911163330078,61.64590072631836,-3.609725651241977,6.166327187300027,-0.3,False,False,0.0,False,False,0.0,0.0,0.0009355806401847481,0.0,5.271626730007403
2022-01-04 00:00:00-05:00,231.70059204101562,61.48750305175781,-3.60829846553363,9.835329129863538,1.149,False,True,0.0,False,False,0.0,0.0,0.00808923754401759,0.0,5.271626730007403
2022-01-05 00:00:00-05:00,230.08905029296875,61.33842849731445,-3.6069036447713128,8.847248981460694,0.687,False,False,0.0,False,False,0.0,0.0,-0.0021892590433165125,-0.0,5.271626730007403
2022-01-06 00:00:00-05:00,227.4970245361328,61.39432907104492,-3.6024620694045266,6.326282781153822,-0.392,False,False,0.0,False,True,0.0,0.0,-0.005618781623530271,-0.0,5.271626730007403
2022-01-07 00:00:00-05:00,224.79820251464844,62.428585052490234,-3.5903063895428766,0.6604547105718268,-2.494,True,False,1.0,False,False,0.0,1.0,-0.012620571078256268,-0.0,5.271626730007403
2022-01-10 00:00:00-05:00,225.8272247314453,61.73908996582031,-3.581029059794079,4.737749438601753,-0.873,False,False,1.0,False,False,0.0,1.0,0.009123164848859609,0.009123164848859609,5.280749894856263
2022-01-11 00:00:00-05:00,227.1280975341797,61.357059478759766,-3.576133478420209,7.707062994766886,0.257,False,True,0.0,False,False,0.0,0.0,0.006649466638479061,0.006649466638479061,5.287399361494742
2022-01-12 00:00:00-05:00,226.9436798095703,61.53409194946289,-3.571761728329362,7.158565196978856,0.04,False,False,0.0,False,False,0.0,0.0,-0.001227809365853629,-0.0,5.287399361494742
2022-01-13 00:00:00-05:00,224.45843505859375,61.77635955810547,-3.564059865655902,4.283791311221677,-1.019,False,False,0.0,False,True,0.0,0.0,-0.006465497109385571,-0.0,5.287399361494742
2022-01-14 00:00:00-05:00,222.429443359375,60.79800033569336,-3.5577015602388995,6.128302705673605,-0.365,False,False,0.0,False,False,0.0,0.0,0.004204200622578325,0.0,5.287399361494742
2022-01-18 00:00:00-05:00,220.5266876220703,60.770050048828125,-3.5500875557393963,4.787689182065293,-0.921,False,False,0.0,False,False,0.0,0.0,-0.0030729291036140725,-0.0,5.287399361494742
2022-01-19 00:00:00-05:00,219.9442138671875,61.07753372192383,-3.540792420608589,3.681345395134116,-1.313,False,False,0.0,False,False,0.0,0.0,-0.002536281119046038,-0.0,5.287399361494742
2022-01-20 00:00:00-05:00,221.5751495361328,61.114803314208984,-3.533395025940219,5.63240749439197,-0.538,False,False,0.0,False,False,0.0,0.0,0.004459388145754457,0.0,5.287399361494742
2022-01-21 00:00:00-05:00,219.0510711669922,60.97503662109375,-3.524704874201898,4.132062383983822,-1.053,False,False,0.0,False,False,0.0,0.0,-0.0034572547272867485,-0.0,5.287399361494742
2022-01-24 00:00:00-05:00,224.09921264648438,59.959407806396484,-3.5259732678530384,12.683943564831566,2.033,False,True,0.0,True,False,-1.0,-1.0,0.019636272821316,0.0,5.287399361494742
2022-01-25 00:00:00-05:00,220.03158569335938,60.30415725708008,-3.5237348360842975,7.535726005880605,0.194,False,False,0.0,False,False,-1.0,-1.0,-0.011902637887910171,0.011902637887910171,5.299301999382653
2022-01-26 00:00:00-05:00,218.96371459960938,60.27621078491211,-3.51966914717152,6.811395191547007,-0.088,False,False,0.0,False,False,-1.0,-1.0,-0.0016801296105834666,0.0016801296105834666,5.300982128993236
2022-01-27 00:00:00-05:00,216.47845458984375,60.937767028808594,-3.5099946631735883,2.587217533010147,-1.511,True,False,1.0,False,True,0.0,1.0,-0.009815230348527432,0.009815230348527432,5.3107973593417634
2022-01-28 00:00:00-05:00,224.34193420410156,61.524776458740234,-3.5060938048817976,8.63029661537496,0.605,False,True,0.0,False,False,0.0,0.0,0.013732598641898582,0.013732598641898582,5.324529957983662
2022-01-31 00:00:00-05:00,227.1280975341797,61.99066162109375,-3.505225750227035,9.836834146311077,1.004,False,False,0.0,False,False,0.0,0.0,0.002714862665822845,0.0,5.324529957983662
2022-02-01 00:00:00-05:00,229.21534729003906,61.73908996582031,-3.508525249964185,12.602191235148041,1.829,False,False,0.0,True,False,-1.0,-1.0,0.006202737303894304,0.0,5.324529957983662
2022-02-02 00:00:00-05:00,230.91424560546875,62.68948745727539,-3.5108058584992627,10.823625774150258,1.151,False,False,0.0,False,False,-1.0,-1.0,-0.00394356158281194,0.00394356158281194,5.328473519566474
2022-02-03 00:00:00-05:00,227.48731994628906,62.51244354248047,-3.509514074293387,8.099019515483121,0.207,False,False,0.0,False,False,-1.0,-1.0,-0.006097012534199078,0.006097012534199078,5.334570532100673
2022-02-04 00:00:00-05:00,230.91424560546875,62.09315490722656,-3.5129138340134043,12.78634273433525,1.671,False,False,0.0,True,False,-1.0,-1.0,0.010438492766779476,-0.010438492766779476,5.324132039333894
2022-02-07 00:00:00-05:00,229.01145935058594,62.2329216003418,-3.5145656806215486,10.289768889213207,0.823,False,False,0.0,False,False,-1.0,-1.0,-0.005576030825884944,0.005576030825884944,5.3297080701597785
2022-02-08 00:00:00-05:00,218.565673828125,62.661529541015625,-3.5022776511657074,-0.8924006712337871,-2.488,True,False,1.0,False,True,0.0,1.0,-0.025528683326290255,0.025528683326290255,5.355236753486069
2022-02-09 00:00:00-05:00,221.94406127929688,62.829246520996094,-3.490508244590568,2.638058296346742,-1.357,False,False,1.0,False,False,0.0,1.0,0.008001038987911128,0.008001038987911128,5.36323779247398
2022-02-10 00:00:00-05:00,219.96360778808594,61.357059478759766,-3.483246301477258,6.24185728917584,-0.261,False,False,1.0,False,False,0.0,1.0,0.008309708695409184,0.008309708695409184,5.371547501169389
2022-02-11 00:00:00-05:00,214.73101806640625,61.45022964477539,-3.4713913483452488,1.4132225237042348,-1.589,True,False,1.0,False,False,0.0,1.0,-0.011280570374109452,-0.011280570374109452,5.36026693079528
2022-02-14 00:00:00-05:00,212.46908569335938,60.35074234008789,-3.460945560150955,3.5984519396179167,-0.896,False,False,1.0,False,False,0.0,1.0,0.005186383611735511,0.005186383611735511,5.365453314407016
2022-02-15 00:00:00-05:00,215.67271423339844,60.0339469909668,-3.4563437913096284,8.174754283358993,0.475,False,True,0.0,False,False,0.0,0.0,0.010814318247765253,0.010814318247765253,5.3762676326547805
2022-02-16 00:00:00-05:00,219.19668579101562,60.369384765625,-3.456151862200153,10.550924213423258,1.139,False,False,0.0,False,False,0.0,0.0,0.005553843347425212,0.0,5.3762676326547805
2022-02-17 00:00:00-05:00,216.65318298339844,60.313480377197266,-3.4544503351411224,8.303260480861837,0.462,False,False,0.0,False,False,0.0,0.0,-0.005288581903399301,-0.0,5.3762676326547805
2022-02-18 00:00:00-05:00,219.02195739746094,60.26689147949219,-3.4553168983619273,10.780748856627127,1.122,False,False,0.0,False,False,0.0,0.0,0.005798506806278472,0.0,5.3762676326547805
2022-02-22 00:00:00-05:00,216.68231201171875,60.26689147949219,-3.4541490358110707,8.511486916500388,0.45,False,False,0.0,False,False,0.0,0.0,-0.0053412855924271025,-0.0,5.3762676326547805
2022-02-23 00:00:00-05:00,210.48863220214844,59.23262023925781,-3.4496062323982666,6.1594162635249745,-0.194,False,False,0.0,False,False,0.0,0.0,-0.005670128861420685,-0.0,5.3762676326547805
2022-02-24 00:00:00-05:00,213.39129638671875,58.067909240722656,-3.4522748625986344,12.924912991312965,1.66,False,True,0.0,True,False,-1.0,-1.0,0.016347399258966725,0.0,5.3762676326547805
2022-02-25 00:00:00-05:00,217.0997772216797,60.443931579589844,-3.451553070607942,8.47433957853002,0.405,False,False,0.0,False,False,-1.0,-1.0,-0.01045409869414484,0.01045409869414484,5.386721731348925
2022-02-28 00:00:00-05:00,215.80862426757812,60.406654357910156,-3.4487020422781063,7.4840720162657135,0.079,False,False,0.0,False,False,-1.0,-1.0,-0.0023348033520792064,0.0023348033520792064,5.389056534701004
2022-03-01 00:00:00-05:00,212.53700256347656,60.061893463134766,-3.443154022318603,5.734652497812704,-0.443,False,False,0.0,False,True,0.0,0.0,-0.0041718467572495616,0.0041718467572495616,5.393228381458254
2022-03-02 00:00:00-05:00,217.3424530029297,60.91912841796875,-3.4393816903393937,7.818318130733729,0.167,False,False,0.0,False,False,0.0,0.0,0.0048813041172727605,0.0,5.393228381458254
2022-03-03 00:00:00-05:00,218.17738342285156,61.767032623291016,-3.433971108538494,6.071177934315585,-0.335,False,False,0.0,False,True,0.0,0.0,-0.004060438839506727,-0.0,5.393228381458254
2022-03-04 00:00:00-05:00,215.7503662109375,62.98765182495117,-3.4210477812365037,0.26659968989088156,-1.905,True,False,1.0,False,False,0.0,1.0,-0.013460386838238293,-0.0,5.393228381458254
2022-03-07 00:00:00-05:00,211.2943878173828,63.090152740478516,-3.4017504727412478,-3.322569092857492,-2.532,False,False,1.0,False,False,0.0,1.0,-0.008427032590652644,-0.008427032590652644,5.384801348867601
2022-03-08 00:00:00-05:00,211.12933349609375,62.130428314208984,-3.3857615662149487,0.7705172173719461,-1.438,False,False,1.0,False,False,0.0,1.0,0.009711035321909317,0.009711035321909317,5.39451238418951
2022-03-09 00:00:00-05:00,218.48800659179688,61.82981872558594,-3.3811429486159286,9.43255099358089,0.623,False,True,0.0,False,False,0.0,0.0,0.020260007560025047,0.020260007560025047,5.414772391749535
2022-03-10 00:00:00-05:00,217.96380615234375,61.4352912902832,-3.380607945791901,10.275172264372372,0.788,False,False,0.0,False,False,0.0,0.0,0.0019795992963453353,0.0,5.414772391749535
2022-03-11 00:00:00-05:00,214.28443908691406,61.73588943481445,-3.375867388279388,5.872263257501913,-0.288,False,False,0.0,False,True,0.0,0.0,-0.010416239097968705,-0.0,5.414772391749535
2022-03-14 00:00:00-04:00,213.6728515625,62.49678421020508,-3.36683186628381,3.256686943318698,-0.87,False,False,0.0,False,False,0.0,0.0,-0.006167517229596658,-0.0,5.414772391749535
2022-03-15 00:00:00-04:00,221.88580322265625,63.436161041259766,-3.3630226816932103,8.548554801356488,0.428,False,True,0.0,False,False,0.0,0.0,0.012158978799603936,0.0,5.414772391749535
2022-03-16 00:00:00-04:00,223.7400360107422,63.60525131225586,-3.3622380115095467,9.88404231705806,0.729,False,False,0.0,False,False,0.0,0.0,0.0030518730176862575,0.0,5.414772391749535
2022-03-17 00:00:00-04:00,226.0602569580078,63.642822265625,-3.364715027604156,11.920296481718992,1.155,False,False,0.0,False,False,0.0,0.0,0.004625745476749698,0.0,5.414772391749535
2022-03-18 00:00:00-04:00,229.10855102539062,62.75042724609375,-3.3745664441748415,17.35306488308794,2.225,False,False,0.0,True,False,-1.0,-1.0,0.01232300197646301,0.0,5.414772391749535
2022-03-21 00:00:00-04:00,224.59434509277344,63.36100769042969,-3.3782196805415667,10.546941934018292,0.692,False,False,0.0,False,False,-1.0,-1.0,-0.01551635925262371,0.01551635925262371,5.430288751002159
2022-03-22 00:00:00-04:00,227.53587341308594,63.032222747802734,-3.384588806980689,14.197717821759255,1.477,False,False,0.0,False,False,-1.0,-1.0,0.008280768762871317,-0.008280768762871317,5.422007982239288
2022-03-23 00:00:00-04:00,225.1573944091797,62.75042724609375,-3.3895901837878064,12.459162187329412,1.072,False,False,0.0,False,False,-1.0,-1.0,-0.003970613893457812,0.003970613893457812,5.425978596132746
2022-03-24 00:00:00-04:00,227.83680725097656,63.44554901123047,-3.3942648447560257,12.48581068591156,1.032,False,False,0.0,False,False,-1.0,-1.0,6.012913341182344e-05,-6.012913341182344e-05,5.425918466999334
2022-03-25 00:00:00-04:00,231.04043579101562,64.16887664794922,-3.3993569845504785,12.907516767051362,1.121,False,False,0.0,False,False,-1.0,-1.0,0.000938849280838372,-0.000938849280838372,5.4249796177184955
2022-03-28 00:00:00-04:00,233.8169403076172,64.36613464355469,-3.4065166113982936,14.55263343284895,1.409,False,False,0.0,False,False,-1.0,-1.0,0.0036309528942727455,-0.0036309528942727455,5.421348664824222
2022-03-29 00:00:00-04:00,236.2827606201172,64.91098022460938,-3.4143353317055145,14.654907423595432,1.367,False,False,0.0,False,False,-1.0,-1.0,0.00022334924690659393,-0.00022334924690659393,5.421125315577315
2022-03-30 00:00:00-04:00,233.7891082763672,65.7000732421875,-3.4159975609686297,9.357818325594366,0.196,False,False,0.0,False,False,-1.0,-1.0,-0.011560133766404912,0.011560133766404912,5.432685449343721
2022-03-31 00:00:00-04:00,230.0973358154297,65.75642395019531,-3.411753921764279,5.752598522156262,-0.588,False,False,0.0,False,True,0.0,0.0,-0.007933287907908409,0.007933287907908409,5.440618737251629
2022-04-01 00:00:00-04:00,231.30520629882812,66.75215911865234,-3.4039906144577547,4.081483164144913,-0.993,False,False,0.0,False,False,0.0,0.0,-0.0036445145567498326,-0.0,5.440618737251629
2022-04-04 00:00:00-04:00,232.13319396972656,66.02883911132812,-3.399596183173732,7.661804547463021,-0.224,False,False,0.0,False,False,0.0,0.0,0.007841185817104338,0.0,5.440618737251629
2022-04-05 00:00:00-04:00,233.25338745117188,66.282470703125,-3.396614204511966,8.117405950789248,-0.119,False,False,0.0,False,False,0.0,0.0,0.0009939179095019067,0.0,5.440618737251629
2022-04-06 00:00:00-04:00,233.2436065673828,67.7103271484375,-3.388871674695688,3.7819968096644914,-1.045,False,False,0.0,False,True,0.0,0.0,-0.009369700163653778,-0.0,5.440618737251629
2022-04-07 00:00:00-04:00,234.17874145507812,67.2688217163086,-3.383256959595422,6.591032219593416,-0.403,False,False,0.0,False,False,0.0,0.0,0.0060832384113832134,0.0,5.440618737251629
2022-04-08 00:00:00-04:00,234.80215454101562,67.71971893310547,-3.377585442054851,6.073017732512341,-0.488,False,False,0.0,False,False,0.0,0.0,-0.0011175394126531014,-0.0,5.440618737251629
2022-04-11 00:00:00-04:00,232.1039581298828,67.38153839111328,-3.3706465085900295,4.984611008451793,-0.703,False,False,0.0,False,False,0.0,0.0,-0.0023701034150801813,-0.0,5.440618737251629
2022-04-12 00:00:00-04:00,226.43479919433594,67.56002044677734,-3.35714378721482,-0.3739037126688345,-1.764,True,False,1.0,False,False,0.0,1.0,-0.011822595792939834,-0.0,5.440618737251629
2022-04-13 00:00:00-04:00,227.81800842285156,67.21246337890625,-3.3458903645403324,2.9324748263491927,-1.004,False,False,1.0,False,False,0.0,1.0,0.007303628604868909,0.007303628604868909,5.447922365856498
2022-04-14 00:00:00-04:00,228.0810089111328,68.38668060302734,-3.3320316918010113,0.21442184477220394,-1.476,False,False,1.0,False,False,0.0,1.0,-0.0059613275857937804,-0.0059613275857937804,5.441961038270704
2022-04-18 00:00:00-04:00,227.16537475585938,68.03911590576172,-3.3188940700297955,1.350756446156879,-1.18,False,False,1.0,False,False,0.0,1.0,0.0025085756960135947,0.0025085756960135947,5.444469613966717
2022-04-19 00:00:00-04:00,229.103759765625,68.64970397949219,-3.3068116864476655,2.092116375067434,-0.996,False,False,1.0,False,False,0.0,1.0,0.0016253779718478378,0.0016253779718478378,5.4460949919385655
2022-04-20 00:00:00-04:00,233.6624755859375,70.19967651367188,-3.2952771942748242,2.3350825249645766,-0.904,False,False,1.0,False,False,0.0,1.0,0.0005225192338150465,0.0005225192338150465,5.446617511172381
2022-04-21 00:00:00-04:00,236.43861389160156,70.143310546875,-3.2879469984666962,5.811126516486553,-0.225,False,False,1.0,False,False,0.0,1.0,0.007442295602474033,0.007442295602474033,5.454059806774855
2022-04-22 00:00:00-04:00,231.23703002929688,69.40120697021484,-3.2791959941860958,3.656870140888202,-0.678,False,False,1.0,False,False,0.0,1.0,-0.004695239025339794,-0.004695239025339794,5.449364567749515
2022-04-25 00:00:00-04:00,234.8118896484375,68.23638153076172,-3.2786540552801062,11.088400624965061,0.762,False,True,0.0,False,False,0.0,0.0,0.016207103813017334,0.016207103813017334,5.465571671562532
2022-04-26 00:00:00-04:00,229.0648193359375,66.94003295898438,-3.278402467291447,9.608450122632348,0.406,False,False,0.0,False,False,0.0,0.0,-0.003299622270064128,-0.0,5.465571671562532
2022-04-27 00:00:00-04:00,226.90235900878906,66.17913818359375,-3.2785860318644793,9.928360959229394,0.472,False,False,0.0,False,False,0.0,0.0,0.0007207206049836822,0.0,5.465571671562532
2022-04-28 00:00:00-04:00,222.96707153320312,66.83670043945312,-3.2723876256360804,4.251480076791154,-0.724,False,False,0.0,False,True,0.0,0.0,-0.012852849699857284,-0.0,5.465571671562532
2022-04-29 00:00:00-04:00,209.29100036621094,65.4370346069336,-3.2555317330023628,-3.741342310235183,-2.212,True,False,1.0,False,False,0.0,1.0,-0.01892583613645769,-0.0,5.465571671562532
2022-05-02 00:00:00-04:00,205.9986114501953,64.67613983154297,-3.236547833765022,-3.3288088178687474,-1.979,False,False,1.0,False,False,0.0,1.0,0.0009932762717996008,0.0009932762717996008,5.466564947834332
2022-05-03 00:00:00-04:00,208.44354248046875,64.34735107421875,-3.2220811644514176,1.1111546018858292,-1.077,False,False,1.0,False,False,0.0,1.0,0.010678740868718294,0.010678740868718294,5.47724368870305
2022-05-04 00:00:00-04:00,214.44384765625,65.07066345214844,-3.2135165084171815,5.338196439112437,-0.265,False,False,1.0,False,False,0.0,1.0,0.009980042116612691,0.009980042116612691,5.487223730819663
2022-05-05 00:00:00-04:00,210.528076171875,64.71371459960938,-3.2039318947713347,3.189741937057164,-0.625,False,False,1.0,False,False,0.0,1.0,-0.005141486485990265,-0.005141486485990265,5.4820822443336725
2022-05-06 00:00:00-04:00,206.99217224121094,65.22097778320312,-3.1892349913206886,-1.0128522731297096,-1.369,False,False,1.0,False,False,0.0,1.0,-0.010126801441172997,-0.010126801441172997,5.4719554428925
2022-05-09 00:00:00-04:00,202.384765625,64.87340545654297,-3.170628001603359,-3.3046702748832786,-1.682,True,False,1.0,False,False,0.0,1.0,-0.005616179589862703,-0.005616179589862703,5.466339263302637
2022-05-10 00:00:00-04:00,201.00157165527344,64.18766784667969,-3.1532442157909655,-1.3978207073810154,-1.256,False,False,1.0,False,False,0.0,1.0,0.004726933591109413,0.004726933591109413,5.471066196893746
2022-05-11 00:00:00-04:00,196.4136505126953,64.77007293701172,-3.130404623591569,-6.342885279689341,-2.031,True,False,1.0,False,False,0.0,1.0,-0.012388361510869163,-0.012388361510869163,5.458677835382877
2022-05-12 00:00:00-04:00,196.14088439941406,64.15008544921875,-3.1096673212018384,-3.3445399743270343,-1.391,False,False,1.0,False,False,0.0,1.0,0.007578730834812864,0.007578730834812864,5.46625656621769
2022-05-13 00:00:00-04:00,200.49502563476562,64.42251586914062,-3.0945898055264363,1.1337647797579962,-0.507,False,False,1.0,False,False,0.0,1.0,0.011199785786535502,0.011199785786535502,5.477456352004226
2022-05-16 00:00:00-04:00,198.95599365234375,63.934024810791016,-3.0818339424456043,1.9219459132885959,-0.302,False,False,1.0,False,False,0.0,1.0,0.001990406452549035,0.001990406452549035,5.479446758456775
2022-05-17 00:00:00-04:00,201.83926391601562,64.4882583618164,-3.071745306624321,3.747758960729442,0.164,False,False,1.0,False,False,0.0,1.0,0.004565322774723529,0.004565322774723529,5.484012081231499
2022-05-18 00:00:00-04:00,197.66046142578125,63.746150970458984,-3.0609277952103287,2.5380960826294654,-0.072,False,False,1.0,False,False,0.0,1.0,-0.003079724457534899,-0.003079724457534899,5.480932356773964
2022-05-19 00:00:00-04:00,195.1180877685547,63.56766891479492,-3.0485111285468522,1.3313416660205633,-0.331,False,False,1.0,False,True,0.0,1.0,-0.003102955560097018,-0.003102955560097018,5.477829401213867
2022-05-20 00:00:00-04:00,193.3355255126953,63.4549560546875,-3.034997191245185,0.7499121161320943,-0.447,False,False,1.0,False,False,0.0,1.0,-0.0015066019745168203,-0.0015066019745168203,5.476322799239351
2022-05-23 00:00:00-04:00,198.74171447753906,64.14070892333984,-3.0257356643416924,4.6688839520302565,0.527,False,True,0.0,False,False,0.0,0.0,0.009976646449962169,0.009976646449962169,5.486299445689313
2022-05-24 00:00:00-04:00,197.90396118164062,64.53522491455078,-3.0159115921071775,3.2714282626029956,0.226,False,False,0.0,False,False,0.0,0.0,-0.003560065651039416,-0.0,5.486299445689313
2022-05-25 00:00:00-04:00,196.8422393798828,63.999778747558594,-3.007244537454449,4.379254342993903,0.5,False,False,0.0,False,False,0.0,0.0,0.0028456491485583596,0.0,5.486299445689313
2022-05-26 00:00:00-04:00,202.71595764160156,63.85887908935547,-3.0062870629800345,10.737835578865969,1.976,False,False,0.0,True,False,-1.0,-1.0,0.01611015103301078,0.0,5.486299445689313
2022-05-27 00:00:00-04:00,209.27149963378906,64.8546142578125,-3.0110921355140583,13.98828069029193,2.461,False,False,0.0,False,False,-1.0,-1.0,0.008034624148883819,-0.008034624148883819,5.478264821540429
2022-05-31 00:00:00-04:00,205.59922790527344,64.38492584228516,-3.0144644975058372,11.513154779158725,1.788,False,False,0.0,False,False,-1.0,-1.0,-0.0061926868582510815,0.0061926868582510815,5.4844575083986795
2022-06-01 00:00:00-04:00,203.0666046142578,63.971614837646484,-3.0158636250206747,10.1369383915669,1.402,False,False,0.0,False,False,-1.0,-1.0,-0.0034753266354835984,0.0034753266354835984,5.487932835034163
2022-06-02 00:00:00-04:00,208.11233520507812,64.38492584228516,-3.020832990307263,13.616227142216502,1.925,False,False,0.0,True,False,-1.0,-1.0,0.00864186732500814,-0.00864186732500814,5.479290967709155
2022-06-03 00:00:00-04:00,201.2742919921875,64.34735107421875,-3.0189830258757415,7.010731339053933,0.622,False,False,0.0,False,False,-1.0,-1.0,-0.01670003454533015,0.01670003454533015,5.495991002254486
2022-06-06 00:00:00-04:00,202.87179565429688,64.24402618408203,-3.017725431049719,9.00096404556848,0.949,False,False,0.0,False,False,-1.0,-1.0,0.005016432744432825,-0.005016432744432825,5.490974569510053
2022-06-07 00:00:00-04:00,204.40109252929688,64.77007293701172,-3.0166322083321018,9.0136043714879,0.903,False,False,0.0,False,False,-1.0,-1.0,3.161752618770641e-05,-3.161752618770641e-05,5.4909429519838655
2022-06-08 00:00:00-04:00,201.0502471923828,63.55817413330078,-3.015987870119679,9.35956495939331,0.919,False,False,0.0,False,False,-1.0,-1.0,0.0008808875316651918,-0.0008808875316651918,5.4900620644522
2022-06-09 00:00:00-04:00,196.93960571289062,61.69300079345703,-3.017141593684561,10.803086979736776,1.137,False,False,0.0,False,False,-1.0,-1.0,0.0037682380295323854,-0.0037682380295323854,5.486293826422668
2022-06-10 00:00:00-04:00,194.3291015625,61.986507415771484,-3.0148387370794674,7.449777829168454,0.505,False,False,0.0,False,False,-1.0,-1.0,-0.008796524232028797,0.008796524232028797,5.495090350654697
2022-06-13 00:00:00-04:00,190.1503143310547,59.74260711669922,-3.014683060975864,10.045288637805442,0.987,False,False,0.0,False,False,-1.0,-1.0,0.007010056380190535,-0.007010056380190535,5.488080294274506
2022-06-14 00:00:00-04:00,189.81912231445312,57.7259407043457,-3.0213341721145497,15.409765046955215,1.851,False,False,0.0,True,False,-1.0,-1.0,0.014728327711514859,-0.014728327711514859,5.4733519665629915
2022-06-15 00:00:00-04:00,189.7606658935547,57.29988098144531,-3.0306037443952865,16.107432037782274,1.857,False,False,0.0,False,False,-1.0,-1.0,0.0019197586864682138,-0.0019197586864682138,5.471432207876523
2022-06-16 00:00:00-04:00,185.8838348388672,55.860755920410156,-3.040510172727746,16.03863820659842,1.705,False,False,0.0,False,False,-1.0,-1.0,-0.00019338829585921946,0.00019338829585921946,5.471625596172382
2022-06-17 00:00:00-04:00,188.90345764160156,56.012245178222656,-3.052864013497278,17.905690021819197,1.857,False,False,0.0,False,False,-1.0,-1.0,0.005187678407776468,-0.005187678407776468,5.466437917764606
2022-06-21 00:00:00-04:00,191.1146240234375,56.48563766479492,-3.06599242458366,17.93008684539882,1.736,False,False,0.0,False,False,-1.0,-1.0,6.696920053057437e-05,-6.696920053057437e-05,5.466370948564075
2022-06-22 00:00:00-04:00,192.14715576171875,56.63712692260742,-3.079186557941814,17.750875861181555,1.586,False,False,0.0,False,False,-1.0,-1.0,-0.0004889215486657736,0.0004889215486657736,5.46685987011274
2022-06-23 00:00:00-04:00,192.7510986328125,57.21466827392578,-3.0902964630865974,15.940811629226687,1.241,False,False,0.0,False,False,-1.0,-1.0,-0.004897871645431438,0.004897871645431438,5.4717577417581715
2022-06-24 00:00:00-04:00,199.63783264160156,59.183998107910156,-3.1011057822453703,16.101993892762323,1.189,False,False,0.0,False,False,-1.0,-1.0,0.00042065067506007463,-0.00042065067506007463,5.471337091083112
2022-06-27 00:00:00-04:00,199.3845672607422,59.48698043823242,-3.1097701446103265,14.393731500908473,0.892,False,False,0.0,False,False,-1.0,-1.0,-0.004444255221405012,0.004444255221405012,5.475781346304517
2022-06-28 00:00:00-04:00,193.81283569335938,59.29761505126953,-3.111651052292177,9.299349420660093,0.107,False,False,0.0,False,False,-1.0,-1.0,-0.013465576631766635,0.013465576631766635,5.4892469229362835
2022-06-29 00:00:00-04:00,195.49520874023438,59.27867889404297,-3.1136332611386495,10.923142459384536,0.308,False,True,0.0,False,False,-1.0,-1.0,0.004272383194881388,-0.004272383194881388,5.484974539741402
2022-06-30 00:00:00-04:00,193.06948852539062,59.913028717041016,-3.1105126205067086,6.709256568253693,-0.454,False,False,0.0,False,True,0.0,0.0,-0.011105840327352241,0.011105840327352241,5.496080380068754
2022-07-01 00:00:00-04:00,195.0745849609375,61.229068756103516,-3.10390803361409,5.025186558158339,-0.843,False,False,0.0,False,False,0.0,0.0,-0.004372799625166148,-0.0,5.496080380068754
2022-07-05 00:00:00-04:00,196.42442321777344,59.23134231567383,-3.105451978943856,12.484334008063172,0.491,False,True,0.0,False,False,0.0,0.0,0.019610524131971736,0.0,5.496080380068754
2022-07-06 00:00:00-04:00,197.70574951171875,59.62899398803711,-3.1090380586951705,12.316937801205853,0.415,False,False,0.0,False,False,0.0,0.0,-0.00043695793102166506,-0.0,5.496080380068754
2022-07-07 00:00:00-04:00,196.90367126464844,59.45857238769531,-3.112599273403457,11.832962053101141,0.279,False,False,0.0,False,False,0.0,0.0,-0.0012670371963202187,-0.0,5.496080380068754
2022-07-08 00:00:00-04:00,196.8645477294922,59.13665771484375,-3.117007507090018,12.535141688111395,0.376,False,False,0.0,False,False,0.0,0.0,0.0018420534430415377,0.0,5.496080380068754
2022-07-11 00:00:00-04:00,194.8789825439453,59.15559387207031,-3.119019468551055,10.371533583258525,-0.148,False,False,0.0,False,False,0.0,0.0,-0.005702913771249231,-0.0,5.496080380068754
2022-07-12 00:00:00-04:00,192.53150939941406,58.45497512817383,-3.1200926685445145,10.146570062046948,-0.286,False,False,0.0,False,True,0.0,0.0,-0.0006000364133650444,-0.0,5.496080380068754
2022-07-13 00:00:00-04:00,189.4798126220703,57.75434112548828,-3.119868924939496,9.293838464304258,-0.553,False,False,0.0,False,False,0.0,0.0,-0.0023067636449963244,-0.0,5.496080380068754
2022-07-14 00:00:00-04:00,189.0103302001953,57.129459381103516,-3.121006216036917,10.708932352942668,-0.263,False,False,0.0,False,False,0.0,0.0,0.003852569304445441,0.0,5.496080380068754
2022-07-15 00:00:00-04:00,190.63397216796875,57.328285217285156,-3.123570901161973,11.565008649742737,-0.09,False,False,0.0,False,False,0.0,0.0,0.0023155788449749004,0.0,5.496080380068754
2022-07-18 00:00:00-04:00,187.44532775878906,56.864356994628906,-3.1243604819508057,9.780577933227619,-0.609,False,False,0.0,False,True,0.0,0.0,-0.0048873773310266,-0.0,5.496080380068754
2022-07-19 00:00:00-04:00,194.12583923339844,57.19573974609375,-3.1310913068572397,15.040755725135199,0.931,False,True,0.0,False,False,0.0,0.0,0.014094383286709698,0.0,5.496080380068754
2022-07-20 00:00:00-04:00,195.46583557128906,56.466705322265625,-3.143105910077958,17.985000350245485,1.663,False,False,0.0,True,False,-1.0,-1.0,0.007894545938311182,0.0,5.496080380068754
2022-07-21 00:00:00-04:00,197.4905548095703,56.428836822509766,-3.158228668433556,19.27538463036089,1.851,False,False,0.0,False,False,-1.0,-1.0,0.003434561131997499,-0.003434561131997499,5.492645818936757
2022-07-22 00:00:00-04:00,197.75460815429688,56.902225494384766,-3.1718193166377753,17.271030171528793,1.259,False,False,0.0,False,False,-1.0,-1.0,-0.005299185889458988,0.005299185889458988,5.497945004826216
2022-07-25 00:00:00-04:00,197.1677703857422,57.46083068847656,-3.1814153130061897,14.361003735366864,0.458,False,False,0.0,False,False,-1.0,-1.0,-0.0076584774834144295,0.0076584774834144295,5.505603482309631
2022-07-26 00:00:00-04:00,196.37550354003906,58.180397033691406,-3.18575995397343,11.026724563830442,-0.457,False,False,0.0,False,True,0.0,0.0,-0.008734784042444307,0.008734784042444307,5.514338266352075
2022-07-27 00:00:00-04:00,198.74253845214844,58.6064567565918,-3.189575213514899,11.81283662939046,-0.27,False,False,0.0,False,False,0.0,0.0,0.002038290505429376,0.0,5.514338266352075
2022-07-28 00:00:00-04:00,200.15101623535156,61.95810317993164,-3.1822465847143047,2.9850539956375997,-2.426,True,False,1.0,False,False,0.0,1.0,-0.02221848829021755,-0.0,5.514338266352075
2022-07-29 00:00:00-04:00,202.41046142578125,62.17586135864258,-3.1743185275321304,5.044472749773064,-1.776,False,False,1.0,False,False,0.0,1.0,0.005151425887170451,0.005151425887170451,5.519489692239246
2022-08-01 00:00:00-04:00,199.35874938964844,62.18533706665039,-3.163281955330483,2.6489947605694226,-2.187,False,False,1.0,False,False,0.0,1.0,-0.006048140573910353,-0.006048140573910353,5.513441551665335
2022-08-02 00:00:00-04:00,201.02154541015625,61.683528900146484,-3.155997799728148,6.348463921826323,-1.294,False,False,1.0,False,False,0.0,1.0,0.009349303502688157,0.009349303502688157,5.522790855168023
2022-08-03 00:00:00-04:00,203.76025390625,61.90129470825195,-3.15256614401398,8.612327938383146,-0.747,False,False,1.0,False,False,0.0,1.0,0.005675150650636518,0.005675150650636518,5.52846600581866
2022-08-04 00:00:00-04:00,205.4915008544922,61.285884857177734,-3.154572824186723,12.160713977802715,0.065,False,False,1.0,False,False,0.0,1.0,0.008897160837238086,0.008897160837238086,5.537363166655898
2022-08-05 00:00:00-04:00,204.239501953125,61.29533767700195,-3.1563752290127596,10.768416455463523,-0.215,False,False,1.0,False,True,0.0,1.0,-0.003500780633634696,-0.003500780633634696,5.533862386022263
2022-08-08 00:00:00-04:00,206.06857299804688,61.95810317993164,-3.157698353883056,10.423572577060185,-0.251,False,False,1.0,False,False,0.0,1.0,-0.0008584322293825671,-0.0008584322293825671,5.53300395379288
2022-08-09 00:00:00-04:00,206.7336883544922,62.5167121887207,-3.1575544176016814,9.333767609064239,-0.463,False,False,1.0,False,False,0.0,1.0,-0.0026966452268672773,-0.0026966452268672773,5.530307308566013
2022-08-10 00:00:00-04:00,210.6559295654297,63.04690933227539,-3.159596063551356,11.453163020093115,0.1,False,False,1.0,False,False,0.0,1.0,0.005171039265825652,0.005171039265825652,5.535478347831839
2022-08-11 00:00:00-04:00,211.7122802734375,63.141597747802734,-3.162898453288868,12.001818418724355,0.274,False,True,0.0,False,False,0.0,0.0,0.0013335563216394686,0.0013335563216394686,5.5368119041534785
2022-08-12 00:00:00-04:00,214.98895263671875,64.01264190673828,-3.166866383871325,12.269468839476446,0.382,False,False,0.0,False,False,0.0,0.0,0.0006407589538699818,0.0,5.5368119041534785
2022-08-15 00:00:00-04:00,214.9987335205078,65.16773223876953,-3.166593085413938,8.63904322111324,-0.541,False,False,0.0,False,True,0.0,0.0,-0.008616003414506142,-0.0,5.5368119041534785
2022-08-16 00:00:00-04:00,214.6564178466797,65.12985229492188,-3.16503119410664,8.518403665694024,-0.566,False,False,0.0,False,False,0.0,0.0,-0.0002866947522045289,-0.0,5.5368119041534785
2022-08-17 00:00:00-04:00,214.27496337890625,65.14879608154297,-3.1627756815705386,8.223935448604152,-0.619,False,False,0.0,False,False,0.0,0.0,-0.0007005710405218533,-0.0,5.5368119041534785
2022-08-18 00:00:00-04:00,215.937744140625,65.69792938232422,-3.1604375550110575,8.303540834263117,-0.617,False,False,0.0,False,False,0.0,0.0,0.00018793828566498336,0.0,5.5368119041534785
2022-08-19 00:00:00-04:00,211.5264434814453,65.70740509033203,-3.153318920271068,4.3300398081858305,-1.662,True,False,1.0,False,False,0.0,1.0,-0.009489573002949142,-0.0,5.5368119041534785
2022-08-22 00:00:00-04:00,206.9879913330078,64.2398681640625,-3.145682920374271,4.9097352422215295,-1.409,False,False,1.0,False,False,0.0,1.0,0.001417118712889388,0.001417118712889388,5.538229022866368
2022-08-23 00:00:00-04:00,204.3666534423828,63.794864654541016,-3.137124545445851,4.234217661226239,-1.475,False,False,1.0,False,False,0.0,1.0,-0.0016700101409177148,-0.0016700101409177148,5.5365590127254505
2022-08-24 00:00:00-04:00,205.149169921875,63.66232681274414,-3.130275467615526,5.868550088619884,-1.009,False,False,1.0,False,False,0.0,1.0,0.004041078250895373,0.004041078250895373,5.540600090976346
2022-08-25 00:00:00-04:00,208.396484375,64.19253540039062,-3.1260766822010804,7.725696288471482,-0.516,False,False,1.0,False,False,0.0,1.0,0.004539953022094323,0.004539953022094323,5.54514004399844
2022-08-26 00:00:00-04:00,203.26141357421875,63.141597747802734,-3.1207863137685092,6.209979493399459,-0.851,False,False,1.0,False,False,0.0,1.0,-0.003786330626036174,-0.003786330626036174,5.541353713372404
2022-08-29 00:00:00-04:00,201.87249755859375,62.885963439941406,-3.1149483849515422,5.985967305226524,-0.866,False,False,1.0,False,False,0.0,1.0,-0.0005631856790409192,-0.0005631856790409192,5.540790527693363
2022-08-30 00:00:00-04:00,201.78443908691406,61.749813079833984,-3.113182800260625,9.54598308746634,-0.006,False,False,1.0,False,False,0.0,1.0,0.009035048030545363,0.009035048030545363,5.549825575723909
2022-08-31 00:00:00-04:00,202.30284118652344,60.93556594848633,-3.1158861393803448,12.43455585233798,0.677,False,True,0.0,False,False,0.0,0.0,0.007365592644462841,0.007365592644462841,5.557191168368371
2022-09-01 00:00:00-04:00,202.5571746826172,61.38056564331055,-3.1182552489060438,11.156903684542101,0.373,False,False,0.0,False,False,0.0,0.0,-0.003243122275778568,-0.0,5.557191168368371
2022-09-02 00:00:00-04:00,200.26837158203125,60.604190826416016,-3.1205299354596727,11.151179893889605,0.361,False,False,0.0,False,False,0.0,0.0,-1.469954511006009e-05,-0.0,5.557191168368371
2022-09-06 00:00:00-04:00,200.43467712402344,60.14972686767578,-3.1243857801410853,12.503725819287041,0.718,False,False,0.0,False,False,0.0,0.0,0.0034826612511244456,0.0,5.557191168368371
2022-09-07 00:00:00-04:00,205.64801025390625,63.652870178222656,-3.1220267281122203,6.92204823643786,-0.609,False,False,0.0,False,True,0.0,0.0,-0.01380325630627712,-0.0,5.557191168368371
2022-09-08 00:00:00-04:00,206.6163330078125,64.7886734008789,-3.115431102280354,4.771684819230472,-1.17,False,False,0.0,False,False,0.0,0.0,-0.005264550388408969,-0.0,5.557191168368371
2022-09-09 00:00:00-04:00,209.12030029296875,64.9031982421875,-3.110668544816035,7.227963063036725,-0.415,False,False,0.0,False,False,0.0,0.0,0.005976162335566614,0.0,5.557191168368371
2022-09-12 00:00:00-04:00,210.33316040039062,66.02946472167969,-3.1041658363604676,5.366751818183815,-0.965,False,False,0.0,False,False,0.0,0.0,-0.004481611308705456,-0.0,5.557191168368371
2022-09-13 00:00:00-04:00,201.774658203125,63.79602813720703,-3.095950522249788,4.265311574276723,-1.251,False,False,0.0,False,False,0.0,0.0,-0.002758538360109367,-0.0,5.557191168368371
2022-09-14 00:00:00-04:00,202.46913146972656,64.2064437866211,-3.087265696994779,4.246780041267698,-1.186,False,False,0.0,False,False,0.0,0.0,-4.624888174559373e-05,-0.0,5.557191168368371
2022-09-15 00:00:00-04:00,202.22462463378906,63.4428825378418,-3.0814204169780943,6.73043106974032,-0.419,False,False,0.0,False,False,0.0,0.0,0.006244741045260715,0.0,5.557191168368371
2022-09-16 00:00:00-04:00,201.4910125732422,63.337890625,-3.0762180522537297,6.649850040944926,-0.469,False,False,0.0,False,False,0.0,0.0,-0.00020331689894703914,-0.0,5.557191168368371
2022-09-19 00:00:00-04:00,204.19058227539062,63.5860481262207,-3.073663955883245,8.748438052768705,0.21,False,True,0.0,False,False,0.0,0.0,0.005251291680272876,0.0,5.557191168368371
2022-09-20 00:00:00-04:00,203.7895965576172,62.40251541137695,-3.0754902944229245,11.8712660623504,1.274,False,False,0.0,False,False,0.0,0.0,0.00789174994001156,0.0,5.557191168368371
2022-09-21 00:00:00-04:00,200.53250122070312,61.54351043701172,-3.0775742900608414,11.127775779664802,0.965,False,False,0.0,False,False,0.0,0.0,-0.0019066922362110195,-0.0,5.557191168368371
2022-09-22 00:00:00-04:00,198.9479217529297,61.05673599243164,-3.079487654350354,10.924457049307534,0.919,False,False,0.0,False,False,0.0,0.0,-0.0005254102434266042,-0.0,5.557191168368371
2022-09-23 00:00:00-04:00,195.95489501953125,60.07363510131836,-3.081271544012116,10.851712636471575,0.891,False,False,0.0,False,False,0.0,0.0,-0.00019090111757191354,-0.0,5.557191168368371
2022-09-26 00:00:00-04:00,199.0653076171875,58.031097412109375,-3.0932796038498545,19.558897603285487,3.25,False,False,0.0,True,False,-1.0,-1.0,0.023000093671283937,0.0,5.557191168368371
2022-09-27 00:00:00-04:00,199.0946502685547,56.847572326660156,-3.111164148565934,22.232521312840703,3.231,False,False,0.0,False,False,-1.0,-1.0,0.0071115188162635175,-0.0071115188162635175,5.550079649552107
2022-09-28 00:00:00-04:00,202.38111877441406,57.15299606323242,-3.132080953086953,23.37330839291019,2.942,False,False,0.0,False,False,-1.0,-1.0,0.002991138422906645,-0.002991138422906645,5.547088511129201
2022-09-29 00:00:00-04:00,198.6396484375,54.32779312133789,-3.158165790442503,27.06347073145315,3.062,False,False,0.0,False,False,-1.0,-1.0,0.009967597487612927,-0.009967597487612927,5.537120913641588
2022-09-30 00:00:00-04:00,197.32376098632812,53.669219970703125,-3.1850072082717267,26.386908517317778,2.565,False,False,0.0,False,False,-1.0,-1.0,-0.001837183205087515,0.001837183205087515,5.538958096846676
2022-10-03 00:00:00-04:00,202.95065307617188,55.27271270751953,-3.2112294833180166,25.457288406818748,2.163,False,False,0.0,False,False,-1.0,-1.0,-0.002443513545062084,0.002443513545062084,5.541401610391738
2022-10-04 00:00:00-04:00,209.2747802734375,57.086185455322266,-3.2363681117447807,24.522870044683827,1.852,False,False,0.0,False,False,-1.0,-1.0,-0.0023714595601226763,0.0023714595601226763,5.54377306995186
2022-10-05 00:00:00-04:00,208.8524932861328,55.807212829589844,-3.2638418955190636,26.706573980768496,1.957,False,False,0.0,False,False,-1.0,-1.0,0.005584943226780141,-0.005584943226780141,5.53818812672508
2022-10-06 00:00:00-04:00,206.82957458496094,54.07963943481445,-3.294359638068763,28.67179318959637,2.004,False,False,0.0,False,False,-1.0,-1.0,0.005104633121842854,-0.005104633121842854,5.533083493603237
2022-10-07 00:00:00-04:00,201.24195861816406,52.800662994384766,-3.322351745703729,25.81958374445557,1.54,False,False,0.0,False,False,-1.0,-1.0,-0.007572284369744672,0.007572284369744672,5.540655777972981
2022-10-10 00:00:00-04:00,202.2141571044922,52.88656997680664,-3.348931189935952,25.10067338043413,1.362,False,False,0.0,False,False,-1.0,-1.0,-0.0018952227221068114,0.0018952227221068114,5.542551000695088
2022-10-11 00:00:00-04:00,198.4432830810547,52.619319915771484,-3.370323990213618,21.099126820204845,0.838,False,False,0.0,False,False,-1.0,-1.0,-0.010648430844939816,0.010648430844939816,5.553199431540028
2022-10-12 00:00:00-04:00,197.4318084716797,51.044464111328125,-3.3940392331913416,24.184894640604625,1.135,False,False,0.0,False,False,-1.0,-1.0,0.008324642432212377,-0.008324642432212377,5.544874789107816
2022-10-13 00:00:00-04:00,203.33363342285156,52.46660232543945,-3.4184246322694576,23.98050766208334,1.047,False,False,0.0,False,False,-1.0,-1.0,-0.0005340842702718555,0.0005340842702718555,5.545408873378087
2022-10-14 00:00:00-04:00,198.39418029785156,51.35943603515625,-3.440218738282549,21.70648606208303,0.732,False,False,0.0,False,False,-1.0,-1.0,-0.006062733910637105,0.006062733910637105,5.5514716072887245
2022-10-17 00:00:00-04:00,203.3434600830078,52.75294494628906,-3.4602995510999266,20.802468366164618,0.582,False,False,0.0,False,False,-1.0,-1.0,-0.0023427160428513573,0.0023427160428513573,5.553814323331576
2022-10-18 00:00:00-04:00,206.5447998046875,53.153812408447266,-3.4808490479314718,21.52440248881578,0.628,False,False,0.0,False,False,-1.0,-1.0,0.001843713710922287,-0.001843713710922287,5.551970609620653
2022-10-19 00:00:00-04:00,204.806640625,52.30434799194336,-3.5017048305804734,21.65225260124984,0.61,False,False,0.0,False,False,-1.0,-1.0,0.00032954369896212674,-0.00032954369896212674,5.551641065921691
2022-10-20 00:00:00-04:00,201.78207397460938,51.32125473022461,-3.521892209224082,21.03414677262677,0.501,False,False,0.0,False,False,-1.0,-1.0,-0.0016158362134261165,0.0016158362134261165,5.553256902135117
2022-10-21 00:00:00-04:00,206.92779541015625,51.827117919921875,-3.544745229099546,23.21386642553361,0.722,False,False,0.0,False,False,-1.0,-1.0,0.005579843413511138,-0.005579843413511138,5.5476770587216055
2022-10-24 00:00:00-04:00,208.33204650878906,52.70521926879883,-3.5650050200402923,20.4376752331969,0.359,False,False,0.0,False,False,-1.0,-1.0,-0.007006577723566783,0.007006577723566783,5.554683636445172
2022-10-25 00:00:00-04:00,207.66427612304688,53.52605438232422,-3.578988132183445,16.095162726102814,-0.206,False,False,0.0,False,True,0.0,0.0,-0.010877127567699697,0.010877127567699697,5.565560764012871
2022-10-26 00:00:00-04:00,207.15365600585938,53.039276123046875,-3.5917333960735127,16.650716651147434,-0.188,False,False,0.0,False,False,0.0,0.0,0.00139706956083773,0.0,5.565560764012871
2022-10-27 00:00:00-04:00,208.86233520507812,52.96292495727539,-3.605701545414035,17.893834836982677,-0.069,False,False,0.0,False,False,0.0,0.0,0.0031091103417603683,0.0,5.565560764012871
2022-10-28 00:00:00-04:00,217.3861083984375,54.814571380615234,-3.6214027346545192,18.880469701762138,0.01,False,False,0.0,False,False,0.0,0.0,0.0023723357620602683,0.0,5.565560764012871
2022-10-31 00:00:00-04:00,214.28297424316406,53.51650619506836,-3.6384418884485736,19.566276379609747,0.047,False,False,0.0,False,False,0.0,0.0,0.001676790287667185,0.0,5.565560764012871
2022-11-01 00:00:00-04:00,217.2191619873047,53.764671325683594,-3.657230467804025,20.58936792354524,0.14,False,False,0.0,False,False,0.0,0.0,0.002472137549162394,0.0,5.565560764012871
2022-11-02 00:00:00-04:00,216.16842651367188,54.03192138671875,-3.6728817256299013,17.715569851721142,-0.417,False,False,0.0,False,True,0.0,0.0,-0.006931139785718219,-0.0,5.565560764012871
2022-11-03 00:00:00-04:00,214.03749084472656,54.46142578125,-3.682155838519874,13.50203393018009,-1.289,False,False,0.0,False,False,0.0,0.0,-0.010163557328848419,-0.0,5.565560764012871
2022-11-04 00:00:00-04:00,217.22898864746094,55.25362014770508,-3.689312629177531,13.381110028754506,-1.406,False,False,0.0,False,False,0.0,0.0,-0.00028717773600502006,-0.0,5.565560764012871
2022-11-07 00:00:00-05:00,220.6463623046875,54.70003890991211,-3.7019275897541872,18.1507791034563,-0.509,False,False,0.0,False,False,0.0,0.0,0.011272030876067048,0.0,5.565560764012871
2022-11-08 00:00:00-05:00,221.62835693359375,55.2154426574707,-3.7141676277416615,16.54894726379004,-0.925,False,False,0.0,False,False,0.0,0.0,-0.003753931765566104,-0.0,5.565560764012871
2022-11-09 00:00:00-05:00,219.4581298828125,54.66185760498047,-3.7253288888414122,15.824732629243101,-1.182,False,False,0.0,False,False,0.0,0.0,-0.0017117209589344756,-0.0,5.565560764012871
2022-11-10 00:00:00-05:00,227.94264221191406,56.809391021728516,-3.736054235727694,15.699676256074412,-1.328,False,False,0.0,False,False,0.0,0.0,-0.00028409918645279944,-0.0,5.565560764012871
2022-11-11 00:00:00-05:00,229.6807861328125,55.635406494140625,-3.753211688601419,20.86932817891261,-0.05,False,False,0.0,False,False,0.0,0.0,0.011789608579293124,0.0,5.565560764012871
2022-11-14 00:00:00-05:00,228.2176055908203,54.74776077270508,-3.773247448017267,21.640756970551053,0.147,False,False,0.0,False,False,0.0,0.0,0.0017742378822153029,0.0,5.565560764012871
2022-11-15 00:00:00-05:00,228.80682373046875,54.5091438293457,-3.7945632629817574,21.96842905904478,0.241,False,True,0.0,False,False,0.0,0.0,0.0007521535291853991,0.0,5.565560764012871
2022-11-16 00:00:00-05:00,229.2388916015625,55.158180236816406,-3.81245135089866,18.9510128446,-0.473,False,False,0.0,False,True,0.0,0.0,-0.006865147740565272,-0.0,5.565560764012871
2022-11-17 00:00:00-05:00,227.3338165283203,53.32561492919922,-3.834191753881544,22.873183496122124,0.589,False,True,0.0,False,False,0.0,0.0,0.009083420723712678,0.0,5.565560764012871
2022-11-18 00:00:00-05:00,228.5416717529297,55.0627326965332,-3.849217391547841,16.593243431284122,-1.029,False,False,0.0,False,True,0.0,0.0,-0.014256711022052036,-0.0,5.565560764012871
2022-11-21 00:00:00-05:00,232.6660919189453,55.2154426574707,-3.8655472327357794,19.228190350078336,-0.281,False,False,0.0,False,False,0.0,0.0,0.005906575500912213,0.0,5.565560764012871
2022-11-22 00:00:00-05:00,234.81666564941406,55.69267272949219,-3.8815332713004156,18.643703482244803,-0.396,False,False,0.0,False,False,0.0,0.0,-0.001296009557167117,-0.0,5.565560764012871
2022-11-23 00:00:00-05:00,236.9672393798828,56.32261657714844,-3.8959971042907515,17.53448828923422,-0.688,False,False,0.0,False,False,0.0,0.0,-0.002430357616500002,-0.0,5.565560764012871
2022-11-25 00:00:00-05:00,239.62850952148438,56.52305603027344,-3.911277573626199,18.551148077458777,-0.314,False,False,0.0,False,False,0.0,0.0,0.0022067437215287167,0.0,5.565560764012871
2022-11-28 00:00:00-05:00,235.2585906982422,55.69267272949219,-3.9243814316014944,16.699299962364137,-0.901,False,False,0.0,False,False,0.0,0.0,-0.0040805975058597795,-0.0,5.565560764012871
2022-11-29 00:00:00-05:00,234.20782470703125,55.635406494140625,-3.935015911492139,15.281614910254802,-1.318,False,False,0.0,False,False,0.0,0.0,-0.0031286218737944333,-0.0,5.565560764012871
2022-11-30 00:00:00-05:00,241.72999572753906,57.792484283447266,-3.9431183027814436,13.847393186269215,-1.72,True,False,1.0,False,False,0.0,1.0,-0.003054052913556272,-0.0,5.565560764012871
2022-12-01 00:00:00-05:00,242.171875,57.64931869506836,-3.9511191030794333,14.39255062440111,-1.461,False,False,1.0,False,False,0.0,1.0,0.0011600298900316009,0.0011600298900316009,5.566720793902903
2022-12-02 00:00:00-05:00,243.1047821044922,58.145633697509766,-3.957307989550027,13.004601315887527,-1.807,True,False,1.0,False,False,0.0,1.0,-0.0029330827386675976,-0.0029330827386675976,5.563787711164235
2022-12-05 00:00:00-05:00,242.2209930419922,57.525230407714844,-3.964406284786585,14.167608079851107,-1.316,False,False,1.0,False,False,0.0,1.0,0.0024730387585635335,0.0024730387585635335,5.566260749922798
2022-12-06 00:00:00-05:00,242.3584442138672,57.840206146240234,-3.9699508510422636,12.735668599140809,-1.678,True,False,1.0,False,False,0.0,1.0,-0.0030338908002109206,-0.0030338908002109206,5.5632268591225875
2022-12-07 00:00:00-05:00,239.79544067382812,57.219810485839844,-3.9745565855863294,12.372066081331667,-1.676,False,False,1.0,False,False,0.0,1.0,-0.0007782274727140011,-0.0007782274727140011,5.562448631649874
2022-12-08 00:00:00-05:00,241.32736206054688,57.78805923461914,-3.977736482295158,11.461690601968712,-1.821,False,False,1.0,False,False,0.0,1.0,-0.0019320648112383521,-0.0019320648112383521,5.560516566838635
2022-12-09 00:00:00-05:00,240.12933349609375,57.56653594970703,-3.9799298155520586,11.018560691805305,-1.854,False,False,1.0,False,False,0.0,1.0,-0.0009443564269413469,-0.0009443564269413469,5.5595722104116945
2022-12-12 00:00:00-05:00,240.64976501464844,58.385196685791016,-3.9784867196404115,8.365035376635518,-2.392,False,False,1.0,False,False,0.0,1.0,-0.005610767125621961,-0.005610767125621961,5.553961443286073
2022-12-13 00:00:00-05:00,242.5941162109375,58.866764068603516,-3.976182739413969,8.529104996201795,-2.114,False,False,1.0,False,False,0.0,1.0,0.0003442074432779236,0.0003442074432779236,5.554305650729351
2022-12-14 00:00:00-05:00,241.2095184326172,58.924556732177734,-3.9719173226012043,7.166050821483026,-2.218,False,False,1.0,False,False,0.0,1.0,-0.00286806020108475,-0.00286806020108475,5.551437590528266
2022-12-15 00:00:00-05:00,240.0212860107422,58.11552429199219,-3.969792782506691,9.314697124799324,-1.557,False,False,1.0,False,False,0.0,1.0,0.004564518945872667,0.004564518945872667,5.5560021094741385
2022-12-16 00:00:00-05:00,236.23074340820312,57.05607986450195,-3.9688774977213725,9.782151925787815,-1.352,False,False,1.0,False,False,0.0,1.0,0.0010103213299962968,0.0010103213299962968,5.557012430804135
2022-12-19 00:00:00-05:00,235.0032501220703,57.171653747558594,-3.966385047389648,8.238457563215576,-1.597,True,False,1.0,False,False,0.0,1.0,-0.0033430082203391226,-0.0033430082203391226,5.553669422583796
2022-12-20 00:00:00-05:00,235.53353881835938,57.027183532714844,-3.964916447784377,9.425520858679931,-1.247,False,False,1.0,False,False,0.0,1.0,0.0025713960929975494,0.0025713960929975494,5.556240818676793
2022-12-21 00:00:00-05:00,239.21604919433594,58.269622802734375,-3.9623712938576934,8.330168496865582,-1.402,False,False,1.0,False,False,0.0,1.0,-0.0023300316211559563,-0.0023300316211559563,5.553910787055637
2022-12-22 00:00:00-05:00,237.93946838378906,57.913265228271484,-3.9598691391115435,8.610516661175183,-1.273,False,False,1.0,False,False,0.0,1.0,0.0005999724189487529,0.0005999724189487529,5.554510759474586
2022-12-23 00:00:00-05:00,239.99183654785156,58.828243255615234,-3.955716639747798,7.283975814483199,-1.475,False,False,1.0,False,False,0.0,1.0,-0.0028063077982104015,-0.0028063077982104015,5.551704451676375
2022-12-27 00:00:00-05:00,240.1784210205078,59.53132629394531,-3.948385710446951,5.125782957539286,-1.778,True,False,1.0,False,False,0.0,1.0,-0.004541354811922798,-0.004541354811922798,5.547163096864453
2022-12-28 00:00:00-05:00,237.3895263671875,59.03050231933594,-3.939785466262059,4.822011263319013,-1.697,False,False,1.0,False,False,0.0,1.0,-0.0006463818336872019,-0.0006463818336872019,5.546516715030766
2022-12-29 00:00:00-05:00,241.64622497558594,59.550594329833984,-3.9340057389696774,7.3738451229639,-1.129,False,False,1.0,False,False,0.0,1.0,0.0053619123811434535,0.0053619123811434535,5.551878627411909
2022-12-30 00:00:00-05:00,240.9958953857422,59.01123809814453,-3.9310963364169806,9.017033490696065,-0.77,False,False,1.0,False,False,0.0,1.0,0.0034741565853939694,0.0034741565853939694,5.555352783997304
2023-01-03 00:00:00-05:00,241.58709716796875,59.762481689453125,-3.926416040240643,6.934730457912281,-1.109,False,False,1.0,False,False,0.0,1.0,-0.00437238656332165,-0.00437238656332165,5.550980397433982
2023-01-04 00:00:00-05:00,242.87791442871094,60.205528259277344,-3.9210764817661445,6.807433498951525,-1.083,False,False,1.0,False,False,0.0,1.0,-0.0002657842894858845,-0.0002657842894858845,5.550714613144496
2023-01-05 00:00:00-05:00,242.82864379882812,58.866764068603516,-3.9219475074502452,11.956285188306907,0.013,False,False,1.0,False,False,0.0,1.0,0.010869412695280713,0.010869412695280713,5.561584025839777
2023-01-06 00:00:00-05:00,249.71621704101562,60.33073425292969,-3.9257207380131667,12.874602444728254,0.258,False,True,0.0,False,False,0.0,0.0,0.0018873753472041363,0.0018873753472041363,5.563471401186981
2023-01-09 00:00:00-05:00,251.32232666015625,61.14939880371094,-3.9281402477789475,11.118912091813485,-0.062,False,False,0.0,False,False,0.0,0.0,-0.00357191944520885,-0.0,5.563471401186981
2023-01-10 00:00:00-05:00,249.6669464111328,61.32276153564453,-3.927339651973295,8.831633463693265,-0.584,False,False,0.0,False,True,0.0,0.0,-0.00466313576437198,-0.0,5.563471401186981
2023-01-11 00:00:00-05:00,253.41123962402344,61.61170196533203,-3.928751646855527,11.354164062153302,0.12,False,False,0.0,False,False,0.0,0.0,0.005091204666666959,0.0,5.563471401186981
2023-01-12 00:00:00-05:00,250.9971466064453,60.47520446777344,-3.9329802153786537,13.149363913713614,0.695,False,True,0.0,False,False,0.0,0.0,0.0036723299025193234,0.0,5.563471401186981
2023-01-13 00:00:00-05:00,250.91831970214844,60.34999465942383,-3.938113088303292,13.253215854837663,0.804,False,False,0.0,False,False,0.0,0.0,0.00021255723407393845,0.0,5.563471401186981
2023-01-17 00:00:00-05:00,248.50421142578125,60.581146240234375,-3.939329914052843,9.855089814016054,-0.173,False,False,0.0,False,False,0.0,0.0,-0.006975475297753335,-0.0,5.563471401186981
2023-01-18 00:00:00-05:00,247.60755920410156,58.58746337890625,-3.9473651974323922,16.34144525636225,2.038,False,True,0.0,True,False,-1.0,-1.0,0.01354502409717877,0.0,5.563471401186981
2023-01-19 00:00:00-05:00,248.03128051757812,57.80731964111328,-3.9606150052272127,19.078742935019108,2.699,False,False,0.0,False,False,-1.0,-1.0,0.00573876424059777,-0.00573876424059777,5.557732636946383
2023-01-20 00:00:00-05:00,249.34178161621094,58.202205657958984,-3.9740880769692257,18.041090057605317,2.191,False,False,0.0,False,False,-1.0,-1.0,-0.0021588871881415726,0.0021588871881415726,5.559891524134525
2023-01-23 00:00:00-05:00,249.88372802734375,58.64524841308594,-3.9853546483198694,16.16161466237827,1.589,False,False,0.0,False,False,-1.0,-1.0,-0.003886378604973021,0.003886378604973021,5.563777902739497
2023-01-24 00:00:00-05:00,249.0363311767578,58.70303726196289,-3.9940655311229203,14.572553476527418,1.105,False,False,0.0,False,False,-1.0,-1.0,-0.0032865787549494433,0.0032865787549494433,5.567064481494447
2023-01-25 00:00:00-05:00,249.85415649414062,58.606719970703125,-4.00290116408651,15.25724890012097,1.277,False,False,0.0,False,False,-1.0,-1.0,0.001413342800438048,-0.001413342800438048,5.565651138694009
2023-01-26 00:00:00-05:00,249.78517150878906,58.780086517333984,-4.010311482502033,14.058715605861664,0.921,False,False,0.0,False,False,-1.0,-1.0,-0.002468598539336203,0.002468598539336203,5.568119737233345
2023-01-27 00:00:00-05:00,246.93753051757812,58.394832611083984,-4.015360971013987,12.461198742136702,0.474,False,False,0.0,False,False,-1.0,-1.0,-0.0033183856736402214,0.0033183856736402214,5.571438122906985
2023-01-30 00:00:00-05:00,246.14926147460938,58.847503662109375,-4.016478100070417,9.78955177193339,-0.258,False,False,0.0,False,True,0.0,0.0,-0.005536989216355285,0.005536989216355285,5.57697511212334
2023-01-31 00:00:00-05:00,250.46507263183594,59.646907806396484,-4.017753955175168,10.818472878717841,0.031,False,False,0.0,False,False,0.0,0.0,0.0020993605432361438,0.0,5.57697511212334
2023-02-01 00:00:00-05:00,249.5191192626953,59.53132629394531,-4.018431582401467,10.296557540858572,-0.132,False,False,0.0,False,False,0.0,0.0,-0.001067875645080877,-0.0,5.57697511212334
2023-02-02 00:00:00-05:00,251.02670288085938,59.839534759521484,-4.019214459676562,10.518779515072367,-0.086,False,False,0.0,False,False,0.0,0.0,0.0004520983107755399,0.0,5.57697511212334
2023-02-03 00:00:00-05:00,248.69143676757812,58.606719970703125,-4.022964532347138,12.91868096823876,0.551,False,True,0.0,False,False,0.0,0.0,0.004953723082093219,0.0,5.57697511212334
2023-02-06 00:00:00-05:00,250.0117950439453,59.02086639404297,-4.026845929468028,12.343859451417075,0.361,False,False,0.0,False,False,0.0,0.0,-0.0011786865040945686,-0.0,5.57697511212334
2023-02-07 00:00:00-05:00,252.4259033203125,58.76082229614258,-4.034456839607355,15.357901906687715,1.155,False,False,0.0,False,False,0.0,0.0,0.0061574667756259666,0.0,5.57697511212334
2023-02-08 00:00:00-05:00,253.35211181640625,57.92289352416992,-4.047451453398293,18.912012236970128,1.96,False,False,0.0,True,False,-1.0,-1.0,0.007286115373003074,0.0,5.57697511212334
2023-02-09 00:00:00-05:00,235.4680938720703,57.364280700683594,-4.043145005657849,3.535988853946492,-1.972,True,False,1.0,False,True,0.0,1.0,-0.03289691236660323,0.03289691236660323,5.609872024489944
2023-02-10 00:00:00-05:00,241.1141357421875,58.41409683227539,-4.036165780297041,5.345157020799803,-1.458,False,False,1.0,False,False,0.0,1.0,0.0037937350096540214,0.0037937350096540214,5.613665759499598
2023-02-13 00:00:00-05:00,244.08987426757812,59.04977035522461,-4.029413577678345,6.153927839447846,-1.222,False,False,1.0,False,False,0.0,1.0,0.001677857873839088,0.001677857873839088,5.615343617373437
2023-02-14 00:00:00-05:00,237.94131469726562,58.90529251098633,-4.016796268159743,1.3307555642776947,-2.19,True,False,1.0,False,False,0.0,1.0,-0.010163635507833634,-0.010163635507833634,5.605179981865604
2023-02-15 00:00:00-05:00,238.85769653320312,59.48317337036133,-4.001871611167564,0.8136736801957056,-2.165,False,False,1.0,False,False,0.0,1.0,-0.0010842525054166126,-0.0010842525054166126,5.604095729360187
2023-02-16 00:00:00-05:00,238.8084259033203,59.49280548095703,-3.9872702808840064,1.594530682687207,-1.913,False,False,1.0,False,False,0.0,1.0,0.0016403789651035518,0.0016403789651035518,5.605736108325291
2023-02-17 00:00:00-05:00,237.35995483398438,59.935848236083984,-3.970066655307096,-0.5893577056392587,-2.159,False,False,1.0,False,False,0.0,1.0,-0.004594668226003388,-0.004594668226003388,5.601141440099288
2023-02-21 00:00:00-05:00,233.65509033203125,58.89566421508789,-3.953883671863893,0.7884852484166629,-1.758,False,False,1.0,False,False,0.0,1.0,0.002953438109300228,0.002953438109300228,5.604094878208588
2023-02-22 00:00:00-05:00,233.08355712890625,58.55856704711914,-3.9399290258881843,2.3669591055422075,-1.406,False,False,1.0,False,False,0.0,1.0,0.003403349135593358,0.003403349135593358,5.607498227344181
2023-02-23 00:00:00-05:00,233.7240447998047,58.30815124511719,-3.9293506988394995,4.6108699567642475,-0.984,False,False,1.0,False,False,0.0,1.0,0.004848164227055001,0.004848164227055001,5.612346391571236
2023-02-24 00:00:00-05:00,231.2606658935547,58.89566421508789,-3.914885563401343,0.6908803109740234,-1.56,True,False,1.0,False,False,0.0,1.0,-0.008487941046894753,-0.008487941046894753,5.603858450524342
2023-02-27 00:00:00-05:00,233.15252685546875,59.25202178955078,-3.9009414946698433,2.0138564135284014,-1.253,False,False,1.0,False,False,0.0,1.0,0.0028494533393165424,0.0028494533393165424,5.606707903863659
2023-02-28 00:00:00-05:00,230.9256591796875,58.202205657958984,-3.8902384876720655,4.505198661690599,-0.797,False,False,1.0,False,False,0.0,1.0,0.005447389058004971,0.005447389058004971,5.612155292921663
2023-03-01 00:00:00-05:00,228.98452758789062,56.38188934326172,-3.8869815147133595,9.829165946018179,0.081,False,False,1.0,False,False,0.0,1.0,0.011880145937194091,0.011880145937194091,5.624035438858858
2023-03-02 00:00:00-05:00,234.13787841796875,57.66284942626953,-3.8860808711146833,10.055382288576425,0.125,False,False,1.0,False,False,0.0,1.0,0.0004936846005193606,0.0004936846005193606,5.624529123459377
2023-03-03 00:00:00-05:00,237.320556640625,58.14441680908203,-3.887370206013455,11.291683090971588,0.341,False,True,0.0,False,False,0.0,0.0,0.0026681824166428047,0.0026681824166428047,5.627197305876019
2023-03-06 00:00:00-05:00,235.50750732421875,57.884368896484375,-3.8882320923172196,10.43964653737953,0.214,False,False,0.0,False,False,0.0,0.0,-0.0018499394726350347,-0.0,5.627197305876019
2023-03-07 00:00:00-05:00,234.3053741455078,56.39151382446289,-3.8942085621830183,14.705058175822387,0.895,False,False,0.0,False,False,0.0,0.0,0.009397131896188324,0.0,5.627197305876019
2023-03-08 00:00:00-05:00,235.5764923095703,56.853816986083984,-3.9005613974209914,13.81468847761326,0.769,False,False,0.0,False,False,0.0,0.0,-0.0019468513914557349,-0.0,5.627197305876019
2023-03-09 00:00:00-05:00,231.07345581054688,56.17304992675781,-3.9044760969440904,11.74712507907401,0.478,False,False,0.0,False,False,0.0,0.0,-0.004590507056881914,-0.0,5.627197305876019
2023-03-10 00:00:00-05:00,227.52622985839844,54.81151580810547,-3.9095271325706156,13.239121629286899,0.787,False,False,0.0,False,False,0.0,0.0,0.003376983946820929,0.0,5.627197305876019
2023-03-13 00:00:00-04:00,224.15635681152344,55.502010345458984,-3.9075731686101203,7.278190381686585,-0.247,False,False,0.0,False,True,0.0,0.0,-0.013515792831342908,-0.0,5.627197305876019
2023-03-14 00:00:00-04:00,224.2647247314453,56.91217041015625,-3.8975754314473114,2.4452475904776634,-1.077,False,False,0.0,False,False,0.0,0.0,-0.010834149182873816,-0.0,5.627197305876019
2023-03-15 00:00:00-04:00,216.5001983642578,57.009422302246094,-3.8765936605017304,-4.502166721495371,-2.146,True,False,1.0,False,False,0.0,1.0,-0.015879711097434166,-0.0,5.627197305876019
2023-03-16 00:00:00-04:00,225.10226440429688,57.554039001464844,-3.8615553239476057,2.8541586835021633,-0.8,False,False,1.0,False,False,0.0,1.0,0.016444214415069113,0.016444214415069113,5.643641520291088
2023-03-17 00:00:00-04:00,220.067138671875,56.921897888183594,-3.846130736148718,1.1380776442132685,-1.042,False,False,1.0,False,False,0.0,1.0,-0.00390910226663337,-0.00390910226663337,5.639732418024455
2023-03-20 00:00:00-04:00,224.2647247314453,57.69019317626953,-3.8330484219499756,3.135420815156124,-0.651,False,False,1.0,False,False,0.0,1.0,0.004484440837716235,0.004484440837716235,5.644216858862171
2023-03-21 00:00:00-04:00,226.41278076171875,56.921897888183594,-3.827414292073853,8.549095252516395,0.32,False,True,0.0,False,False,0.0,0.0,0.012185372956619756,0.012185372956619756,5.656402231818791
2023-03-22 00:00:00-04:00,222.59950256347656,55.56036376953125,-3.8257881247734926,10.037322645908489,0.587,False,False,0.0,False,False,0.0,0.0,0.0034199412616181353,0.0,5.656402231818791
2023-03-23 00:00:00-04:00,222.87538146972656,55.18107986450195,-3.8273536854039505,11.677872085755297,0.868,False,False,0.0,False,False,0.0,0.0,0.003779433073141965,0.0,5.656402231818791
2023-03-24 00:00:00-04:00,222.9049530029297,57.1650276184082,-3.8208772473377186,4.484399632321498,-0.368,False,False,0.0,False,True,0.0,0.0,-0.016299697954337684,-0.0,5.656402231818791
2023-03-27 00:00:00-04:00,224.11691284179688,57.59294128417969,-3.8121379793385,4.564674030563253,-0.318,False,False,0.0,False,False,0.0,0.0,0.0001809330171878471,0.0,5.656402231818791
2023-03-28 00:00:00-04:00,226.0284881591797,58.234806060791016,-3.8027458563291217,4.576320717376632,-0.269,False,False,0.0,False,False,0.0,0.0,2.6027240882036597e-05,0.0,5.656402231818791
2023-03-29 00:00:00-04:00,227.023681640625,59.65468978881836,-3.7886688861419877,1.0118145252767476,-0.932,False,False,0.0,False,False,0.0,0.0,-0.007868049652809694,-0.0,5.656402231818791
2023-03-30 00:00:00-04:00,226.46987915039062,60.170127868652344,-3.7714126504816545,-0.45650227454356695,-1.191,False,False,0.0,False,False,0.0,0.0,-0.0032384845829057656,-0.0,5.656402231818791
2023-03-31 00:00:00-04:00,229.8125457763672,60.734195709228516,-3.755972150129635,1.696598131982114,-0.721,False,False,0.0,False,False,0.0,0.0,0.0047018266770034265,0.0,5.656402231818791
2023-04-03 00:00:00-04:00,230.77182006835938,59.625518798828125,-3.7481180375722425,7.288337558868847,0.412,False,True,0.0,False,False,0.0,0.0,0.012309684433300425,0.0,5.656402231818791
2023-04-04 00:00:00-04:00,231.64208984375,59.742218017578125,-3.7433306009260803,8.007216971352364,0.521,False,False,0.0,False,False,0.0,0.0,0.001578993604672499,0.0,5.656402231818791
2023-04-05 00:00:00-04:00,233.45187377929688,61.434410095214844,-3.7344522032463767,4.028005644080366,-0.317,False,False,0.0,False,True,0.0,0.0,-0.008596716066418753,-0.0,5.656402231818791
2023-04-06 00:00:00-04:00,234.11447143554688,61.5705680847168,-3.7253307830349396,4.7437388206028,-0.19,False,False,0.0,False,False,0.0,0.0,0.0015442416937315306,0.0,5.656402231818791
2023-04-10 00:00:00-04:00,232.17613220214844,61.49276351928711,-3.7149243498329,3.735167665832506,-0.438,False,False,0.0,False,True,0.0,0.0,-0.0021896085966234876,-0.0,5.656402231818791
2023-04-11 00:00:00-04:00,234.2232666015625,61.90122604370117,-3.7055515995145596,4.845079423413296,-0.229,False,False,0.0,False,False,0.0,0.0,0.002394107586444678,0.0,5.656402231818791
2023-04-12 00:00:00-04:00,234.5792694091797,61.84287643432617,-3.6977961529363736,5.896918843808862,-0.023,False,False,0.0,False,False,0.0,0.0,0.0022705084449977744,0.0,5.656402231818791
2023-04-13 00:00:00-04:00,234.2825927734375,61.735897064208984,-3.691140305420156,6.406734828465829,0.078,False,False,0.0,False,False,0.0,0.0,0.0011031194687979328,0.0,5.656402231818791
2023-04-14 00:00:00-04:00,234.83641052246094,61.755348205566406,-3.6857999364725367,7.218552029544895,0.22,False,True,0.0,False,False,0.0,0.0,0.001755454010204136,0.0,5.656402231818791
2023-04-17 00:00:00-04:00,235.34078979492188,61.949851989746094,-3.6809408392061944,7.307049623086357,0.207,False,False,0.0,False,False,0.0,0.0,0.00019098501928409924,0.0,5.656402231818791
2023-04-18 00:00:00-04:00,235.7759246826172,62.05683135986328,-3.676603433662385,7.617565422736277,0.258,False,False,0.0,False,False,0.0,0.0,0.0006693098794319903,0.0,5.656402231818791
2023-04-19 00:00:00-04:00,235.22210693359375,62.29023742675781,-3.6711115324757984,6.547697955567543,0.035,False,False,0.0,False,False,0.0,0.0,-0.002306263208436258,-0.0,5.656402231818791
2023-04-20 00:00:00-04:00,238.82188415527344,62.20270538330078,-3.6701610977127803,10.527934684993568,0.949,False,True,0.0,False,False,0.0,0.0,0.008520877356121993,0.0,5.656402231818791
2023-04-21 00:00:00-04:00,238.59442138671875,62.329132080078125,-3.6696490503199084,9.868381041795914,0.815,False,False,0.0,False,False,0.0,0.0,-0.0014113519462719403,-0.0,5.656402231818791
2023-04-24 00:00:00-04:00,237.60546875,62.43611145019531,-3.6677265396770364,8.60688574988535,0.539,False,False,0.0,False,False,0.0,0.0,-0.0027035669475629523,-0.0,5.656402231818791
2023-04-25 00:00:00-04:00,236.94287109375,62.14435577392578,-3.6660459253961437,9.118808822381084,0.738,False,False,0.0,False,False,0.0,0.0,0.0011014619064854357,0.0,5.656402231818791
2023-04-26 00:00:00-04:00,235.1429901123047,60.773094177246094,-3.668172217927205,12.216814453856983,1.552,False,False,0.0,True,False,-1.0,-1.0,0.006763183080142843,0.0,5.656402231818791
2023-04-27 00:00:00-04:00,223.31512451171875,61.706722259521484,-3.653973093821738,-2.159578332503685,-1.936,True,False,1.0,False,True,0.0,1.0,-0.03203368683969425,0.03203368683969425,5.688435918658485
2023-04-28 00:00:00-04:00,229.04115295410156,61.463592529296875,-3.644085018661895,5.062596224951648,-0.102,False,False,1.0,False,False,0.0,1.0,0.015942296555938002,0.015942296555938002,5.704378215214423
2023-05-01 00:00:00-04:00,230.6630401611328,61.40523910522461,-3.6380265739623776,7.2691485158119065,0.474,False,True,0.0,False,False,0.0,0.0,0.004859637935889554,0.004859637935889554,5.709237853150313
2023-05-02 00:00:00-04:00,224.97657775878906,61.08430480957031,-3.628280709761415,3.3455729490386545,-0.559,False,False,0.0,False,True,0.0,0.0,-0.008785286501872398,-0.0,5.709237853150313
2023-05-03 00:00:00-04:00,223.6513671875,61.47331619262695,-3.615200113702683,1.4130274982340438,-1.224,False,False,0.0,False,False,0.0,0.0,-0.004334133354055476,-0.0,5.709237853150313
2023-05-04 00:00:00-04:00,221.81192016601562,61.76506805419922,-3.598936503194717,-0.47663787654784073,-1.68,True,False,1.0,False,False,0.0,1.0,-0.004255040171099235,-0.0,5.709237853150313
2023-05-05 00:00:00-04:00,225.3029327392578,62.06655502319336,-3.585706720726095,2.750469260277413,-0.805,False,False,1.0,False,False,0.0,1.0,0.007205689970636631,0.007205689970636631,5.71644354312095
2023-05-08 00:00:00-04:00,226.66766357421875,61.74562454223633,-3.576994081019672,5.803930057776427,0.035,False,False,1.0,False,False,0.0,1.0,0.006822897381835408,0.006822897381835408,5.723266440502785
2023-05-09 00:00:00-04:00,226.34130859375,61.95957565307617,-3.5687944297855956,5.220320131172542,-0.104,False,False,1.0,False,False,0.0,1.0,-0.0013042661481050288,-0.0013042661481050288,5.7219621743546805
2023-05-10 00:00:00-04:00,225.55015563964844,62.37775802612305,-3.5587366188149274,3.5641439525076066,-0.537,False,False,1.0,False,True,0.0,1.0,-0.003700653264645764,-0.003700653264645764,5.718261521090034
2023-05-11 00:00:00-04:00,225.81716918945312,61.69699478149414,-3.5519419535304033,6.67302501831773,0.443,False,True,0.0,False,False,0.0,0.0,0.006986856997364945,0.006986856997364945,5.725248378087399
2023-05-12 00:00:00-04:00,226.7665557861328,62.05683135986328,-3.546061895445641,6.7091907488255345,0.433,False,False,0.0,False,False,0.0,0.0,8.093955766995455e-05,0.0,5.725248378087399
2023-05-15 00:00:00-04:00,227.21160888671875,60.831443786621094,-3.5461801049833523,11.492353173189855,1.759,False,False,0.0,True,False,-1.0,-1.0,0.010798891670557215,0.0,5.725248378087399
2023-05-16 00:00:00-04:00,224.87767028808594,60.06315231323242,-3.548222063771161,11.760268030626833,1.696,False,False,0.0,False,False,-1.0,-1.0,0.0006116846380940014,-0.0006116846380940014,5.724636693449305
2023-05-17 00:00:00-04:00,224.333740234375,59.83946990966797,-3.550890563869732,11.850331185168244,1.61,False,False,0.0,False,False,-1.0,-1.0,0.0002061804457291177,-0.0002061804457291177,5.724430513003576
2023-05-18 00:00:00-04:00,224.9864501953125,59.7227668762207,-3.5547364327974766,12.68775491294042,1.741,False,False,0.0,False,False,-1.0,-1.0,0.0019150518521670462,-0.0019150518521670462,5.722515461151409
2023-05-19 00:00:00-04:00,227.13246154785156,59.888099670410156,-3.5603752794277423,13.908351949418517,1.916,False,False,0.0,False,False,-1.0,-1.0,0.002771837906950682,-0.002771837906950682,5.719743623244458
2023-05-22 00:00:00-04:00,227.40939331054688,60.520240783691406,-3.5638811801363968,11.722446164225858,1.261,False,False,0.0,False,False,-1.0,-1.0,-0.004933251723403572,0.004933251723403572,5.724676874967861
2023-05-23 00:00:00-04:00,218.9637451171875,59.625518798828125,-3.560702858873638,6.6549898683763615,-0.059,False,False,0.0,False,False,-1.0,-1.0,-0.011750010240738762,0.011750010240738762,5.7364268852086004
2023-05-24 00:00:00-04:00,218.18246459960938,59.1295280456543,-3.5571494049519443,7.849899096920893,0.227,False,True,0.0,False,False,-1.0,-1.0,0.002788488488395087,-0.002788488488395087,5.733638396720205
2023-05-25 00:00:00-04:00,217.16384887695312,58.186180114746094,-3.556361406759793,10.23276351009602,0.812,False,False,0.0,False,False,-1.0,-1.0,0.0056187052019943005,-0.0056187052019943005,5.72801969151821
2023-05-26 00:00:00-04:00,218.5780487060547,57.93332290649414,-3.558934274412424,12.397160183530303,1.297,False,False,0.0,False,False,-1.0,-1.0,0.005095588306054966,-0.005095588306054966,5.722924103212155
2023-05-30 00:00:00-04:00,218.84506225585938,57.8360710144043,-3.562899599232083,12.780948017480029,1.309,False,False,0.0,False,False,-1.0,-1.0,0.0009032232184680267,-0.0009032232184680267,5.722020879993687
2023-05-31 00:00:00-04:00,216.43202209472656,58.108375549316406,-3.5631461988910478,9.383384632446308,0.417,False,False,0.0,False,False,-1.0,-1.0,-0.008022948175691972,0.008022948175691972,5.7300438281693795
2023-06-01 00:00:00-04:00,217.78688049316406,58.2542610168457,-3.5633611174220152,10.205911861583019,0.596,False,False,0.0,False,False,-1.0,-1.0,0.00193368452935307,-0.00193368452935307,5.728110143640026
2023-06-02 00:00:00-04:00,222.0492706298828,59.36293411254883,-3.5639085669530273,10.485201186701943,0.639,False,False,0.0,False,False,-1.0,-1.0,0.0006440976310181417,-0.0006440976310181417,5.727466046009008
2023-06-05 00:00:00-04:00,221.19876098632812,59.67414093017578,-3.5622752890231726,8.623043357076654,0.159,False,False,0.0,False,False,-1.0,-1.0,-0.004292916991263504,0.004292916991263504,5.731758963000272
2023-06-06 00:00:00-04:00,221.75259399414062,59.87837219238281,-3.5599892070957915,8.586235250793038,0.143,False,False,0.0,False,False,-1.0,-1.0,-8.463210456094412e-05,8.463210456094412e-05,5.7318435951048325
2023-06-07 00:00:00-04:00,222.02947998046875,60.99677658081055,-3.553466689936436,5.279466207063564,-0.679,False,False,0.0,False,True,0.0,0.0,-0.007536288935107691,0.007536288935107691,5.73937988403994
2023-06-08 00:00:00-04:00,223.631591796875,60.98696517944336,-3.5481751203418432,7.239159282019756,-0.163,False,False,0.0,False,False,0.0,0.0,0.004453604727654299,0.0,5.73937988403994
2023-06-09 00:00:00-04:00,223.20632934570312,60.91826248168945,-3.5433684459161725,7.350480288045702,-0.117,False,False,0.0,False,False,0.0,0.0,0.0002535426905381886,0.0,5.73937988403994
2023-06-12 00:00:00-04:00,222.66241455078125,60.80049133300781,-3.538880815822575,7.496722179813162,-0.072,False,False,0.0,False,False,0.0,0.0,0.0003340166824730527,0.0,5.73937988403994
2023-06-13 00:00:00-04:00,223.69093322753906,60.82011795043945,-3.5358770831382524,8.638471972814727,0.222,False,True,0.0,False,False,0.0,0.0,0.0026023179091935523,0.0,5.73937988403994
2023-06-14 00:00:00-04:00,225.8765106201172,60.780860900878906,-3.5360996972646146,10.949326789036633,0.826,False,False,0.0,False,False,0.0,0.0,0.00524236717003683,0.0,5.73937988403994
2023-06-15 00:00:00-04:00,230.09933471679688,61.104736328125,-3.5406222271140373,13.750547091494923,1.533,False,False,0.0,True,False,-1.0,-1.0,0.006274458693572028,0.0,5.73937988403994
2023-06-16 00:00:00-04:00,232.40359497070312,61.37954330444336,-3.5474368529019094,14.663541038232125,1.652,False,False,0.0,False,False,-1.0,-1.0,0.0020282279866922826,-0.0020282279866922826,5.7373516560532485
2023-06-20 00:00:00-04:00,230.06967163085938,60.86919021606445,-3.553760127079088,13.755170473416968,1.323,False,False,0.0,False,False,-1.0,-1.0,-0.002034952447218494,0.002034952447218494,5.739386608500467
2023-06-21 00:00:00-04:00,230.14877319335938,61.41880416870117,-3.55740279739041,11.65734743124807,0.73,False,False,0.0,False,False,-1.0,-1.0,-0.004675958701545411,0.004675958701545411,5.744062567202012
2023-06-22 00:00:00-04:00,232.79916381835938,60.95751953125,-3.5649532996792788,15.488453425165602,1.673,False,False,0.0,True,False,-1.0,-1.0,0.008511490667980548,-0.008511490667980548,5.735551076534032
2023-06-23 00:00:00-04:00,229.95098876953125,60.35884094238281,-3.57216487941631,14.33925699287613,1.366,False,False,0.0,False,False,-1.0,-1.0,-0.002579202386772274,0.002579202386772274,5.738130278920804
2023-06-26 00:00:00-04:00,229.2290496826172,60.99678039550781,-3.575416328031466,11.140165099168911,0.363,False,False,0.0,False,False,-1.0,-1.0,-0.007151718383382309,0.007151718383382309,5.745281997304186
2023-06-27 00:00:00-04:00,230.51467895507812,61.55620574951172,-3.576627400150709,10.35106682205992,0.068,False,False,0.0,False,False,-1.0,-1.0,-0.0017509125527298628,0.0017509125527298628,5.747032909856916
2023-06-28 00:00:00-04:00,230.13890075683594,60.35884094238281,-3.5816387633158766,13.955336328780248,1.198,False,True,0.0,False,False,-1.0,-1.0,0.008075483059601849,-0.008075483059601849,5.738957426797314
2023-06-29 00:00:00-04:00,230.81382751464844,60.69253158569336,-3.586689535742807,13.12855957850229,0.891,False,False,0.0,False,False,-1.0,-1.0,-0.0018434301399135474,0.0018434301399135474,5.740800856937228
2023-06-30 00:00:00-04:00,233.74179077148438,61.4482421875,-3.591652150044182,13.041079602314397,0.811,False,False,0.0,False,False,-1.0,-1.0,-0.00019249954793910823,0.00019249954793910823,5.740993356485167
2023-07-03 00:00:00-04:00,231.73687744140625,61.70341491699219,-3.592949190003998,10.039642794918564,-0.359,False,False,0.0,False,True,0.0,0.0,-0.00661934496629586,0.00661934496629586,5.747612701451463
2023-07-05 00:00:00-04:00,230.26791381835938,62.46894836425781,-3.5884674338697184,6.100126985131197,-1.737,True,False,1.0,False,False,0.0,1.0,-0.008669027992604312,-0.0,5.747612701451463
2023-07-06 00:00:00-04:00,229.52352905273438,61.762306213378906,-3.584867846500004,8.113823382704936,-0.943,False,False,1.0,False,False,0.0,1.0,0.004465619835743023,0.004465619835743023,5.752078321287207
2023-07-07 00:00:00-04:00,229.1165771484375,61.37954330444336,-3.5828288748267907,9.204177073596412,-0.516,False,False,1.0,False,False,0.0,1.0,0.002428247944339904,0.002428247944339904,5.7545065692315465
2023-07-10 00:00:00-04:00,231.21083068847656,61.01640701293945,-3.5851384230595973,12.45856546934425,0.671,False,True,0.0,False,False,0.0,0.0,0.00723256734907003,0.00723256734907003,5.7617391365806165
2023-07-11 00:00:00-04:00,233.32493591308594,61.791748046875,-3.587638697568299,11.638469429726854,0.405,False,False,0.0,False,False,0.0,0.0,-0.0018023637106633621,-0.0,5.7617391365806165
2023-07-12 00:00:00-04:00,230.01979064941406,62.527828216552734,-3.58332975071005,5.961963553753321,-1.583,True,False,1.0,False,True,0.0,1.0,-0.01250117965329971,-0.0,5.7617391365806165
2023-07-13 00:00:00-04:00,229.9304656982422,62.851707458496094,-3.576212553670354,5.15940046555184,-1.809,False,False,1.0,False,False,0.0,1.0,-0.001765032738197196,-0.001765032738197196,5.75997410384242
2023-07-14 00:00:00-04:00,228.15382385253906,62.65542221069336,-3.5677014579906565,4.617982680428213,-1.876,False,False,1.0,False,False,0.0,1.0,-0.0011986499294688996,-0.0011986499294688996,5.758775453912951
2023-07-17 00:00:00-04:00,227.925537109375,61.75248718261719,-3.562805626073158,7.913428351135906,-0.747,False,False,1.0,False,False,0.0,1.0,0.007356929476924667,0.007356929476924667,5.766132383389875
2023-07-18 00:00:00-04:00,226.6451873779297,61.48750305175781,-3.5587737583685537,7.825075049727616,-0.732,False,False,1.0,False,False,0.0,1.0,-0.00019833935767067749,-0.00019833935767067749,5.765934044032204
2023-07-19 00:00:00-04:00,225.02734375,62.22358322143555,-3.550491655796873,4.103030728510788,-1.804,True,False,1.0,False,False,0.0,1.0,-0.008346295533831925,-0.008346295533831925,5.757587748498373
2023-07-20 00:00:00-04:00,230.37710571289062,63.263916015625,-3.543577683706912,6.196504736013566,-1.089,False,False,1.0,False,False,0.0,1.0,0.004605518676051308,0.004605518676051308,5.762193267174424
2023-07-21 00:00:00-04:00,231.84603881835938,63.92148208618164,-3.5365409777496204,5.785098062089702,-1.152,False,False,1.0,False,False,0.0,1.0,-0.000898450323482814,-0.000898450323482814,5.761294816850941
2023-07-24 00:00:00-04:00,230.5160675048828,63.362060546875,-3.5307184752800334,6.802469700219149,-0.802,False,False,1.0,False,False,0.0,1.0,0.002239773655989934,0.002239773655989934,5.763534590506931
2023-07-25 00:00:00-04:00,231.2604522705078,63.676116943359375,-3.5252072431977024,6.788943603073392,-0.782,False,False,1.0,False,False,0.0,1.0,-2.9679939756515764e-05,-2.9679939756515764e-05,5.763504910567175
2023-07-26 00:00:00-04:00,231.1909637451172,63.71538162231445,-3.519940865927465,6.916588184568781,-0.724,False,False,1.0,False,False,0.0,1.0,0.0002802509224740936,0.0002802509224740936,5.763785161489649
2023-07-27 00:00:00-04:00,210.66537475585938,62.12543869018555,-3.4985450409078775,-6.683270687915666,-3.652,True,False,1.0,False,False,0.0,1.0,-0.031774330350536645,-0.031774330350536645,5.732010831139112
2023-07-28 00:00:00-04:00,207.5388946533203,62.00766372680664,-3.4716482244406017,-7.729901025557865,-3.156,False,False,1.0,False,False,0.0,1.0,-0.0024754288097736947,-0.0024754288097736947,5.729535402329338
2023-07-31 00:00:00-04:00,209.7522430419922,61.94878005981445,-3.4479225189193765,-3.842350745825712,-2.163,False,False,1.0,False,False,0.0,1.0,0.009182896720910164,0.009182896720910164,5.738718299050248
2023-08-01 00:00:00-04:00,211.0127716064453,62.02729797363281,-3.427698782079732,-1.598122113472499,-1.64,False,False,1.0,False,False,0.0,1.0,0.005297694194266132,0.005297694194266132,5.744015993244514
2023-08-02 00:00:00-04:00,211.56857299804688,61.968406677246094,-3.4105692230199476,0.22103238504752198,-1.254,False,False,1.0,False,False,0.0,1.0,0.004301454685628479,0.004301454685628479,5.748317447930143
2023-08-03 00:00:00-04:00,212.19386291503906,60.05459213256836,-3.403331544609636,7.808175111603475,0.032,False,False,1.0,False,False,0.0,1.0,0.018212950476014508,0.018212950476014508,5.766530398406157
2023-08-04 00:00:00-04:00,211.1715545654297,59.47554016113281,-3.4000555753759634,8.951412642073052,0.252,False,True,0.0,False,False,0.0,0.0,0.0027655067583114558,0.0027655067583114558,5.769295905164469
2023-08-07 00:00:00-04:00,210.02023315429688,59.37739562988281,-3.397063442659678,8.311453139681447,0.178,False,False,0.0,False,False,0.0,0.0,-0.0015543220951715173,-0.0,5.769295905164469
2023-08-08 00:00:00-04:00,201.921142578125,59.46572494506836,-3.384967587124572,0.6315910942034861,-1.099,False,False,0.0,False,True,0.0,0.0,-0.019046771721526252,-0.0,5.769295905164469
2023-08-09 00:00:00-04:00,200.77972412109375,59.58349609375,-3.369640758646554,0.004747140936018468,-1.137,False,False,0.0,False,False,0.0,0.0,-0.0015610424969459138,-0.0,5.769295905164469
2023-08-10 00:00:00-04:00,199.65817260742188,59.39702606201172,-3.3539450175108345,0.4438129917764968,-1.007,False,False,0.0,False,False,0.0,0.0,0.0011007673263270313,0.0,5.769295905164469
2023-08-11 00:00:00-04:00,202.34793090820312,59.74052810668945,-3.3408934410800906,2.7611923899035276,-0.552,False,False,0.0,False,False,0.0,0.0,0.005765562352293633,0.0,5.769295905164469
2023-08-14 00:00:00-04:00,200.40257263183594,58.92593002319336,-3.3302501404304916,4.164485897098928,-0.261,False,False,0.0,False,False,0.0,0.0,0.003537946688159583,0.0,5.769295905164469
2023-08-15 00:00:00-04:00,195.032958984375,58.32725143432617,-3.3171113919718604,1.5549687891646045,-0.7,False,False,0.0,False,False,0.0,0.0,-0.006716714454109501,-0.0,5.769295905164469
2023-08-16 00:00:00-04:00,194.97341918945312,59.22036361694336,-3.300752229503673,-0.4983280511908674,-1.029,False,False,0.0,False,False,0.0,0.0,-0.005258860953841726,-0.0,5.769295905164469
2023-08-17 00:00:00-04:00,194.93370056152344,59.27925109863281,-3.2843777125749725,0.23824943503836948,-0.84,False,False,0.0,False,False,0.0,0.0,0.0018904578444352226,0.0,5.769295905164469
2023-08-18 00:00:00-04:00,197.45474243164062,59.69145584106445,-3.2703929733941295,2.2402246773574745,-0.401,False,False,0.0,False,False,0.0,0.0,0.005098375262100211,0.0,5.769295905164469
2023-08-21 00:00:00-04:00,199.41995239257812,59.122222900390625,-3.2622921702166856,6.545987538828172,0.514,False,True,0.0,False,False,0.0,0.0,0.01097585935488017,0.0,5.769295905164469
2023-08-22 00:00:00-04:00,198.99317932128906,58.945560455322266,-3.2564038444793084,7.042629639590132,0.61,False,False,0.0,False,False,0.0,0.0,0.0012703672265789543,0.0,5.769295905164469
2023-08-23 00:00:00-04:00,201.2561492919922,59.62275695800781,-3.251533606554476,7.390751327600043,0.689,False,False,0.0,False,False,0.0,0.0,0.0008810496173321164,0.0,5.769295905164469
2023-08-24 00:00:00-04:00,203.61837768554688,59.59331512451172,-3.250041934786475,9.937604497938707,1.212,False,False,0.0,False,False,0.0,0.0,0.006410416847711295,0.0,5.769295905164469
2023-08-25 00:00:00-04:00,204.0650177001953,59.98588943481445,-3.2485800538502345,9.196053769791575,1.11,False,False,0.0,False,False,0.0,0.0,-0.001858830689519415,-0.0,5.769295905164469
2023-08-28 00:00:00-04:00,204.9582977294922,60.044776916503906,-3.2480224729909795,9.93151291895748,1.299,False,False,0.0,False,False,0.0,0.0,0.0018387164453622015,0.0,5.769295905164469
2023-08-29 00:00:00-04:00,206.07986450195312,60.682716369628906,-3.2466562297574715,9.06394536189174,1.074,False,False,0.0,False,False,0.0,0.0,-0.0021522615523962385,-0.0,5.769295905164469
2023-08-30 00:00:00-04:00,206.9929962158203,60.515869140625,-3.246828786662939,10.508330240111661,1.314,False,False,0.0,False,False,0.0,0.0,0.0035798385228431265,0.0,5.769295905164469
2023-08-31 00:00:00-04:00,205.21636962890625,59.946632385253906,-3.2474654768763056,10.54175050279909,1.253,False,False,0.0,False,False,0.0,0.0,8.357343282847285e-05,0.0,5.769295905164469
2023-09-01 00:00:00-04:00,206.3180694580078,59.37739562988281,-3.2515214895992606,13.251191571006615,1.705,False,False,0.0,True,False,-1.0,-1.0,0.006784034015851309,0.0,5.769295905164469
2023-09-05 00:00:00-04:00,202.5960693359375,57.78745651245117,-3.2578190841624153,14.334990684468437,1.794,False,False,0.0,False,False,-1.0,-1.0,0.0027728778123733895,-0.0027728778123733895,5.766523027352096
2023-09-06 00:00:00-04:00,203.01292419433594,58.140777587890625,-3.2634663103027344,13.272455281450618,1.491,False,False,0.0,False,False,-1.0,-1.0,-0.0027053500279442468,0.0027053500279442468,5.76922837738004
2023-09-07 00:00:00-04:00,202.3380126953125,59.617332458496094,-3.262339643665052,7.846025566401437,0.501,False,False,0.0,False,False,-1.0,-1.0,-0.013674444264427654,0.013674444264427654,5.782902821644468
2023-09-08 00:00:00-04:00,201.3057861328125,60.24164962768555,-3.2560310692808745,5.157103280335747,0.02,False,False,0.0,False,False,-1.0,-1.0,-0.006765359294941563,0.006765359294941563,5.78966818093941
2023-09-11 00:00:00-04:00,201.05764770507812,60.25156021118164,-3.2484969976533864,5.330635255122331,0.059,False,False,0.0,False,False,-1.0,-1.0,0.00043734547277805814,-0.00043734547277805814,5.789230835466632
2023-09-12 00:00:00-04:00,202.0601043701172,60.08309555053711,-3.242931920066538,7.214715952872609,0.396,False,True,0.0,False,False,-1.0,-1.0,0.0047469252302831085,-0.0047469252302831085,5.784483910236348
2023-09-13 00:00:00-04:00,201.68292236328125,60.34074783325195,-3.2368766741300723,6.367363202263306,0.247,False,False,0.0,False,False,-1.0,-1.0,-0.002134397963830598,0.002134397963830598,5.786618308200179
2023-09-14 00:00:00-04:00,203.69776916503906,60.836238861083984,-3.2315796362265967,7.100618516942944,0.329,False,False,0.0,False,False,-1.0,-1.0,0.0018317877104759043,-0.0018317877104759043,5.784786520489703
2023-09-15 00:00:00-04:00,203.5389862060547,60.79659652709961,-3.2268158050138473,7.359567641359689,0.328,False,False,0.0,False,False,-1.0,-1.0,0.0006478288748431781,-0.0006478288748431781,5.78413869161486
2023-09-18 00:00:00-04:00,206.79449462890625,60.77678298950195,-3.2262925106065934,10.710814851113895,1.019,False,False,0.0,False,False,-1.0,-1.0,0.0083182644845168,-0.0083182644845168,5.775820427130343
2023-09-19 00:00:00-04:00,211.76708984375,60.07318115234375,-3.2351083695595824,17.423838711733765,2.337,False,False,0.0,True,False,-1.0,-1.0,0.016530049061273363,-0.016530049061273363,5.759290378069069
2023-09-20 00:00:00-04:00,213.17648315429688,60.152462005615234,-3.247026320917296,17.859855754086624,2.209,False,False,0.0,False,False,-1.0,-1.0,0.001067379182383246,-0.001067379182383246,5.758222998886686
2023-09-21 00:00:00-04:00,210.73484802246094,59.894805908203125,-3.2571049490273403,15.651179277820546,1.625,False,False,0.0,False,False,-1.0,-1.0,-0.005442522667179413,0.005442522667179413,5.7636655215538655
2023-09-22 00:00:00-04:00,211.3601531982422,59.97408676147461,-3.2664460200444543,15.45803619042266,1.495,False,False,0.0,False,False,-1.0,-1.0,-0.0004742474359340019,0.0004742474359340019,5.764139768989799
2023-09-25 00:00:00-04:00,212.3030548095703,59.74616241455078,-3.276874124446016,16.52240115837975,1.588,False,False,0.0,True,False,-1.0,-1.0,0.0026082025473933702,-0.0026082025473933702,5.761531566442406
2023-09-26 00:00:00-04:00,211.6479949951172,57.94257736206055,-3.292812841239516,20.853932202810142,2.176,False,False,0.0,False,False,-1.0,-1.0,0.010763117225482358,-0.010763117225482358,5.750768449216923
2023-09-27 00:00:00-04:00,210.0301513671875,57.37771987915039,-3.3094266709105815,20.142794883090943,1.902,False,False,0.0,False,False,-1.0,-1.0,-0.0017782100202115873,0.0017782100202115873,5.752546659237135
2023-09-28 00:00:00-04:00,211.13626098632812,56.148902893066406,-3.3310242728691537,24.102902554550866,2.336,False,False,0.0,False,False,-1.0,-1.0,0.009945780587799036,-0.009945780587799036,5.742600878649336
2023-09-29 00:00:00-04:00,208.22650146484375,56.39664840698242,-3.348379162835843,19.389139085124555,1.462,False,False,0.0,False,False,-1.0,-1.0,-0.011871549890703704,0.011871549890703704,5.75447242854004
2023-10-02 00:00:00-04:00,207.4093780517578,54.19667434692383,-3.3709744465482125,24.71377374038255,2.103,False,False,0.0,True,False,-1.0,-1.0,0.013649235195621024,-0.013649235195621024,5.7408231933444185
2023-10-03 00:00:00-04:00,205.82496643066406,55.02909851074219,-3.388671735869296,19.349415656944842,1.213,False,False,0.0,False,False,-1.0,-1.0,-0.013674104030413373,0.013674104030413373,5.754497297374832
2023-10-04 00:00:00-04:00,207.86776733398438,55.613773345947266,-3.4040838850474437,18.55381770036422,1.044,False,False,0.0,False,False,-1.0,-1.0,-0.00200310820612499,0.00200310820612499,5.756500405580957
2023-10-05 00:00:00-04:00,207.84783935546875,56.049808502197266,-3.416208262162018,16.370020457663514,0.649,False,False,0.0,False,False,-1.0,-1.0,-0.0054687125597013934,0.0054687125597013934,5.761969118140659
2023-10-06 00:00:00-04:00,208.4457244873047,56.80295181274414,-3.424411863274932,13.929022430709352,0.185,False,False,0.0,False,False,-1.0,-1.0,-0.006057631843966057,0.006057631843966057,5.7680267499846245
2023-10-09 00:00:00-04:00,208.30621337890625,57.88311767578125,-3.426586536733771,9.964701646897652,-0.55,False,False,0.0,False,True,0.0,0.0,-0.009748783871176005,0.009748783871176005,5.777775533855801
2023-10-10 00:00:00-04:00,207.72825622558594,58.5173454284668,-3.423798309677226,7.376667860802968,-1.024,False,False,0.0,False,False,0.0,0.0,-0.0063419789543699605,-0.0,5.777775533855801
2023-10-11 00:00:00-04:00,209.86074829101562,60.221832275390625,-3.4155611511607296,4.169397519474046,-1.554,True,False,1.0,False,False,0.0,1.0,-0.007718094430431693,-0.0,5.777775533855801
2023-10-12 00:00:00-04:00,209.61163330078125,60.02363586425781,-3.4069614279549083,5.113421145643997,-1.329,False,False,1.0,False,False,0.0,1.0,0.0022796454528402205,0.0022796454528402205,5.780055179308641
2023-10-13 00:00:00-04:00,212.49148559570312,60.25156021118164,-3.4013137825596966,7.557023428685596,-0.891,False,False,1.0,False,False,0.0,1.0,0.005853977923841542,0.005853977923841542,5.785909157232482
2023-10-16 00:00:00-04:00,214.3150634765625,60.34074783325195,-3.3986088218163086,9.240465575479107,-0.596,False,False,1.0,False,False,0.0,1.0,0.004014028722748196,0.004014028722748196,5.789923185955231
2023-10-17 00:00:00-04:00,214.5940704345703,60.261470794677734,-3.397505907669722,9.855367404786307,-0.495,False,False,1.0,False,False,0.0,1.0,0.0014663815189715206,0.0014663815189715206,5.791389567474202
2023-10-18 00:00:00-04:00,210.6778564453125,59.64706039428711,-3.3947994791216707,8.1880468876478,-0.765,False,False,1.0,False,False,0.0,1.0,-0.0040354574046617,-0.0040354574046617,5.787354110069541
2023-10-19 00:00:00-04:00,206.63211059570312,59.290313720703125,-3.388606539991057,5.720565763607027,-1.142,False,False,1.0,False,False,0.0,1.0,-0.0060545197825510365,-0.0060545197825510365,5.78129959028699
2023-10-20 00:00:00-04:00,205.12742614746094,58.76509094238281,-3.3822422697011763,6.3696515793000685,-0.984,False,False,1.0,False,False,0.0,1.0,0.0016071047281330493,0.0016071047281330493,5.7829066950151224
2023-10-23 00:00:00-04:00,202.81556701660156,58.6263542175293,-3.3741490306081174,5.0015107654369615,-1.143,False,False,1.0,False,False,0.0,1.0,-0.0034149766627434132,-0.0034149766627434132,5.779491718352379
2023-10-24 00:00:00-04:00,207.16026306152344,59.9344482421875,-3.3660549213008872,5.417618600454887,-1.022,False,False,1.0,False,False,0.0,1.0,0.0010176201424905134,0.0010176201424905134,5.780509338494869
2023-10-25 00:00:00-04:00,207.0107879638672,60.043453216552734,-3.3579353526859066,5.388753710662456,-1.005,False,False,1.0,False,False,0.0,1.0,-7.0637717341993e-05,-7.0637717341993e-05,5.780438700777527
2023-10-26 00:00:00-04:00,228.27587890625,60.647953033447266,-3.3724345417537314,23.744627209594455,1.756,False,True,0.0,True,False,-1.0,-1.0,0.0424112085985322,0.0424112085985322,5.822849909376059
2023-10-27 00:00:00-04:00,228.11643981933594,59.56778335571289,-3.3957765181591473,25.8375598612148,1.903,False,False,0.0,False,False,-1.0,-1.0,0.004862814615880418,-0.004862814615880418,5.817987094760178
2023-10-30 00:00:00-04:00,231.97283935546875,59.617332458496094,-3.4240415049441393,27.84061860352469,1.995,False,False,0.0,False,False,-1.0,-1.0,0.004593064666153003,-0.004593064666153003,5.813394030094025
2023-10-31 00:00:00-04:00,235.0619659423828,61.093894958496094,-3.4494361661989466,24.322475138586896,1.409,False,False,0.0,False,False,-1.0,-1.0,-0.007891727161719172,0.007891727161719172,5.821285757255744
2023-11-01 00:00:00-04:00,234.59361267089844,61.81731033325195,-3.468878136183908,20.15689641818517,0.79,False,False,0.0,False,False,-1.0,-1.0,-0.009276831545849473,0.009276831545849473,5.830562588801594
2023-11-02 00:00:00-04:00,234.18505859375,62.847923278808594,-3.4808177606097446,15.422891027434446,0.109,False,False,0.0,False,False,-1.0,-1.0,-0.010451560617522778,0.010451560617522778,5.841014149419117
2023-11-03 00:00:00-04:00,235.4306640625,63.016395568847656,-3.4906807278136425,15.460546514042477,0.095,False,False,0.0,False,False,-1.0,-1.0,8.268647777640344e-05,-8.268647777640344e-05,5.84093146294134
2023-11-06 00:00:00-05:00,235.0819091796875,62.451534271240234,-3.5011145836321687,16.43193177244413,0.236,False,True,0.0,False,False,-1.0,-1.0,0.0021408794204626504,-0.0021408794204626504,5.838790583520877
2023-11-07 00:00:00-05:00,235.64990234375,61.73802947998047,-3.5143987247592627,18.67785027015688,0.546,False,False,0.0,False,False,-1.0,-1.0,0.0049620184699257575,-0.0049620184699257575,5.833828565050951
2023-11-08 00:00:00-05:00,233.2483673095703,61.13352966308594,-3.5271434052523385,17.621641318618543,0.39,False,False,0.0,False,False,-1.0,-1.0,-0.0023530130481782055,0.0023530130481782055,5.836181578099129
2023-11-09 00:00:00-05:00,237.32400512695312,60.47948455810547,-3.546060529791142,22.860092073342457,1.071,False,False,0.0,False,False,-1.0,-1.0,0.011594933250583936,-0.011594933250583936,5.824586644848545
2023-11-10 00:00:00-05:00,239.36680603027344,61.05425262451172,-3.565271877079695,21.691796171982645,0.88,False,False,0.0,False,False,-1.0,-1.0,-0.0025562122780569945,0.0025562122780569945,5.827142857126602
2023-11-13 00:00:00-05:00,242.67515563964844,60.78668975830078,-3.5880276135947615,24.57083424784736,1.236,False,False,0.0,False,False,-1.0,-1.0,0.006248190771023013,-0.006248190771023013,5.820894666355579
2023-11-14 00:00:00-05:00,241.48931884765625,62.67945861816406,-3.601145475983504,15.77147000775949,0.079,False,False,0.0,False,False,-1.0,-1.0,-0.018833966703979348,0.018833966703979348,5.839728633059558
2023-11-15 00:00:00-05:00,240.5924835205078,62.31279754638672,-3.611331337917008,15.560324987963412,0.087,False,False,0.0,False,False,-1.0,-1.0,-0.00045346616292704807,0.00045346616292704807,5.840182099222485
2023-11-16 00:00:00-05:00,241.7783203125,62.88756561279297,-3.6190498024959457,14.18508840207079,-0.082,False,False,0.0,False,False,-1.0,-1.0,-0.0029299529964684577,0.0029299529964684577,5.843112052218953
2023-11-17 00:00:00-05:00,241.180419921875,63.174949645996094,-3.6237447567338945,12.250527385268839,-0.307,False,False,0.0,False,True,0.0,0.0,-0.004115121420512989,0.004115121420512989,5.8472271736394665
2023-11-20 00:00:00-05:00,241.05087280273438,63.4326057434082,-3.626145871548795,11.034991364692331,-0.448,False,False,0.0,False,False,0.0,0.0,-0.0025803901668577755,-0.0,5.8472271736394665
2023-11-21 00:00:00-05:00,242.11712646484375,63.561431884765625,-3.62847026139923,11.486361099018865,-0.355,False,False,0.0,False,False,0.0,0.0,0.0009547789469322636,0.0,5.8472271736394665
2023-11-22 00:00:00-05:00,243.61184692382812,64.06683349609375,-3.630226680787561,11.034718612734395,-0.397,False,False,0.0,False,False,0.0,0.0,-0.0009484522107250761,-0.0,5.8472271736394665
2023-11-24 00:00:00-05:00,243.42251586914062,64.50286102294922,-3.629732955531728,9.29435548805884,-0.623,False,False,0.0,False,False,0.0,0.0,-0.0036443527592528316,-0.0,5.8472271736394665
2023-11-27 00:00:00-05:00,244.17984008789062,63.85873031616211,-3.6321700483861408,12.234072505558572,-0.214,False,False,0.0,False,False,0.0,0.0,0.006174246816684261,0.0,5.8472271736394665
2023-11-28 00:00:00-05:00,240.82168579101562,63.819087982177734,-3.6315752691940686,9.057864172418562,-0.68,False,False,0.0,False,False,0.0,0.0,-0.006720917766923897,-0.0,5.8472271736394665
2023-11-29 00:00:00-05:00,239.9248504638672,62.71910095214844,-3.633718392762016,12.021299756547762,-0.295,False,False,0.0,False,False,0.0,0.0,0.0063344499323050455,0.0,5.8472271736394665
2023-11-30 00:00:00-05:00,245.4354248046875,61.86685562133789,-3.6459185500108675,19.873908264007582,0.819,False,True,0.0,False,False,0.0,0.0,0.016672313168381588,0.0,5.8472271736394665
2023-12-01 00:00:00-05:00,244.54855346679688,62.847923278808594,-3.6548162752135878,14.850940604032303,0.029,False,False,0.0,False,False,0.0,0.0,-0.010591477626167538,-0.0,5.8472271736394665
2023-12-04 00:00:00-05:00,243.1435089111328,62.709190368652344,-3.6612802172088186,13.547590777204192,-0.192,False,False,0.0,False,False,0.0,0.0,-0.0027570152863595943,-0.0,5.8472271736394665
2023-12-05 00:00:00-05:00,242.11712646484375,62.03532409667969,-3.668290173701517,14.55355665860472,-0.058,False,False,0.0,False,False,0.0,0.0,0.002141808018483945,0.0,5.8472271736394665
2023-12-06 00:00:00-05:00,240.65228271484375,62.619998931884766,-3.67095670540666,10.776977743283481,-0.668,False,False,0.0,False,True,0.0,0.0,-0.00802626458926834,-0.0,5.8472271736394665
2023-12-07 00:00:00-05:00,241.8679962158203,62.41999816894531,-3.6745308552555747,12.5037869590343,-0.44,False,False,0.0,False,False,0.0,0.0,0.0036644550090097826,0.0,5.8472271736394665
2023-12-08 00:00:00-05:00,241.80821228027344,62.56999969482422,-3.677403802657572,11.71305747024374,-0.612,False,False,0.0,False,False,0.0,0.0,-0.0016756173910478735,-0.0,5.8472271736394665
2023-12-11 00:00:00-05:00,243.93072509765625,62.97999954223633,-3.6805872884622604,12.127339355142254,-0.603,False,False,0.0,False,False,0.0,0.0,0.0008708265299010655,0.0,5.8472271736394665
2023-12-12 00:00:00-05:00,245.62477111816406,62.4900016784668,-3.6874984994002533,15.19298370129843,-0.122,False,False,0.0,False,False,0.0,0.0,0.0064396641348458536,0.0,5.8472271736394665
2023-12-13 00:00:00-05:00,246.73086547851562,64.5199966430664,-3.6877761555843813,8.79556029983101,-1.366,False,False,0.0,False,True,0.0,0.0,-0.013199649137451884,-0.0,5.8472271736394665
2023-12-14 00:00:00-05:00,237.0948028564453,62.97999954223633,-3.6820245783071126,5.200896600160462,-1.901,True,False,1.0,False,False,0.0,1.0,-0.007664712667542074,-0.0,5.8472271736394665
2023-12-15 00:00:00-05:00,235.89901733398438,61.540000915527344,-3.6797510068204087,9.447137005343762,-1.067,False,False,1.0,False,False,0.0,1.0,0.009184021111778524,0.009184021111778524,5.856411194751245
2023-12-18 00:00:00-05:00,237.8820343017578,61.70000076293945,-3.6800202185523214,10.824784009446972,-0.775,False,False,1.0,False,False,0.0,1.0,0.0029630686193919107,0.0029630686193919107,5.859374263370637
2023-12-19 00:00:00-05:00,237.63291931152344,62.16999816894531,-3.6787046112367063,8.927860366846716,-1.148,False,False,1.0,False,False,0.0,1.0,-0.0040677013905097625,-0.0040677013905097625,5.855306561980127
2023-12-20 00:00:00-05:00,234.69326782226562,60.7400016784668,-3.679660011606014,11.190712541129187,-0.589,False,False,1.0,False,False,0.0,1.0,0.0049386137109587065,0.0049386137109587065,5.860245175691086
2023-12-21 00:00:00-05:00,237.51333618164062,60.349998474121094,-3.6858248924496038,15.073809546429487,0.321,False,True,0.0,False,False,0.0,0.0,0.008442380337670618,0.008442380337670618,5.868687556028756
2023-12-22 00:00:00-05:00,239.24722290039062,60.650001525878906,-3.6935757576254646,15.23184756445687,0.359,False,False,0.0,False,False,0.0,0.0,0.0003411413281129237,0.0,5.868687556028756
2023-12-26 00:00:00-05:00,238.250732421875,60.720001220703125,-3.699814225677815,13.598008122343288,-0.003,False,False,0.0,False,False,0.0,0.0,-0.0035295468599122843,-0.0,5.868687556028756
2023-12-27 00:00:00-05:00,238.4600067138672,60.65999984741211,-3.705742475130054,13.669668737929555,0.05,False,False,0.0,False,False,0.0,0.0,0.00015469090613251928,0.0,5.868687556028756
2023-12-28 00:00:00-05:00,239.32000732421875,60.970001220703125,-3.710879258036418,13.067694431856438,-0.064,False,False,0.0,False,False,0.0,0.0,-0.0012929770090135148,-0.0,5.868687556028756
2023-12-29 00:00:00-05:00,241.1999969482422,61.150001525878906,-3.716825803561523,13.916093389028958,0.228,False,True,0.0,False,False,0.0,0.0,0.0018109458110589203,0.0,5.868687556028756
2024-01-02 00:00:00-05:00,239.9499969482422,61.540000915527344,-3.719558098568004,11.048388157010066,-0.499,False,False,0.0,False,True,0.0,0.0,-0.006116445367603973,-0.0,5.868687556028756
2024-01-03 00:00:00-05:00,240.6300048828125,61.810001373291016,-3.7209372912300602,10.638865801952733,-0.627,False,False,0.0,False,False,0.0,0.0,-0.000870174152415356,-0.0,5.868687556028756
2024-01-04 00:00:00-05:00,239.49000549316406,61.790000915527344,-3.7206922550866497,9.588427644964469,-0.956,False,False,0.0,False,False,0.0,0.0,-0.0022378717349610757,-0.0,5.868687556028756
2024-01-05 00:00:00-05:00,238.8699951171875,61.72999954223633,-3.71961576303904,9.258115767492512,-1.02,False,False,0.0,False,False,0.0,0.0,-0.0007050686386700465,-0.0,5.868687556028756
2024-01-08 00:00:00-05:00,242.1699981689453,62.18000030517578,-3.720223211637137,10.846517734026122,-0.39,False,False,0.0,False,False,0.0,0.0,0.0033546438088590935,0.0,5.868687556028756
2024-01-09 00:00:00-05:00,239.8699951171875,61.81999969482422,-3.7201347101050395,9.891268473788983,-0.72,False,False,0.0,False,False,0.0,0.0,-0.002033099625466026,-0.0,5.868687556028756
2024-01-10 00:00:00-05:00,245.44000244140625,62.0099983215332,-3.725310401172669,14.433510717498848,0.935,False,True,0.0,False,False,0.0,0.0,0.009533583097651744,0.0,5.868687556028756
2024-01-11 00:00:00-05:00,247.07000732421875,60.310001373291016,-3.7403097639194676,21.49192032570187,2.941,False,False,0.0,True,False,-1.0,-1.0,0.014933752389961754,0.0,5.868687556028756
2024-01-12 00:00:00-05:00,248.39999389648438,60.31999969482422,-3.7582117402804442,21.704662869683176,2.592,False,False,0.0,False,False,-1.0,-1.0,0.0004477891758157345,-0.0004477891758157345,5.86823976685294
