Date,y,x,hr,spread,zScore,long entry,long exit,num units long,short entry,short exit,num units short,numUnits,spread pct ch,port rets,cum rets
2004-01-20 00:00:00-05:00,9.088885307312012,8.222880363464355,-0.8258539777843217,2.2979868503003846,,False,False,,False,False,,,,,
2004-01-21 00:00:00-05:00,9.168375015258789,9.300944328308105,-0.8659660725217324,1.1140727845305367,,False,False,,False,False,,,-0.06874158116420052,,
2004-01-22 00:00:00-05:00,9.206745147705078,8.983864784240723,-0.8815032955680693,1.2874387334589592,,False,False,,False,False,,,0.010122937461754942,,
2004-01-23 00:00:00-05:00,9.214972496032715,9.39818000793457,-0.8869547469458264,0.8792121253437823,,False,False,,False,False,,,-0.02325980408996053,,
2004-01-26 00:00:00-05:00,9.132741928100586,9.205822944641113,-0.8897855722689766,0.9415334910962176,,False,False,,False,False,,,0.0035974107775076005,,
2004-01-27 00:00:00-05:00,9.157411575317383,9.159318923950195,-0.8917860132601576,0.9892590679495221,,False,False,,False,False,,,0.002754633362904489,,
2004-01-28 00:00:00-05:00,9.127260208129883,8.911998748779297,-0.8940305213877623,1.1596613201516428,,False,False,,False,False,,,0.009968040756821159,,
2004-01-29 00:00:00-05:00,9.039551734924316,8.82744312286377,-0.896246185307696,1.1279895100370085,,False,False,,False,False,,,-0.001868420576354041,,
2004-01-30 00:00:00-05:00,9.069701194763184,8.95215892791748,-0.8981347052710258,1.029456574498635,,False,False,,False,False,,,-0.005758810495579222,,
2004-02-02 00:00:00-05:00,9.020366668701172,8.924680709838867,-0.8997062304561422,0.9907758292273972,,False,False,,False,False,,,-0.002268671065760229,,
2004-02-03 00:00:00-05:00,9.053256034851074,8.747119903564453,-0.901507935591695,1.1676580282156586,,False,False,,False,False,,,0.010442394659936446,,
2004-02-04 00:00:00-05:00,9.140962600708008,8.620284080505371,-0.903887998904914,1.3491912731881213,,False,False,,False,False,,,0.010720846718664597,,
2004-02-05 00:00:00-05:00,9.195779800415039,8.696385383605957,-0.906581376003693,1.3117987730871468,,False,False,,False,False,,,-0.002189287102910555,,
2004-02-06 00:00:00-05:00,9.272531509399414,8.897197723388672,-0.9092132029430389,1.1830818700996861,,False,False,,False,False,,,-0.007413722079585648,,
2004-02-09 00:00:00-05:00,9.373942375183105,8.990211486816406,-0.9117815284547292,1.176833604602379,,False,False,,False,False,,,-0.00035559998348837777,,
2004-02-10 00:00:00-05:00,9.384909629821777,8.937362670898438,-0.9143702650864908,1.2128509552582667,,False,False,,False,False,,,0.002051456152990343,,
2004-02-11 00:00:00-05:00,9.22500228881836,9.24387264251709,-0.916021906502798,0.7574124473507968,,False,False,,False,False,,,-0.025741762685404183,,
2004-02-12 00:00:00-05:00,9.211212158203125,9.089557647705078,-0.9172102000357584,0.8741771699149936,,False,False,,False,False,,,0.006653925123657932,,
2004-02-13 00:00:00-05:00,9.186399459838867,8.983864784240723,-0.9181801860976619,0.9375928203684882,,False,False,,False,False,,,0.003637218286510937,,
2004-02-17 00:00:00-05:00,9.194669723510742,9.089557647705078,-0.9187955430676952,0.8432246683424331,,False,False,,False,False,,,-0.00537829332683526,,
2004-02-18 00:00:00-05:00,9.153319358825684,9.19525146484375,-0.9188643223739728,0.7041308525237504,,False,False,,False,False,,,-0.007901931752250027,,
2004-02-19 00:00:00-05:00,9.106447219848633,8.909883499145508,-0.9189541438018027,0.9186728575175618,,False,False,,False,False,,,0.012405415529940912,,
2004-02-20 00:00:00-05:00,8.976869583129883,8.909883499145508,-0.9188041762104521,0.7904314145663935,,False,False,,False,False,,,-0.007471837294213618,,
2004-02-23 00:00:00-05:00,8.891399383544922,8.723861694335938,-0.9186473473178176,0.8772469796756912,,False,False,,False,False,,,0.005135328689710685,,
2004-02-24 00:00:00-05:00,8.814203262329102,8.886631965637207,-0.9180479250328306,0.6558492257454382,,False,False,,False,False,,,-0.013044454647057538,,
2004-02-25 00:00:00-05:00,8.822474479675293,8.990211486816406,-0.9169632444829041,0.578780986136648,,False,False,,False,False,,,-0.004515849119131611,,
2004-02-26 00:00:00-05:00,8.850043296813965,9.015576362609863,-0.915547392071204,0.5958558700077141,,False,False,,False,False,,,0.00099828423429102,,
2004-02-27 00:00:00-05:00,8.910700798034668,9.051508903503418,-0.9139657159856645,0.6379319822935496,,False,False,,False,False,,,0.0024486389088792405,,
2004-03-01 00:00:00-05:00,8.965843200683594,9.14875316619873,-0.9122241301792073,0.6201298014236869,,False,False,,False,False,,,-0.0010283408523714638,,
2004-03-02 00:00:00-05:00,9.001681327819824,9.163543701171875,-0.9104401083766338,0.6588236074108824,,False,False,,False,False,,,0.002230892725347287,,
2004-03-03 00:00:00-05:00,8.987895011901855,9.172000885009766,-0.908616688194065,0.6540619436512483,,False,False,,False,False,,,-0.0002748954225352468,,
2004-03-04 00:00:00-05:00,9.059576034545898,9.286149978637695,-0.9067348311480088,0.6395004016507624,,False,False,,False,False,,,-0.0008330567609427447,,
2004-03-05 00:00:00-05:00,9.098172187805176,9.300944328308105,-0.9048944295695561,0.6817994753826149,,False,False,,False,False,,,0.0024150826625990427,,
2004-03-08 00:00:00-05:00,9.139534950256348,9.123380661010742,-0.9035113532414477,0.896456943089678,-0.183,False,False,,False,False,,,0.012348975854944554,,
2004-03-09 00:00:00-05:00,9.139534950256348,8.990211486816406,-0.9027215294607405,1.0238774867019238,0.451,False,True,0.0,False,False,,,0.007384475383204678,,
2004-03-10 00:00:00-05:00,8.891399383544922,8.901430130004883,-0.9020593771333142,0.8617808648770016,-0.22,False,False,0.0,False,True,0.0,0.0,-0.009579602288803446,,
2004-03-11 00:00:00-05:00,8.932758331298828,8.816871643066406,-0.9017274919796052,0.982342777490457,0.361,False,True,0.0,False,False,0.0,0.0,0.007140950714237692,0.0,1.0
2004-03-12 00:00:00-05:00,8.93551254272461,8.899313926696777,-0.9015072936630376,0.912716129210418,0.039,False,False,0.0,False,False,0.0,0.0,-0.004105754203423919,-0.0,1.0
2004-03-15 00:00:00-05:00,8.976869583129883,8.605487823486328,-0.9019575036478968,1.2150852681857813,1.342,False,True,0.0,False,False,0.0,0.0,0.018064125157050717,0.0,1.0
2004-03-16 00:00:00-05:00,8.855562210083008,8.474430084228516,-0.9028879368294013,1.2041015155289143,1.237,False,False,0.0,False,False,0.0,0.0,-0.0006653987651390183,-0.0,1.0
2004-03-17 00:00:00-05:00,8.974109649658203,8.594919204711914,-0.9041788657684761,1.2027653517700925,1.218,False,False,0.0,False,False,0.0,0.0,-7.97926268829294e-05,-0.0,1.0
2004-03-18 00:00:00-05:00,8.987895011901855,8.345484733581543,-0.9061678291005051,1.4254852280808619,2.023,False,False,0.0,True,False,-1.0,-1.0,0.0134571465033277,0.0,1.0
2004-03-19 00:00:00-05:00,8.974109649658203,8.21865463256836,-0.9088339880460742,1.504716983567759,2.126,False,False,0.0,False,False,-1.0,-1.0,0.00481842334835283,-0.00481842334835283,0.9951815766516472
2004-03-22 00:00:00-05:00,8.844531059265137,8.146783828735352,-0.9118418280775902,1.415952799918144,1.667,False,False,0.0,False,False,-1.0,-1.0,-0.005454654172825607,0.005454654172825607,1.0006362308244727
2004-03-23 00:00:00-05:00,8.775604248046875,8.252472877502441,-0.9147521146568505,1.2266372322032133,0.97,False,False,0.0,False,False,-1.0,-1.0,-0.011596970275947836,0.011596970275947836,1.0122332011004207
2004-03-24 00:00:00-05:00,8.789388656616211,8.165810585021973,-0.9177203801664823,1.295457862162361,1.233,False,False,0.0,False,False,-1.0,-1.0,0.004226449660092191,-0.004226449660092191,1.0080067514403284
2004-03-25 00:00:00-05:00,8.739764213562012,8.402555465698242,-0.9201887626666732,1.0078270963430542,0.229,False,False,0.0,False,False,-1.0,-1.0,-0.01746211639242182,0.01746211639242182,1.0254688678327502
2004-03-26 00:00:00-05:00,8.759063720703125,8.440608024597168,-0.9222127710710668,0.9750272048146877,0.131,False,False,0.0,False,False,-1.0,-1.0,-0.0019826931505750444,0.0019826931505750444,1.0274515609833252
2004-03-29 00:00:00-05:00,8.781118392944336,8.24190616607666,-0.9242576612661971,1.163473475510873,0.843,False,True,0.0,False,False,-1.0,-1.0,0.011491492811346876,-0.011491492811346876,1.0159600681719785
2004-03-30 00:00:00-05:00,8.756306648254395,8.254591941833496,-0.9262181475819321,1.1107537908446297,0.662,False,False,0.0,False,False,-1.0,-1.0,-0.0032142504725173027,0.0032142504725173027,1.0191743186444957
2004-03-31 00:00:00-05:00,8.86383056640625,8.184833526611328,-0.9284116904936995,1.2649354355555182,1.175,False,False,0.0,False,False,-1.0,-1.0,0.009365499222074648,-0.009365499222074648,1.009808819422421
2004-04-01 00:00:00-05:00,8.99616813659668,8.191173553466797,-0.9309875832524972,1.3702872660528564,1.466,False,False,0.0,False,False,-1.0,-1.0,0.006338077240181469,-0.006338077240181469,1.0034707421822395
2004-04-02 00:00:00-05:00,8.916213035583496,8.24402141571045,-0.9335664704188568,1.2198710604612257,0.879,False,False,0.0,False,False,-1.0,-1.0,-0.009054369150001114,0.009054369150001114,1.0125251113322407
2004-04-05 00:00:00-04:00,8.932758331298828,8.227109909057617,-0.9361686446132498,1.2307959986521224,0.87,False,False,0.0,False,False,-1.0,-1.0,0.0006567551335307745,-0.0006567551335307745,1.0118683561987099
2004-04-06 00:00:00-04:00,8.938268661499023,8.172149658203125,-0.938855222420477,1.265803276493303,0.938,False,False,0.0,False,False,-1.0,-1.0,0.002107509381775142,-0.002107509381775142,1.0097608468169348
2004-04-07 00:00:00-04:00,8.850043296813965,8.131983757019043,-0.9414669369273817,1.1940494579500252,0.65,False,False,0.0,False,False,-1.0,-1.0,-0.004347125718515527,0.004347125718515527,1.0141079725354503
2004-04-08 00:00:00-04:00,8.816959381103516,8.053772926330566,-0.9440585810318955,1.213725940318784,0.677,False,False,0.0,False,False,-1.0,-1.0,0.0011983100674999281,-0.0011983100674999281,1.0129096624679503
2004-04-12 00:00:00-04:00,8.684623718261719,8.214425086975098,-0.9460587910843812,0.9132946510248452,-0.394,False,False,0.0,False,True,0.0,0.0,-0.0182566936846517,0.0182566936846517,1.031166356152602
2004-04-13 00:00:00-04:00,8.444762229919434,8.432156562805176,-0.9467311435996123,0.4617770042039133,-1.916,True,False,1.0,False,False,0.0,1.0,-0.02748506135976998,-0.0,1.031166356152602
2004-04-14 00:00:00-04:00,8.370325088500977,8.311663627624512,-0.9464653945332577,0.5036230939536148,-1.742,False,False,1.0,False,False,0.0,1.0,0.0025772014504668373,0.0025772014504668373,1.033743557603069
2004-04-15 00:00:00-04:00,8.450276374816895,8.301095008850098,-0.9456711604585446,0.6001702247209897,-1.415,False,False,1.0,False,False,0.0,1.0,0.005922997857247608,0.005922997857247608,1.0396665554603166
2004-04-16 00:00:00-04:00,8.48336124420166,8.535731315612793,-0.9441270302717605,0.42454658599448614,-1.923,True,False,1.0,False,False,0.0,1.0,-0.010616719333816879,-0.010616719333816879,1.0290498361264997
2004-04-19 00:00:00-04:00,8.450276374816895,8.571664810180664,-0.9419151658234726,0.3764952937523507,-1.978,False,False,1.0,False,False,0.0,1.0,-0.0029079596443204363,-0.0029079596443204363,1.0261418764821792
2004-04-20 00:00:00-04:00,8.422706604003906,8.673130989074707,-0.9389999174752384,0.27863732101082306,-2.127,False,False,1.0,False,False,0.0,1.0,-0.005906880941048696,-0.005906880941048696,1.0202349955411305
2004-04-21 00:00:00-04:00,8.38686466217041,8.761913299560547,-0.9353755622736576,0.19118508300092607,-2.198,False,False,1.0,False,False,0.0,1.0,-0.005273752732821336,-0.005273752732821336,1.0149612428083092
2004-04-22 00:00:00-04:00,8.588126182556152,9.036713600158691,-0.9311675626281765,0.17343160532749025,-2.083,False,False,1.0,False,False,0.0,1.0,-0.0010441489635311847,-0.0010441489635311847,1.013917093844778
2004-04-23 00:00:00-04:00,8.621210098266602,8.973299980163574,-0.9267871520312339,0.3048709653288757,-1.648,False,False,1.0,False,False,0.0,1.0,0.007760234860851801,0.007760234860851801,1.0216773287056298
2004-04-26 00:00:00-04:00,8.662567138671875,8.761913299560547,-0.9228307171213784,0.5768044050830721,-0.921,False,False,1.0,False,False,0.0,1.0,0.01623645114636681,0.01623645114636681,1.0379137798519966
2004-04-27 00:00:00-04:00,8.825230598449707,8.812647819519043,-0.9194814406397075,0.7221644855079603,-0.532,False,False,1.0,False,False,0.0,1.0,0.008586810764432785,0.008586810764432785,1.0465005906164293
2004-04-28 00:00:00-04:00,8.814203262329102,8.651996612548828,-0.9169117876610774,0.8810855814793692,-0.136,False,False,1.0,False,False,0.0,1.0,0.009489344385923248,0.009489344385923248,1.0559899350023527
2004-04-29 00:00:00-04:00,8.662567138671875,8.368741035461426,-0.9151764125987549,1.0036927398702975,0.169,False,False,1.0,False,False,0.0,1.0,0.007512029994987059,0.007512029994987059,1.0635019649973396
2004-04-30 00:00:00-04:00,8.657054901123047,8.23344898223877,-0.9143124638818276,1.129109875926991,0.465,False,True,0.0,False,False,0.0,0.0,0.0077489735327553235,0.0077489735327553235,1.071250938530095
2004-05-03 00:00:00-04:00,8.794903755187988,8.036864280700684,-0.9147138934492923,1.44347233786472,1.211,False,False,0.0,False,False,0.0,0.0,0.01946958604407788,0.0,1.071250938530095
2004-05-04 00:00:00-04:00,8.844531059265137,8.282069206237793,-0.9157181277605018,1.2604901517461604,0.756,False,False,0.0,False,False,0.0,0.0,-0.011138045746673523,-0.0,1.071250938530095
2004-05-05 00:00:00-04:00,8.822474479675293,8.318005561828613,-0.9170532613794277,1.1944203510281444,0.596,False,False,0.0,False,False,0.0,0.0,-0.004016272199580921,-0.0,1.071250938530095
2004-05-06 00:00:00-04:00,8.808690071105957,8.140439987182617,-0.9188969886159115,1.328464280875301,0.938,False,False,0.0,False,False,0.0,0.0,0.008229149870269976,0.0,1.071250938530095
2004-05-07 00:00:00-04:00,8.546773910522461,7.6310038566589355,-0.9214743095845565,1.5149999002705803,1.395,False,False,0.0,False,False,0.0,0.0,0.011973877176738005,0.0,1.071250938530095
2004-05-10 00:00:00-04:00,8.370325088500977,7.307583808898926,-0.9247858036828859,1.6123753228083393,1.588,False,False,0.0,True,False,-1.0,-1.0,0.0064366508062726115,0.0,1.071250938530095
2004-05-11 00:00:00-04:00,8.328970909118652,7.7007575035095215,-0.9278602313736692,1.1837442701597878,0.558,False,False,0.0,False,False,-1.0,-1.0,-0.02769972732458775,0.02769972732458775,1.0989506658546828
2004-05-12 00:00:00-04:00,8.320635795593262,7.605636119842529,-0.9308620731346415,1.240837589568934,0.702,False,False,0.0,False,False,-1.0,-1.0,0.0037072539256458284,-0.0037072539256458284,1.0952434119290368
2004-05-13 00:00:00-04:00,8.231797218322754,7.652141571044922,-0.9335216274469136,1.0883575654667164,0.327,False,False,0.0,False,False,-1.0,-1.0,-0.009917247153963837,0.009917247153963837,1.1051606590830008
2004-05-14 00:00:00-04:00,8.323415756225586,7.567585468292236,-0.9362055512906942,1.2386002309436073,0.667,False,False,0.0,False,False,-1.0,-1.0,0.00975080544495766,-0.00975080544495766,1.095409853638043
2004-05-17 00:00:00-04:00,8.267891883850098,7.4217329025268555,-0.9390209901174889,1.2987289053317852,0.797,False,False,0.0,False,False,-1.0,-1.0,0.003946213683110128,-0.003946213683110128,1.091463639954933
2004-05-18 00:00:00-04:00,8.320635795593262,7.516855239868164,-0.9418343157642928,1.2410035840527902,0.647,False,False,0.0,False,False,-1.0,-1.0,-0.003748332253195554,0.003748332253195554,1.0952119722081286
2004-05-19 00:00:00-04:00,8.273438453674316,7.531652450561523,-0.9444929429108114,1.1598458656620387,0.463,False,False,0.0,False,False,-1.0,-1.0,-0.0052744235174985174,0.0052744235174985174,1.100486395725627
2004-05-20 00:00:00-04:00,8.29287052154541,7.461895942687988,-0.9471568956386133,1.2252843248906915,0.635,False,False,0.0,False,False,-1.0,-1.0,0.004260189682453697,-0.004260189682453697,1.0962262060431733
2004-05-21 00:00:00-04:00,8.273438453674316,7.650028705596924,-0.9494195574822855,1.0103515852797038,0.133,False,False,0.0,False,False,-1.0,-1.0,-0.013834028854938722,0.013834028854938722,1.1100602348981121
2004-05-24 00:00:00-04:00,8.340068817138672,7.751493453979492,-0.9512877003745409,0.9661684348342137,0.045,False,False,0.0,False,False,-1.0,-1.0,-0.0028117116614340765,0.0028117116614340765,1.1128719465595462
2004-05-25 00:00:00-04:00,8.495548248291016,8.134099960327148,-0.9524319126039288,0.7483718657650886,-0.452,False,False,0.0,False,True,0.0,0.0,-0.01340886914107407,0.01340886914107407,1.1262808157006203
2004-05-26 00:00:00-04:00,8.637139320373535,8.000926971435547,-0.9535149040197647,1.0081362071360234,0.2,False,False,0.0,False,False,0.0,0.0,0.01596963400702668,0.0,1.1262808157006203
2004-05-27 00:00:00-04:00,8.728759765625,8.102392196655273,-0.9545245305153537,0.99482765806136,0.185,False,False,0.0,False,False,0.0,0.0,-0.0008084066188675906,-0.0,1.1262808157006203
2004-05-28 00:00:00-04:00,8.83148193359375,8.144670486450195,-0.9555822061874933,1.0485797414815075,0.308,False,True,0.0,False,False,0.0,0.0,0.003235273905638281,0.0,1.1262808157006203
2004-06-01 00:00:00-04:00,8.787059783935547,8.252472877502441,-0.9563734135689751,0.8946141276931545,-0.108,False,False,0.0,False,False,0.0,0.0,-0.009230826078180793,-0.0,1.1262808157006203
2004-06-02 00:00:00-04:00,8.884230613708496,8.186944961547852,-0.9572583506186404,1.0472091832116117,0.243,False,True,0.0,False,False,0.0,0.0,0.009125815167132645,0.0,1.1262808157006203
2004-06-03 00:00:00-04:00,8.753745079040527,7.926942825317383,-0.9584261591680784,1.1563557130266329,0.487,False,False,0.0,False,False,0.0,0.0,0.006675165578375739,0.0,1.1262808157006203
2004-06-04 00:00:00-04:00,8.731535911560059,7.886778354644775,-0.9598201257711434,1.1616473192757786,0.457,False,False,0.0,False,False,0.0,0.0,0.0003246100515876878,0.0,1.1262808157006203
2004-06-07 00:00:00-04:00,8.834257125854492,8.070683479309082,-0.9612239051255113,1.0765232348410683,0.181,False,False,0.0,False,False,0.0,0.0,-0.005130432167433711,-0.0,1.1262808157006203
2004-06-08 00:00:00-04:00,8.695443153381348,8.254591941833496,-0.9620027919302235,0.7545026590927995,-0.809,False,False,0.0,False,True,0.0,0.0,-0.019356404767292758,-0.0,1.1262808157006203
2004-06-09 00:00:00-04:00,8.63158893585205,8.12987232208252,-0.9624025445949821,0.8073791258475183,-0.778,False,False,0.0,False,False,0.0,0.0,0.003213242187227928,0.0,1.1262808157006203
2004-06-10 00:00:00-04:00,8.670454978942871,8.032636642456055,-0.9627660533580302,0.9369051006263565,-0.492,False,False,0.0,False,False,0.0,0.0,0.00789599709984956,0.0,1.1262808157006203
2004-06-14 00:00:00-04:00,8.601043701171875,7.973448276519775,-0.9630723162558751,0.9220364009575599,-0.712,False,False,0.0,False,False,0.0,0.0,-0.0009133079292890753,-0.0,1.1262808157006203
2004-06-15 00:00:00-04:00,8.664904594421387,8.089706420898438,-0.9632380238260687,0.8725917682221169,-1.034,False,False,0.0,False,False,0.0,0.0,-0.0030044345572957888,-0.0,1.1262808157006203
2004-06-16 00:00:00-04:00,8.72597885131836,8.108736038208008,-0.9633776187177769,0.914204036018508,-0.898,False,False,0.0,False,False,0.0,0.0,0.002516198308140618,0.0,1.1262808157006203
2004-06-17 00:00:00-04:00,8.828705787658691,8.053772926330566,-0.9637963366885565,1.066508944739816,-0.188,False,False,0.0,False,False,0.0,0.0,0.009180025470139588,0.0,1.1262808157006203
2004-06-18 00:00:00-04:00,8.828705787658691,8.16369342803955,-0.9642145976776628,0.957153413377756,-0.719,False,False,0.0,False,True,0.0,0.0,-0.006548134184613052,-0.0,1.1262808157006203
2004-06-21 00:00:00-04:00,8.923099517822266,8.178489685058594,-0.9647808914583569,1.0326489486884594,-0.332,False,False,0.0,False,False,0.0,0.0,0.004490160312382377,0.0,1.1262808157006203
2004-06-22 00:00:00-04:00,8.925878524780273,8.339142799377441,-0.9651553234737016,0.8773104587537492,-1.045,False,False,0.0,False,False,0.0,0.0,-0.009151313953224252,-0.0,1.1262808157006203
2004-06-23 00:00:00-04:00,9.075799942016602,8.404672622680664,-0.9655467214076824,0.9606958466823787,-0.582,False,False,0.0,False,False,0.0,0.0,0.004850552812548853,0.0,1.1262808157006203
2004-06-24 00:00:00-04:00,9.092453002929688,8.453289985656738,-0.9658852135003545,0.9275452003532205,-0.709,False,False,0.0,False,False,0.0,0.0,-0.0019209569008130794,-0.0,1.1262808157006203
2004-06-25 00:00:00-04:00,9.00916576385498,8.791508674621582,-0.965376997476496,0.5220455162602295,-2.459,True,False,1.0,False,False,0.0,1.0,-0.023176329183669506,-0.0,1.1262808157006203
2004-06-28 00:00:00-04:00,8.99528694152832,8.785165786743164,-0.9642227487746101,0.5244302381941672,-2.296,False,False,1.0,False,False,0.0,1.0,0.00013653397008670144,0.00013653397008670144,1.1264173496707068
2004-06-29 00:00:00-04:00,8.925878524780273,8.745000839233398,-0.9625450255210589,0.5084214687986801,-2.329,False,False,1.0,False,False,0.0,1.0,-0.0009230502010953927,-0.0009230502010953927,1.1254942994696115
2004-06-30 00:00:00-04:00,9.0535888671875,8.840124130249023,-0.9605752726068497,0.5619842208951535,-1.891,False,False,1.0,False,False,0.0,1.0,0.0030528447608925806,0.0030528447608925806,1.1285471442305042
2004-07-01 00:00:00-04:00,8.95363998413086,8.61182689666748,-0.9586631387471369,0.6977989810245973,-1.182,False,False,1.0,False,False,0.0,1.0,0.007891856833460957,0.007891856833460957,1.1364390010639651
2004-07-02 00:00:00-04:00,9.000836372375488,8.575894355773926,-0.956986971911934,0.7938172014067533,-0.686,False,False,1.0,False,False,0.0,1.0,0.005579906231796246,0.005579906231796246,1.1420189072957614
2004-07-06 00:00:00-04:00,8.898115158081055,8.542072296142578,-0.9553784665946673,0.7372032262515695,-0.902,False,False,1.0,False,False,0.0,1.0,-0.003318710666018447,-0.003318710666018447,1.1387001966297428
2004-07-07 00:00:00-04:00,8.909220695495605,8.512478828430176,-0.9539243517895486,0.7889598469630936,-0.608,False,False,1.0,False,False,0.0,1.0,0.00303923643110991,0.00303923643110991,1.1417394330608528
2004-07-08 00:00:00-04:00,8.884230613708496,8.508249282836914,-0.9525688348774586,0.7795375075095645,-0.611,False,False,1.0,False,False,0.0,1.0,-0.000554616620150464,-0.000554616620150464,1.1411848164407024
2004-07-09 00:00:00-04:00,8.800942420959473,8.55898380279541,-0.9510536972279245,0.6608892307969771,-1.171,False,False,1.0,False,False,0.0,1.0,-0.007003618880267777,-0.007003618880267777,1.1341811975604346
2004-07-12 00:00:00-04:00,8.87035083770752,8.381420135498047,-0.9499086590846467,0.9087672755715115,0.211,False,True,0.0,False,False,0.0,0.0,0.014726652260291526,0.014726652260291526,1.1489078498207261
2004-07-13 00:00:00-04:00,8.867571830749512,8.220765113830566,-0.949347134213329,1.0632120288935525,1.062,False,False,0.0,False,False,0.0,0.0,0.009263758796850617,0.0,1.1489078498207261
2004-07-14 00:00:00-04:00,8.939757347106934,8.062230110168457,-0.949655145316475,1.2834190402600472,2.09,False,False,0.0,True,False,-1.0,-1.0,0.013268603408780244,0.0,1.1489078498207261
2004-07-15 00:00:00-04:00,9.031379699707031,8.009383201599121,-0.9508761373257232,1.4154483386089254,2.434,False,False,0.0,False,False,-1.0,-1.0,0.007930968422866287,-0.007930968422866287,1.1409768813978598
2004-07-16 00:00:00-04:00,9.017499923706055,7.960763454437256,-0.9528216801434118,1.4323119138248774,2.26,False,False,0.0,False,False,-1.0,-1.0,0.0010157135569498386,-0.0010157135569498386,1.1399611678409098
2004-07-19 00:00:00-04:00,9.036930084228516,7.751493453979492,-0.9556916964250066,1.628892155367521,2.679,False,False,0.0,False,False,-1.0,-1.0,0.011953823284190881,-0.011953823284190881,1.128007344556719
2004-07-20 00:00:00-04:00,9.014716148376465,7.850845813751221,-0.9589966230389663,1.4857815249894388,1.957,False,False,0.0,False,False,-1.0,-1.0,-0.0086504866641855,0.0086504866641855,1.1366578312209046
2004-07-21 00:00:00-04:00,8.889784812927246,7.569701671600342,-0.9628443013736181,1.6013406953285063,2.132,False,False,0.0,False,False,-1.0,-1.0,0.007142881389261589,-0.007142881389261589,1.129514949831643
2004-07-22 00:00:00-04:00,8.731535911560059,7.605636119842529,-0.9666882661118709,1.3792567181916668,1.317,False,False,0.0,False,False,-1.0,-1.0,-0.013807916572529352,0.013807916572529352,1.1433228664041724
2004-07-23 00:00:00-04:00,8.789836883544922,7.455555438995361,-0.9708556169558241,1.5515690080707305,1.761,False,False,0.0,True,False,-1.0,-1.0,0.01075063411861608,-0.01075063411861608,1.1325722322855563
2004-07-26 00:00:00-04:00,8.670454978942871,7.26107931137085,-0.9753350248760994,1.5884700081596534,1.755,False,False,0.0,False,False,-1.0,-1.0,0.0023425577375119334,-0.0023425577375119334,1.1302296745480442
2004-07-27 00:00:00-04:00,8.698222160339355,7.6605987548828125,-0.9793385696227547,1.1959023332785668,0.57,False,False,0.0,False,False,-1.0,-1.0,-0.024231761825400867,0.024231761825400867,1.1544614363734451
2004-07-28 00:00:00-04:00,8.770403861999512,7.590839385986328,-0.9831830173028241,1.307219490624357,0.85,False,False,0.0,False,False,-1.0,-1.0,0.006857212080625102,-0.006857212080625102,1.1476042242928202
2004-07-29 00:00:00-04:00,8.828705787658691,7.702874660491943,-0.9867592216540685,1.2278231831728146,0.579,False,False,0.0,False,False,-1.0,-1.0,-0.004832519571184388,0.004832519571184388,1.1524367438640044
2004-07-30 00:00:00-04:00,8.925878524780273,7.67539119720459,-0.9903123005842854,1.3248442103922233,0.825,False,False,0.0,False,False,-1.0,-1.0,0.005870487014941569,-0.005870487014941569,1.1465662568490629
2004-08-02 00:00:00-04:00,9.050810813903809,7.567585468292236,-0.99423104127111,1.5268824338554978,1.331,False,False,0.0,False,False,-1.0,-1.0,0.012189526549955929,-0.012189526549955929,1.134376730299107
2004-08-03 00:00:00-04:00,8.95363998413086,7.385795593261719,-0.9985221775384351,1.5787592854933896,1.383,False,False,0.0,False,False,-1.0,-1.0,0.0031770699039894057,-0.0031770699039894057,1.1311996603951175
2004-08-04 00:00:00-04:00,8.95363998413086,7.434411525726318,-1.0029510968430302,1.4972887900211829,1.091,False,False,0.0,False,False,-1.0,-1.0,-0.0049646885599936045,0.0049646885599936045,1.1361643489551112
2004-08-05 00:00:00-04:00,8.889784812927246,7.220916748046875,-1.0076972620207323,1.6132867766407601,1.327,False,False,0.0,False,False,-1.0,-1.0,0.007175303543895311,-0.007175303543895311,1.128989045411216
2004-08-06 00:00:00-04:00,8.898115158081055,6.9545722007751465,-1.0131298261099222,1.8522306336408318,1.801,False,False,0.0,True,False,-1.0,-1.0,0.014986443913569292,-0.014986443913569292,1.1140026014976465
2004-08-09 00:00:00-04:00,8.856463432312012,6.8531060218811035,-1.0191292900368576,1.8722623576850088,1.708,False,False,0.0,False,False,-1.0,-1.0,0.0012645759927181121,-0.0012645759927181121,1.1127380255049284
2004-08-10 00:00:00-04:00,8.850915908813477,7.2103471755981445,-1.0248305671185325,1.4615317237237209,0.672,False,False,0.0,False,False,-1.0,-1.0,-0.025290827853327674,0.025290827853327674,1.138028853358256
2004-08-11 00:00:00-04:00,8.959911346435547,7.159615516662598,-1.0305255553296528,1.5817445901800244,0.912,False,False,0.0,False,False,-1.0,-1.0,0.0073578339937365785,-0.0073578339937365785,1.1306710193645195
2004-08-12 00:00:00-04:00,8.951523780822754,6.958797454833984,-1.0364992413631926,1.7387354980872134,1.211,False,False,0.0,False,False,-1.0,-1.0,0.009712192346318146,-0.009712192346318146,1.1209588270182014
2004-08-13 00:00:00-04:00,8.929166793823242,6.952456474304199,-1.0425847091654137,1.680641982575601,1.022,False,False,0.0,False,False,-1.0,-1.0,-0.0035909644546199097,0.0035909644546199097,1.1245497914728213
2004-08-16 00:00:00-04:00,8.937553405761719,7.053922176361084,-1.0485071762018143,1.5414653834780019,0.64,False,False,0.0,False,False,-1.0,-1.0,-0.00852085554288145,0.00852085554288145,1.1330706470157028
2004-08-17 00:00:00-04:00,8.926374435424805,7.231485843658447,-1.053867656621568,1.3053453954764347,-0.023,False,False,0.0,False,False,-1.0,-1.0,-0.014269307468871171,0.014269307468871171,1.147339954484574
2004-08-18 00:00:00-04:00,8.996243476867676,7.3160400390625,-1.0586857027272734,1.2508564869319247,-0.242,False,False,0.0,False,True,0.0,0.0,-0.00325469545230703,0.00325469545230703,1.150594649936881
2004-08-19 00:00:00-04:00,8.943145751953125,7.26107931137085,-1.063018788005041,1.2244820227712063,-0.385,False,False,0.0,False,False,0.0,0.0,-0.0015829291644812236,-0.0,1.150594649936881
2004-08-20 00:00:00-04:00,8.904017448425293,7.269534587860107,-1.0668241286695113,1.1487025458985594,-0.677,False,False,0.0,False,False,0.0,0.0,-0.004548770339425782,-0.0,1.150594649936881
2004-08-23 00:00:00-04:00,8.931961059570312,7.180751800537109,-1.070398721529355,1.2456935126557775,-0.441,False,False,0.0,False,False,0.0,0.0,0.005836420298091813,0.0,1.150594649936881
2004-08-24 00:00:00-04:00,9.02698040008545,7.286447048187256,-1.073717375042895,1.2033956021167782,-0.666,False,False,0.0,False,False,0.0,0.0,-0.002510177554393478,-0.0,1.150594649936881
2004-08-25 00:00:00-04:00,9.071698188781738,7.345633506774902,-1.0767571093508441,1.1622350876760903,-0.917,False,False,0.0,False,False,0.0,0.0,-0.002423892791431161,-0.0,1.150594649936881
2004-08-26 00:00:00-04:00,9.052138328552246,7.343517780303955,-1.079503219679038,1.1247872409438644,-1.261,False,False,0.0,False,False,0.0,0.0,-0.0022054754306442236,-0.0,1.150594649936881
2004-08-27 00:00:00-04:00,9.088467597961426,7.3984832763671875,-1.0819402186288496,1.083750984406823,-1.531,True,False,1.0,False,False,0.0,1.0,-0.0024007379800771405,-0.0,1.150594649936881
2004-08-30 00:00:00-04:00,9.060522079467773,7.271649360656738,-1.0843096570284818,1.1758024551826862,-1.148,False,False,1.0,False,False,0.0,1.0,0.005432290219588704,0.005432290219588704,1.1560269401564698
2004-08-31 00:00:00-04:00,9.15274429321289,7.360433101654053,-1.0865889992861388,1.1549786549740428,-1.208,False,False,1.0,False,False,0.0,1.0,-0.0012141796536588878,-0.0012141796536588878,1.154812760502811
2004-09-01 00:00:00-04:00,9.183486938476562,7.726125240325928,-1.088062892546359,0.7769767613121008,-2.557,True,False,1.0,False,False,0.0,1.0,-0.02148959384000255,-0.02148959384000255,1.1333231666628083
2004-09-02 00:00:00-04:00,9.14995002746582,8.10028076171875,-1.0880248119923865,0.33664357461123195,-3.393,False,False,1.0,False,False,0.0,1.0,-0.024512993353030088,-0.024512993353030088,1.1088101733097782
2004-09-03 00:00:00-04:00,9.088467597961426,8.019951820373535,-1.0868639215089393,0.3718713121574897,-2.781,False,False,1.0,False,False,0.0,1.0,0.0019785235130988974,0.0019785235130988974,1.110788696822877
2004-09-07 00:00:00-04:00,9.09405517578125,8.005154609680176,-1.0849034733257217,0.4092351352298156,-2.354,False,False,1.0,False,False,0.0,1.0,0.0021015853150260794,0.0021015853150260794,1.1128902821379032
2004-09-08 00:00:00-04:00,8.931961059570312,7.9227142333984375,-1.082225014681749,0.3578015320113881,-2.224,False,False,1.0,False,False,0.0,1.0,-0.0029380354695055766,-0.0029380354695055766,1.1099522466683975
2004-09-09 00:00:00-04:00,8.94034481048584,8.106618881225586,-1.078658904735976,0.19606816695106666,-2.317,False,False,1.0,False,False,0.0,1.0,-0.00914542420265101,-0.00914542420265101,1.1008068224657466
2004-09-10 00:00:00-04:00,9.018603324890137,8.106618881225586,-1.0746355178776548,0.30694274522750575,-1.888,False,False,1.0,False,False,0.0,1.0,0.006253408233137961,0.006253408233137961,1.1070602306988846
2004-09-13 00:00:00-04:00,8.976680755615234,8.24190616607666,-1.069955299758101,0.15820957311253991,-2.002,False,False,1.0,False,False,0.0,1.0,-0.008358072616192359,-0.008358072616192359,1.0987021580826921
2004-09-14 00:00:00-04:00,8.948729515075684,8.148894309997559,-1.0650105851564604,0.2700708176070332,-1.646,False,False,1.0,False,False,0.0,1.0,0.006345877400878283,0.006345877400878283,1.1050480354835706
2004-09-15 00:00:00-04:00,8.968294143676758,8.087593078613281,-1.0601246199415133,0.39443760497023916,-1.319,False,False,1.0,False,False,0.0,1.0,0.007089597485221776,0.007089597485221776,1.1121376329687922
2004-09-16 00:00:00-04:00,8.979472160339355,8.313775062561035,-1.0548969542911835,0.20929616818172647,-1.552,True,False,1.0,False,False,0.0,1.0,-0.01043071024269669,-0.01043071024269669,1.1017069227260956
2004-09-17 00:00:00-04:00,8.937553405761719,8.24402141571045,-1.0495740001992946,0.2848428707458517,-1.326,False,False,1.0,False,False,0.0,1.0,0.004294802102940226,0.004294802102940226,1.1060017248290357
2004-09-20 00:00:00-04:00,8.876068115234375,8.043203353881836,-1.0445814582215338,0.4742870270641557,-0.933,False,False,1.0,False,False,0.0,1.0,0.010964568221892696,0.010964568221892696,1.1169662930509285
2004-09-21 00:00:00-04:00,8.84532642364502,8.02418041229248,-1.039896311230057,0.5010108122575918,-0.834,False,False,1.0,False,False,0.0,1.0,0.0015546446597883242,0.0015546446597883242,1.1185209377107168
2004-09-22 00:00:00-04:00,8.786638259887695,7.753605365753174,-1.0359677576660986,0.7541530953005502,-0.349,False,False,1.0,False,False,0.0,1.0,0.01505086065749366,0.01505086065749366,1.1335717983682105
2004-09-23 00:00:00-04:00,8.811786651611328,7.749378204345703,-1.0327180366331368,0.8088640072918114,-0.212,False,False,1.0,False,False,0.0,1.0,0.00325375306990893,0.00325375306990893,1.1368255514381194
2004-09-24 00:00:00-04:00,8.856507301330566,7.662713527679443,-1.0302878999290699,0.9617062731396384,0.123,False,False,1.0,False,False,0.0,1.0,0.009124198709808656,0.009124198709808656,1.145949750147928
2004-09-27 00:00:00-04:00,8.822966575622559,7.633117198944092,-1.028502614895506,0.9722855767046994,0.207,False,True,0.0,False,False,0.0,0.0,0.0006344924539016223,0.0006344924539016223,1.1465842426018296
2004-09-28 00:00:00-04:00,8.859302520751953,7.297014236450195,-1.0279668765173802,1.3582135882053903,1.01,False,False,0.0,False,False,0.0,0.0,0.023589167325387052,0.0,1.1465842426018296
2004-09-29 00:00:00-04:00,8.859302520751953,6.70090913772583,-1.0295312002976738,1.960507493103429,2.138,False,False,0.0,True,False,-1.0,-1.0,0.03822123216639019,0.0,1.1465842426018296
2004-09-30 00:00:00-04:00,8.91519546508789,6.645948886871338,-1.032852020244416,2.0509137308417014,2.217,False,False,0.0,False,False,-1.0,-1.0,0.00572935570654316,-0.00572935570654316,1.1408548868952866
2004-10-01 00:00:00-04:00,8.99903678894043,6.908066272735596,-1.0371298612628885,1.8344749739033217,1.77,False,False,0.0,False,False,-1.0,-1.0,-0.013390505557662044,0.013390505557662044,1.1542453924529485
2004-10-04 00:00:00-04:00,9.021395683288574,6.787577152252197,-1.0423546493777207,1.9463330806285075,1.89,False,False,0.0,False,False,-1.0,-1.0,0.006949237201007878,-0.006949237201007878,1.1472961552519407
2004-10-05 00:00:00-04:00,8.95711612701416,6.901722431182861,-1.0479131722941846,1.724710279859396,1.429,False,False,0.0,False,False,-1.0,-1.0,-0.013689273909552123,0.013689273909552123,1.1609854291614927
2004-10-06 00:00:00-04:00,8.985064506530762,6.982050895690918,-1.0535634734174355,1.6290307132893211,1.218,False,False,0.0,False,False,-1.0,-1.0,-0.005855149073511706,0.005855149073511706,1.1668405782350044
2004-10-07 00:00:00-04:00,8.878863334655762,6.836193561553955,-1.0592886999962268,1.637360743914697,1.189,False,False,0.0,False,False,-1.0,-1.0,0.0005167395494572749,-0.0005167395494572749,1.1663238386855472
2004-10-08 00:00:00-04:00,8.892834663391113,6.599444389343262,-1.0654757296295136,1.861286837506201,1.485,False,False,0.0,False,False,-1.0,-1.0,0.014061838425590615,-0.014061838425590615,1.1522620002599566
2004-10-11 00:00:00-04:00,8.9627046585083,6.629039287567139,-1.0720255539597023,1.8562051440335088,1.406,False,False,0.0,False,False,-1.0,-1.0,-0.0003162380300846539,0.0003162380300846539,1.1525782382900414
2004-10-12 00:00:00-04:00,9.018603324890137,6.870015621185303,-1.0784304730746883,1.6097691285047722,0.979,False,False,0.0,False,False,-1.0,-1.0,-0.01500148852854089,0.01500148852854089,1.1675797268185821
2004-10-13 00:00:00-04:00,8.91519546508789,7.037010669708252,-1.0841238813610672,1.2862041446645378,0.46,False,False,0.0,False,False,-1.0,-1.0,-0.0195576239578968,0.0195576239578968,1.1871373507764789
2004-10-14 00:00:00-04:00,8.95711612701416,7.028555393218994,-1.089277691555356,1.3010675333196273,0.474,False,False,0.0,False,False,-1.0,-1.0,0.0008946753315797778,-0.0008946753315797778,1.1862426754448991
2004-10-15 00:00:00-04:00,9.010214805603027,7.138476371765137,-1.0938216611249925,1.2019947227373766,0.312,False,False,0.0,False,False,-1.0,-1.0,-0.005890727124090397,0.005890727124090397,1.1921334025689896
2004-10-18 00:00:00-04:00,9.043752670288086,7.237826824188232,-1.0976868485570683,1.098885353243091,0.153,False,False,0.0,False,False,-1.0,-1.0,-0.00606931990774797,0.00606931990774797,1.1982027224767375
2004-10-19 00:00:00-04:00,8.887248039245605,7.258964538574219,-1.1006199963848464,0.8978865150423205,-0.152,False,False,0.0,False,False,-1.0,-1.0,-0.011909906278574498,0.011909906278574498,1.2101126287553121
2004-10-20 00:00:00-04:00,8.90122127532959,7.263193607330322,-1.1028024096182922,0.8913538636415339,-0.167,False,False,0.0,False,False,-1.0,-1.0,-0.00038629395905194627,0.00038629395905194627,1.210498922714364
2004-10-21 00:00:00-04:00,8.853708267211914,7.303353309631348,-1.104193336719126,0.7893942070114051,-0.355,False,False,0.0,False,True,0.0,0.0,-0.006026688856233669,0.006026688856233669,1.2165256115705976
2004-10-22 00:00:00-04:00,8.817378044128418,7.258964538574219,-1.1049742979278578,0.796408799434154,-0.369,False,False,0.0,False,False,0.0,0.0,0.00041658437745878,0.0,1.2165256115705976
2004-10-25 00:00:00-04:00,8.892834663391113,7.341406345367432,-1.105242985179173,0.7787967988238904,-0.42,False,False,0.0,False,False,0.0,0.0,-0.0010355813851906307,-0.0,1.2165256115705976
2004-10-26 00:00:00-04:00,9.013009071350098,7.542219638824463,-1.1049123201819182,0.6795176708949313,-0.608,False,False,0.0,False,False,0.0,0.0,-0.00572329433768649,-0.0,1.2165256115705976
2004-10-27 00:00:00-04:00,9.068904876708984,7.709217071533203,-1.1038672190665848,0.5589528667749875,-0.845,False,False,0.0,False,False,0.0,0.0,-0.006858512182982338,-0.0,1.2165256115705976
2004-10-28 00:00:00-04:00,9.161128997802734,7.7641777992248535,-1.102347253630115,0.6023089241313055,-0.798,False,False,0.0,False,False,0.0,0.0,0.002446737131209554,0.0,1.2165256115705976
2004-10-29 00:00:00-04:00,9.122007369995117,7.669053077697754,-1.1006199769835205,0.6812943481340188,-0.71,False,False,0.0,False,False,0.0,0.0,0.004497334253487208,0.0,1.2165256115705976
2004-11-01 00:00:00-05:00,9.219819068908691,7.633117198944092,-1.099035079133619,0.830755504130984,-0.487,False,False,0.0,False,False,0.0,0.0,0.008487827371342736,0.0,1.2165256115705976
2004-11-02 00:00:00-05:00,9.133183479309082,7.683849811553955,-1.0973013927820383,0.7016843791629253,-0.755,False,False,0.0,False,False,0.0,0.0,-0.007348332335878843,-0.0,1.2165256115705976
2004-11-03 00:00:00-05:00,9.328816413879395,7.656369686126709,-1.0959296633456386,0.9379737613127972,-0.367,False,False,0.0,False,False,0.0,0.0,0.013334871808979121,0.0,1.2165256115705976
2004-11-04 00:00:00-05:00,9.53562068939209,7.567585468292236,-1.0954577203244578,1.2456507639361831,0.189,False,False,0.0,False,False,0.0,0.0,0.01726041000667341,0.0,1.2165256115705976
2004-11-05 00:00:00-05:00,9.488115310668945,7.542219638824463,-1.095638385307066,1.2245699639560694,0.103,False,False,0.0,False,False,0.0,0.0,-0.0011875395990823818,-0.0,1.2165256115705976
2004-11-08 00:00:00-05:00,9.518857955932617,7.409047603607178,-1.0966577056912037,1.3936688096038594,0.418,False,True,0.0,False,False,0.0,0.0,0.009583903549323284,0.0,1.2165256115705976
2004-11-09 00:00:00-05:00,9.561040878295898,7.447098255157471,-1.0983005595980488,1.3818886972747961,0.356,False,False,0.0,False,False,0.0,0.0,-0.0006640351821242706,-0.0,1.2165256115705976
2004-11-10 00:00:00-05:00,9.561040878295898,7.434411525726318,-1.1004208274960494,1.3800595952099766,0.319,False,False,0.0,False,False,0.0,0.0,-0.00010309433999022284,-0.0,1.2165256115705976
2004-11-11 00:00:00-05:00,9.591970443725586,7.67539119720459,-1.1024249941157622,1.1304273483111427,-0.25,False,False,0.0,False,True,0.0,0.0,-0.013827349804104948,-0.0,1.2165256115705976
2004-11-12 00:00:00-05:00,9.61165714263916,7.688077926635742,-1.1043191042811493,1.1215658130531025,-0.281,False,False,0.0,False,False,0.0,0.0,-0.0004895402933941434,-0.0,1.2165256115705976
2004-11-15 00:00:00-05:00,9.555415153503418,7.755722522735596,-1.1058431628352192,0.978802428889141,-0.576,False,False,0.0,False,False,0.0,0.0,-0.007873547576895845,-0.0,1.2165256115705976
2004-11-16 00:00:00-05:00,9.561040878295898,7.601408004760742,-1.1074014531061802,1.143230608170903,-0.159,False,False,0.0,False,False,0.0,0.0,0.009145644397651283,0.0,1.2165256115705976
2004-11-17 00:00:00-05:00,9.546978950500488,7.664822578430176,-1.1087984529789672,1.0482355331788504,-0.333,False,False,0.0,False,True,0.0,0.0,-0.005264132577005679,-0.0,1.2165256115705976
2004-11-18 00:00:00-05:00,9.555415153503418,7.434411525726318,-1.1105612954845707,1.2990454583273738,0.345,False,True,0.0,False,False,0.0,0.0,0.014081122542141984,0.0,1.2165256115705976
2004-11-19 00:00:00-05:00,9.434493064880371,7.14270544052124,-1.1129605022563769,1.4849440303284958,0.913,False,False,0.0,False,False,0.0,0.0,0.010693633329799246,0.0,1.2165256115705976
2004-11-22 00:00:00-05:00,9.55822467803955,7.081402778625488,-1.1161764900101734,1.654129380245064,1.395,False,False,0.0,False,False,0.0,0.0,0.009688595223928008,0.0,1.2165256115705976
2004-11-23 00:00:00-05:00,9.586347579956055,6.859448432922363,-1.120484138022148,1.9004444152856665,1.98,False,False,0.0,True,False,-1.0,-1.0,0.014260737565845803,0.0,1.2165256115705976
2004-11-24 00:00:00-05:00,9.622906684875488,6.891153812408447,-1.125573388129126,1.8664073401239678,1.819,False,False,0.0,False,False,-1.0,-1.0,-0.001958471716678641,0.001958471716678641,1.2184840832872763
2004-11-26 00:00:00-05:00,9.665082931518555,6.859448432922363,-1.131342501827296,1.904697380260843,1.903,False,False,0.0,False,False,-1.0,-1.0,0.0021973607294817838,-0.0021973607294817838,1.2162867225577945
2004-11-29 00:00:00-05:00,9.589156150817871,6.935548782348633,-1.137264529116162,1.7016025306979818,1.419,False,False,0.0,False,False,-1.0,-1.0,-0.01162088586609077,0.01162088586609077,1.2279076084238854
2004-11-30 00:00:00-05:00,9.355753898620605,6.705134868621826,-1.1432600496578318,1.6900410757575575,1.371,False,False,0.0,False,False,-1.0,-1.0,-0.0006792278908510322,0.0006792278908510322,1.2285868363147363
2004-12-01 00:00:00-05:00,9.378250122070312,7.039124011993408,-1.1486003213646716,1.293110019768907,0.335,False,False,0.0,False,False,-1.0,-1.0,-0.022729324082485305,0.022729324082485305,1.2513161603972216
2004-12-02 00:00:00-05:00,9.378250122070312,7.199778079986572,-1.1530217865483758,1.0767491375323601,-0.212,False,False,0.0,False,True,0.0,0.0,-0.012237778740882633,0.012237778740882633,1.2635539391381043
2004-12-03 00:00:00-05:00,9.38950252532959,7.134248733520508,-1.1568241376893331,1.136431386113511,-0.051,False,False,0.0,False,False,0.0,0.0,0.003382853869052428,0.0,1.2635539391381043
2004-12-06 00:00:00-05:00,9.434493064880371,7.11311149597168,-1.1602246229447535,1.1816859615026374,0.061,False,False,0.0,False,False,0.0,0.0,0.002558591472899918,0.0,1.2635539391381043
2004-12-07 00:00:00-05:00,9.299516677856445,7.068718433380127,-1.1631046597875874,1.0778573292656048,-0.225,False,False,0.0,False,True,0.0,0.0,-0.005925894019916741,-0.0,1.2635539391381043
2004-12-08 00:00:00-05:00,9.361384391784668,7.161728858947754,-1.1654588130789272,1.0146843762423199,-0.403,False,False,0.0,False,False,0.0,0.0,-0.0035674639656193474,-0.0,1.2635539391381043
2004-12-09 00:00:00-05:00,9.364190101623535,7.096199035644531,-1.1675221801826785,1.079220332517611,-0.259,False,False,0.0,False,False,0.0,0.0,0.0036566021696206575,0.0,1.2635539391381043
2004-12-10 00:00:00-05:00,9.383878707885742,7.299130439758301,-1.168919751898807,0.851780965166439,-0.877,False,False,0.0,False,False,0.0,0.0,-0.012694779320470206,-0.0,1.2635539391381043
2004-12-13 00:00:00-05:00,9.409191131591797,7.297014236450195,-1.1698329294105823,0.8729035914145413,-0.834,False,False,0.0,False,False,0.0,0.0,0.0011770444597463665,0.0,1.2635539391381043
2004-12-14 00:00:00-05:00,9.420435905456543,7.430188179016113,-1.1700772399228982,0.7265418288456242,-1.241,False,False,0.0,False,False,0.0,0.0,-0.00807988828258125,-0.0,1.2635539391381043
2004-12-15 00:00:00-05:00,9.600410461425781,7.42384672164917,-1.1701648982326265,0.9132856178925621,-0.789,False,False,0.0,False,False,0.0,0.0,0.010211534027567887,0.0,1.2635539391381043
2004-12-16 00:00:00-05:00,9.651025772094727,7.451327800750732,-1.1701662598032496,0.9317333889222681,-0.792,False,False,0.0,False,False,0.0,0.0,0.0010042161966811974,0.0,1.2635539391381043
2004-12-17 00:00:00-05:00,9.631336212158203,7.487261772155762,-1.1699798470344005,0.8713908292648913,-1.007,False,False,0.0,False,False,0.0,0.0,-0.0032810415818771955,-0.0,1.2635539391381043
2004-12-20 00:00:00-05:00,9.631336212158203,7.451327800750732,-1.1697344795189886,0.9152611654216756,-0.89,False,False,0.0,False,False,0.0,0.0,0.0023910913391400734,0.0,1.2635539391381043
2004-12-21 00:00:00-05:00,9.698827743530273,7.559131145477295,-1.169331737362178,0.8596957882407565,-1.093,False,False,0.0,False,False,0.0,0.0,-0.002997383643274215,-0.0,1.2635539391381043
2004-12-22 00:00:00-05:00,9.693205833435059,7.681736946105957,-1.168519100249554,0.7169494888175691,-1.477,False,False,0.0,False,False,0.0,0.0,-0.007645978125229399,-0.0,1.2635539391381043
2004-12-23 00:00:00-05:00,9.634150505065918,7.595069408416748,-1.1674894405926732,0.766987170170923,-1.252,False,False,0.0,False,False,0.0,0.0,0.0027045474600445756,0.0,1.2635539391381043
2004-12-27 00:00:00-05:00,9.55822467803955,7.512625694274902,-1.1663517732289852,0.795860377916382,-1.109,False,False,0.0,False,False,0.0,0.0,0.001575997790238867,0.0,1.2635539391381043
2004-12-28 00:00:00-05:00,9.538542747497559,7.673280239105225,-1.1647367291031039,0.6011914203106556,-1.55,True,False,1.0,False,False,0.0,1.0,-0.010536375496569899,-0.0,1.2635539391381043
2004-12-29 00:00:00-05:00,9.518857955932617,7.730355262756348,-1.1626098581226953,0.531470720661428,-1.615,False,False,1.0,False,False,0.0,1.0,-0.003767414671581601,-0.003767414671581601,1.2597865244665227
2004-12-30 00:00:00-05:00,9.518857955932617,7.791656017303467,-1.1599824016268272,0.4806740963308229,-1.621,False,False,1.0,False,False,0.0,1.0,-0.002737323374897089,-0.002737323374897089,1.2570492010916257
2004-12-31 00:00:00-05:00,9.479485511779785,7.865638732910156,-1.156763766800958,0.3807996228031172,-1.735,False,False,1.0,False,False,0.0,1.0,-0.005375904408096865,-0.005375904408096865,1.2516732966835287
2005-01-03 00:00:00-05:00,9.479485511779785,7.8297014236450195,-1.153232786362039,0.45001712260681437,-1.464,False,False,1.0,False,False,0.0,1.0,0.0037396764924750386,0.0037396764924750386,1.2554129731760038
2005-01-04 00:00:00-05:00,9.473871231079102,7.65848445892334,-1.1499128247437669,0.6672817336623247,-0.913,False,False,1.0,False,False,0.0,1.0,0.011885073045059237,0.011885073045059237,1.267298046221063
2005-01-05 00:00:00-05:00,9.40637493133545,7.531652450561523,-1.1469643551086266,0.7678380354748437,-0.647,False,False,1.0,False,False,0.0,1.0,0.005572557116126637,0.005572557116126637,1.2728706033371897
2005-01-06 00:00:00-05:00,9.462615013122559,7.683849811553955,-1.1440996796321938,0.6715249053817853,-0.837,False,False,1.0,False,False,0.0,1.0,-0.005276360577501384,-0.005276360577501384,1.2675942427596882
2005-01-07 00:00:00-05:00,9.476675033569336,7.495716094970703,-1.1418013129269664,0.918056555003993,-0.242,False,False,1.0,False,False,0.0,1.0,0.013669400470601372,0.013669400470601372,1.2812636432302897
2005-01-10 00:00:00-05:00,9.569472312927246,7.620436668395996,-1.1398632676876557,0.8832164708825534,-0.287,False,False,1.0,False,False,0.0,1.0,-0.0019084466982463742,-0.0019084466982463742,1.2793551965320433
2005-01-11 00:00:00-05:00,9.530105590820312,7.611979007720947,-1.1381711407518036,0.8663707602237807,-0.282,False,False,1.0,False,False,0.0,1.0,-0.0009259018584631983,-0.0009259018584631983,1.2784292946735802
2005-01-12 00:00:00-05:00,9.516044616699219,7.719781875610352,-1.1364216335548996,0.743117486930597,-0.544,False,False,1.0,False,False,0.0,1.0,-0.006739212843772241,-0.006739212843772241,1.2716900818298078
2005-01-13 00:00:00-05:00,9.535728454589844,7.518967151641846,-1.1351455128635817,1.0006066310349375,0.233,False,True,0.0,False,False,0.0,0.0,0.014248867105924346,0.014248867105924346,1.2859389489357322
2005-01-14 00:00:00-05:00,9.60322093963623,7.523194313049316,-1.1343686477374313,1.0691451800765446,0.588,False,False,0.0,False,False,0.0,0.0,0.003778873454975547,0.0,1.2859389489357322
2005-01-18 00:00:00-05:00,9.639776229858398,7.671166896820068,-1.1337256682263448,0.9427774136852509,0.265,False,False,0.0,False,False,0.0,0.0,-0.006891493519120322,-0.0,1.2859389489357322
2005-01-19 00:00:00-05:00,9.608838081359863,7.656369686126709,-1.133167543074154,0.93288845526423,0.378,False,False,0.0,False,False,0.0,0.0,-0.0005408298187125647,-0.0,1.2859389489357322
2005-01-20 00:00:00-05:00,9.55822467803955,7.576040744781494,-1.1327620295655318,0.9763733879097014,0.669,False,False,0.0,False,False,0.0,0.0,0.002397174781504493,0.0,1.2859389489357322
2005-01-21 00:00:00-05:00,9.499167442321777,7.2801032066345215,-1.133014017748875,1.2507084585463293,1.943,False,False,0.0,True,False,-1.0,-1.0,0.015457563960960341,0.0,1.2859389489357322
2005-01-24 00:00:00-05:00,9.57790756225586,7.165956974029541,-1.1341572710430332,1.4505853561787223,2.619,False,False,0.0,False,False,-1.0,-1.0,0.011289144521009627,-0.011289144521009627,1.2746498044147225
2005-01-25 00:00:00-05:00,9.510419845581055,7.29278564453125,-1.135558427973555,1.2290356435290377,1.619,False,False,0.0,False,False,-1.0,-1.0,-0.0124523467129326,0.0124523467129326,1.2871021511276552
2005-01-26 00:00:00-05:00,9.617280006408691,7.504170894622803,-1.1368870230600316,1.0858854974872383,0.99,False,False,0.0,False,False,-1.0,-1.0,-0.007887636417793532,0.007887636417793532,1.2949897875454488
2005-01-27 00:00:00-05:00,9.673523902893066,7.595069408416748,-1.1380509807662476,1.0299477136566626,0.743,False,False,0.0,False,False,-1.0,-1.0,-0.003053855880528334,0.003053855880528334,1.298043643425977
2005-01-28 00:00:00-05:00,9.544166564941406,7.436529159545898,-1.139165767254345,1.0727271191979941,0.931,False,False,0.0,False,False,-1.0,-1.0,0.0023745748833516687,-0.0023745748833516687,1.2956690685426253
2005-01-31 00:00:00-05:00,9.61165714263916,7.567585468292236,-1.1400712623827773,0.9840704246136696,0.525,False,False,0.0,False,False,-1.0,-1.0,-0.004860765899156845,0.004860765899156845,1.3005298344417822
2005-02-01 00:00:00-05:00,9.701640129089355,7.850845813751221,-1.1403526393840457,0.7489073839809652,-0.481,False,False,0.0,False,True,0.0,0.0,-0.012606322507789895,0.012606322507789895,1.313136156949572
2005-02-02 00:00:00-05:00,9.715702056884766,7.865638732910156,-1.1401414623966055,0.7477612092611974,-0.489,False,False,0.0,False,False,0.0,0.0,-6.134642615607292e-05,-0.0,1.313136156949572
2005-02-03 00:00:00-05:00,9.701640129089355,8.151008605957031,-1.1388834301746023,0.41859148855430917,-1.763,True,False,1.0,False,False,0.0,1.0,-0.017338694602861304,-0.0,1.313136156949572
2005-02-04 00:00:00-05:00,9.859116554260254,9.370704650878906,-1.1343101918727407,-0.7701692362609815,-4.261,False,False,1.0,False,False,0.0,1.0,-0.05802115288496736,-0.05802115288496736,1.2551150040646046
2005-02-07 00:00:00-05:00,9.800065040588379,9.592658996582031,-1.1265769686631768,-1.0068036532005564,-3.642,False,False,1.0,False,False,0.0,1.0,-0.011483242484776463,-0.011483242484776463,1.2436317615798282
2005-02-08 00:00:00-05:00,9.884428024291992,9.565177917480469,-1.1168495099671008,-0.7984362455942033,-2.725,False,False,1.0,False,False,0.0,1.0,0.010131008235115806,0.010131008235115806,1.253762769814944
2005-02-09 00:00:00-05:00,9.864616394042969,8.97963809967041,-1.107266623083669,-0.07823716109253986,-1.321,False,False,1.0,False,False,0.0,1.0,0.036359973603369476,0.036359973603369476,1.2901227434183136
2005-02-10 00:00:00-05:00,9.955171585083008,9.140295028686523,-1.0977851897000237,-0.07890892689781026,-1.249,False,False,1.0,False,False,0.0,1.0,-3.360635015299401e-05,-3.360635015299401e-05,1.2900891370681604
2005-02-11 00:00:00-05:00,9.966490745544434,9.123380661010742,-1.0886453753405614,0.034364581463576016,-0.999,False,False,1.0,False,False,0.0,1.0,0.005692531741067592,0.005692531741067592,1.295781668809228
2005-02-14 00:00:00-05:00,10.110809326171875,9.133952140808105,-1.0802186611889009,0.2441437732646481,-0.609,False,False,1.0,False,False,0.0,1.0,0.010500786163958987,0.010500786163958987,1.306282454973187
2005-02-15 00:00:00-05:00,10.198528289794922,9.0684232711792,-1.0728208047592664,0.4697351381107939,-0.218,False,False,1.0,False,False,0.0,1.0,0.011320706875163546,0.011320706875163546,1.3176031618483508
2005-02-16 00:00:00-05:00,10.187213897705078,9.049399375915527,-1.0663460448299826,0.5374226651106415,-0.103,False,False,1.0,False,False,0.0,1.0,0.003412184780678412,0.003412184780678412,1.321015346629029
2005-02-17 00:00:00-05:00,10.088171005249023,8.87394905090332,-1.060866416693739,0.6740964736944122,0.121,False,False,1.0,False,False,0.0,1.0,0.0070081062370918705,0.0070081062370918705,1.328023452866121
2005-02-18 00:00:00-05:00,9.969321250915527,9.000777244567871,-1.055699584834593,0.467204450636574,-0.237,False,False,1.0,False,True,0.0,1.0,-0.01062541053793129,-0.01062541053793129,1.3173980423281897
2005-02-22 00:00:00-05:00,9.819342613220215,8.812647819519043,-1.0509699527042191,0.5575145511413471,-0.088,False,False,1.0,False,False,0.0,1.0,0.004732943383902598,0.004732943383902598,1.3221309857120922
2005-02-23 00:00:00-05:00,9.768406867980957,8.86760425567627,-1.04642544818142,0.48912011043944936,-0.196,False,False,1.0,False,False,0.0,1.0,-0.0035906940780617317,-0.0035906940780617317,1.3185402916340305
2005-02-24 00:00:00-05:00,9.734448432922363,9.066308975219727,-1.0416088389134783,0.29090086801289594,-0.509,False,False,1.0,False,True,0.0,1.0,-0.010335764093858562,-0.010335764093858562,1.308204527540172
2005-02-25 00:00:00-05:00,9.909895896911621,8.983864784240723,-1.0372032984727633,0.5918017096638444,0.007,False,False,1.0,False,False,0.0,1.0,0.015649105306063147,0.015649105306063147,1.3238536328462351
2005-02-28 00:00:00-05:00,9.82499885559082,9.002893447875977,-1.0329757408657956,0.5252283263353164,-0.087,False,False,1.0,False,False,0.0,1.0,-0.003481003194803385,-0.003481003194803385,1.3203726296514318
2005-03-01 00:00:00-05:00,9.901407241821289,9.136063575744629,-1.0288300839442142,0.5019501862682656,-0.108,False,False,1.0,False,False,0.0,1.0,-0.00120606723659611,-0.00120606723659611,1.3191665624148357
2005-03-02 00:00:00-05:00,9.90423583984375,9.140295028686523,-1.0248215764077269,0.5370642797135172,-0.031,False,False,1.0,False,False,0.0,1.0,0.0018220824621920989,0.0018220824621920989,1.3209886448770278
2005-03-03 00:00:00-05:00,9.941022872924805,9.030372619628906,-1.0212889073519005,0.7184034872434797,0.283,False,True,0.0,False,False,0.0,0.0,0.009462669208851752,0.009462669208851752,1.3304513140858796
2005-03-04 00:00:00-05:00,10.02874755859375,9.269240379333496,-1.0178546857966178,0.5940078047139323,0.09,False,False,0.0,False,False,0.0,0.0,-0.006391233006318753,-0.0,1.3304513140858796
2005-03-07 00:00:00-05:00,10.096658706665039,9.152975082397461,-1.014930286389176,0.8070270849743917,0.48,False,True,0.0,False,False,0.0,0.0,0.01098814041533687,0.0,1.3304513140858796
2005-03-08 00:00:00-05:00,10.071191787719727,8.983864784240723,-1.012726419052694,0.9729945755220175,0.769,False,False,0.0,False,False,0.0,0.0,0.008657943690763469,0.0,1.3304513140858796
2005-03-09 00:00:00-05:00,9.90423583984375,8.947933197021484,-1.010837329425864,0.8593309430855207,0.575,False,False,0.0,False,False,0.0,0.0,-0.0059983528549632445,-0.0,1.3304513140858796
2005-03-10 00:00:00-05:00,9.946681022644043,8.992323875427246,-1.0092064345610803,0.8715699059056359,0.604,False,False,0.0,False,False,0.0,0.0,0.0006434179666371071,0.0,1.3304513140858796
2005-03-11 00:00:00-05:00,9.839147567749023,9.032485961914062,-1.0075074439734388,0.7388507235350179,0.405,False,False,0.0,False,False,0.0,0.0,-0.0070075541543756364,-0.0,1.3304513140858796
2005-03-14 00:00:00-05:00,9.99761962890625,9.0282564163208,-1.00610291870988,0.914264497584691,0.78,False,False,0.0,False,False,0.0,0.0,0.009193124368850576,0.0,1.3304513140858796
2005-03-15 00:00:00-05:00,9.969321250915527,9.024029731750488,-1.0048944029540843,0.9011242813882152,0.79,False,False,0.0,False,False,0.0,0.0,-0.0006902273733540307,-0.0,1.3304513140858796
2005-03-16 00:00:00-05:00,9.867447853088379,8.937362670898438,-1.0038247636942668,0.8959018819237947,0.799,False,False,0.0,False,False,0.0,0.0,-0.0002772122286964855,-0.0,1.3304513140858796
2005-03-17 00:00:00-05:00,9.850471496582031,9.000777244567871,-1.0027198469903789,0.8252135151144522,0.68,False,False,0.0,False,False,0.0,0.0,-0.003744934302621009,-0.0,1.3304513140858796
2005-03-18 00:00:00-05:00,9.805190086364746,8.994437217712402,-1.0015336044190701,0.7969589599882116,0.651,False,False,0.0,False,False,0.0,0.0,-0.0015018297207477233,-0.0,1.3304513140858796
2005-03-21 00:00:00-05:00,9.858953475952148,8.947933197021484,-1.0005015108207296,0.9065327936091929,0.877,False,False,0.0,False,False,0.0,0.0,0.00582487130918415,0.0,1.3304513140858796
2005-03-22 00:00:00-05:00,9.734448432922363,9.121267318725586,-0.999026060578748,0.622064676010261,0.317,False,False,0.0,False,False,0.0,0.0,-0.01509368336989636,-0.0,1.3304513140858796
2005-03-23 00:00:00-05:00,9.734448432922363,9.091672897338867,-0.9973066563319591,0.6672625352134425,0.413,False,False,0.0,False,False,0.0,0.0,0.002403932467165681,0.0,1.3304513140858796
2005-03-24 00:00:00-05:00,9.791043281555176,9.193136215209961,-0.9953493995405802,0.6406606698511794,0.346,False,False,0.0,False,False,0.0,0.0,-0.0014044278140501589,-0.0,1.3304513140858796
2005-03-28 00:00:00-05:00,9.833490371704102,9.284035682678223,-0.9931572250082833,0.6129832562175146,0.232,False,False,0.0,False,False,0.0,0.0,-0.0014525777938341469,-0.0,1.3304513140858796
2005-03-29 00:00:00-05:00,9.864616394042969,9.129721641540527,-0.9911932359028991,0.8152980572716864,0.699,False,False,0.0,False,False,0.0,0.0,0.010696600360186504,0.0,1.3304513140858796
2005-03-30 00:00:00-05:00,10.006104469299316,9.326313972473145,-0.9893246836366849,0.7793518489859288,0.627,False,False,0.0,False,False,0.0,0.0,-0.001868999916043229,-0.0,1.3304513140858796
2005-03-31 00:00:00-05:00,10.045722961425781,9.226961135864258,-0.9878311456321629,0.9310433718815485,1.176,False,False,0.0,False,False,0.0,0.0,0.00791692776245665,0.0,1.3304513140858796
2005-04-01 00:00:00-05:00,10.02874755859375,8.95004653930664,-0.9871386812211875,1.193810420914339,2.225,False,False,0.0,True,False,-1.0,-1.0,0.013929783775738391,0.0,1.3304513140858796
2005-04-04 00:00:00-04:00,10.017425537109375,9.07687759399414,-0.9867816035544296,1.060529709640564,1.666,False,False,0.0,False,False,-1.0,-1.0,-0.0070242676253279525,0.0070242676253279525,1.3374755817112074
2005-04-05 00:00:00-04:00,10.04006576538086,9.14875316619873,-0.986584874221104,1.0140442736267588,1.407,False,False,0.0,False,False,-1.0,-1.0,-0.002438121434507191,0.002438121434507191,1.3399137031457147
2005-04-06 00:00:00-04:00,10.042893409729004,9.1550874710083,-0.9865034072358441,1.0113684260371283,1.313,False,False,0.0,False,False,-1.0,-1.0,-0.00014028462280943853,0.00014028462280943853,1.340053987768524
2005-04-07 00:00:00-04:00,10.059871673583984,9.11915397644043,-0.9866089638898831,1.0628326173357845,1.464,False,False,0.0,False,False,-1.0,-1.0,0.002700552677622235,-0.002700552677622235,1.3373534350909018
2005-04-08 00:00:00-04:00,10.017425537109375,9.258667945861816,-0.986505003946642,0.8837032786363164,0.566,False,False,0.0,False,False,-1.0,-1.0,-0.009353451845888195,0.009353451845888195,1.34670688693679
2005-04-11 00:00:00-04:00,10.045722961425781,9.25444221496582,-0.9863105452752216,0.9179690141648145,0.685,False,False,0.0,False,False,-1.0,-1.0,0.0017871425037664212,-0.0017871425037664212,1.3449197444330236
2005-04-12 00:00:00-04:00,10.133447647094727,9.436232566833496,-0.9858758001164586,0.8304943151827704,0.216,False,False,0.0,False,False,-1.0,-1.0,-0.004500560524375153,0.004500560524375153,1.3494203049573987
2005-04-13 00:00:00-04:00,10.076850891113281,9.191022872924805,-0.9856299206174078,1.017903746479627,1.103,False,False,0.0,False,False,-1.0,-1.0,0.009793656420639651,-0.009793656420639651,1.339626648536759
2005-04-14 00:00:00-04:00,10.059871673583984,8.897197723388672,-0.9860489842856284,1.2867988954481788,2.389,False,False,0.0,True,False,-1.0,-1.0,0.014277913347957484,-0.014277913347957484,1.3253487351888016
2005-04-15 00:00:00-04:00,9.892913818359375,8.639310836791992,-0.9871092621960608,1.3649700723711984,2.474,False,False,0.0,False,False,-1.0,-1.0,0.004243623113090843,-0.004243623113090843,1.3211051120757107
2005-04-18 00:00:00-04:00,9.918380737304688,8.552639961242676,-0.988829025865156,1.4612820958536865,2.6,False,False,0.0,False,False,-1.0,-1.0,0.005241333926440943,-0.005241333926440943,1.3158637781492697
2005-04-19 00:00:00-04:00,9.941022872924805,8.850696563720703,-0.9905013516277393,1.1743959637124597,1.25,False,False,0.0,False,False,-1.0,-1.0,-0.015335231067622282,0.015335231067622282,1.3311990092168922
2005-04-20 00:00:00-04:00,9.847639083862305,8.772483825683594,-0.9920787640396357,1.1446441725204295,1.061,False,False,0.0,False,False,-1.0,-1.0,-0.00160381533050147,0.00160381533050147,1.3328028245473935
2005-04-21 00:00:00-04:00,9.96082878112793,8.78727912902832,-0.9937468104579016,1.2284981740527492,1.365,False,False,0.0,False,False,-1.0,-1.0,0.004485812151435371,-0.004485812151435371,1.3283170123959582
2005-04-22 00:00:00-04:00,9.980637550354004,8.706951141357422,-0.9956407149350125,1.3116424910686781,1.649,False,False,0.0,True,False,-1.0,-1.0,0.004458228146164907,-0.004458228146164907,1.3238587842497933
2005-04-25 00:00:00-04:00,10.14476490020752,8.892973899841309,-0.9976370275204308,1.2728048529530636,1.373,False,False,0.0,False,False,-1.0,-1.0,-0.0020422884709597675,0.0020422884709597675,1.325901072720753
2005-04-26 00:00:00-04:00,10.006104469299316,8.747119903564453,-0.999683708986008,1.2617512011586705,1.253,False,False,0.0,False,False,-1.0,-1.0,-0.0005895137041012996,0.0005895137041012996,1.3264905864248544
2005-04-27 00:00:00-04:00,10.088171005249023,8.804190635681152,-1.0017834582531824,1.268278463116074,1.205,False,False,0.0,False,False,-1.0,-1.0,0.0003452104939803456,-0.0003452104939803456,1.326145375930874
2005-04-28 00:00:00-04:00,9.969321250915527,8.5610990524292,-1.004115469544319,1.3729892560701575,1.542,False,False,0.0,True,False,-1.0,-1.0,0.005640027397258011,-0.005640027397258011,1.320505348533616
2005-04-29 00:00:00-04:00,9.97780990600586,8.501911163330078,-1.0067092654257623,1.4188571640547476,1.614,False,False,0.0,False,False,-1.0,-1.0,0.0024744292655462896,-0.0024744292655462896,1.3180309192680697
2005-05-02 00:00:00-04:00,10.025915145874023,8.704837799072266,-1.0091710472543447,1.2412448680050598,0.839,False,False,0.0,False,False,-1.0,-1.0,-0.009442146113406073,0.009442146113406073,1.3274730653814757
2005-05-03 00:00:00-04:00,9.90423583984375,8.586465835571289,-1.0114853072998269,1.2191518055314603,0.709,False,False,0.0,False,False,-1.0,-1.0,-0.0011884814841620222,0.0011884814841620222,1.3286615468656378
2005-05-04 00:00:00-04:00,9.93253231048584,8.696385383605957,-1.0135002543453777,1.1187435123157776,0.276,False,False,0.0,False,False,-1.0,-1.0,-0.005356159890450201,0.005356159890450201,1.3340177067560879
2005-05-05 00:00:00-04:00,9.907060623168945,8.899313926696777,-1.0148248315490151,0.8758158666070841,-0.724,False,False,0.0,False,True,0.0,0.0,-0.012827316955649733,0.012827316955649733,1.3468450237117378
2005-05-06 00:00:00-04:00,9.96082878112793,8.833781242370605,-1.0158366075764726,0.9871504118054961,-0.296,False,False,0.0,False,False,0.0,0.0,0.005879981153655952,0.0,1.3468450237117378
2005-05-09 00:00:00-04:00,9.989127159118652,8.924680709838867,-1.0164763388796065,0.9174003855121917,-0.588,False,False,0.0,False,False,0.0,0.0,-0.0036593337601497637,-0.0,1.3468450237117378
2005-05-10 00:00:00-04:00,10.034406661987305,8.793618202209473,-1.0171671187167588,1.0898273721506513,0.077,False,False,0.0,False,False,0.0,0.0,0.00908515276190974,0.0,1.3468450237117378
2005-05-11 00:00:00-04:00,10.114131927490234,8.738659858703613,-1.0181423586634726,1.2169321673919296,0.593,False,True,0.0,False,False,0.0,0.0,0.006685738659972886,0.0,1.3468450237117378
2005-05-12 00:00:00-04:00,10.017319679260254,8.66467571258545,-1.0192701179374855,1.1856746438032175,0.401,False,False,0.0,False,False,0.0,0.0,-0.0016583151415369847,-0.0,1.3468450237117378
2005-05-13 00:00:00-04:00,9.923355102539062,8.5209379196167,-1.0205897862113735,1.22697289283707,0.569,False,False,0.0,False,False,0.0,0.0,0.0022179823668458543,0.0,1.3468450237117378
2005-05-16 00:00:00-04:00,9.94328784942627,8.641426086425781,-1.0218379432893832,1.1131507901857258,-0.103,False,False,0.0,False,False,0.0,0.0,-0.006062937540970367,-0.0,1.3468450237117378
2005-05-17 00:00:00-04:00,10.065725326538086,8.7745943069458,-1.0229889483959407,1.089412323874594,-0.31,False,False,0.0,False,True,0.0,0.0,-0.0012466347299977883,-0.0,1.3468450237117378
2005-05-18 00:00:00-04:00,10.173933029174805,8.958502769470215,-1.0238976331462575,1.0013432469800598,-0.87,False,False,0.0,False,False,0.0,0.0,-0.004552191510237585,-0.0,1.3468450237117378
2005-05-19 00:00:00-04:00,10.148303031921387,9.172000885009766,-1.0241402841764917,0.7548874390804521,-2.141,True,False,1.0,False,False,0.0,1.0,-0.01261177753257131,-0.0,1.3468450237117378
2005-05-20 00:00:00-04:00,10.176775932312012,9.01980209350586,-1.0242343636916547,0.9383846744453841,-1.056,False,False,1.0,False,False,0.0,1.0,0.009451231275399779,0.009451231275399779,1.3562962549871376
2005-05-23 00:00:00-04:00,10.020166397094727,9.123380661010742,-1.0237084403205885,0.6804846101604003,-2.262,True,False,1.0,False,False,0.0,1.0,-0.013321388775028668,-0.013321388775028668,1.3429748662121088
2005-05-24 00:00:00-04:00,10.079965591430664,9.0684232711792,-1.0229562801889716,0.8033650547660844,-1.539,False,False,1.0,False,False,0.0,1.0,0.0063482563897182325,0.0063482563897182325,1.349323122601827
2005-05-25 00:00:00-04:00,10.188166618347168,8.909883499145508,-1.0225741137519566,1.0771503955752681,-0.167,False,False,1.0,False,False,0.0,1.0,0.014186369602440026,0.014186369602440026,1.3635094922042672
2005-05-26 00:00:00-04:00,10.284981727600098,9.182568550109863,-1.0221188029392172,0.8993057532545006,-1.065,False,False,1.0,False,True,0.0,1.0,-0.009041113165381164,-0.009041113165381164,1.3544683790388858
2005-05-27 00:00:00-04:00,10.339080810546875,9.239643096923828,-1.0216091552690574,0.8997768313109464,-1.057,False,False,1.0,False,False,0.0,1.0,2.3817822408289526e-05,2.3817822408289526e-05,1.3544921968612942
2005-05-31 00:00:00-04:00,10.33623218536377,9.389723777770996,-1.0207640055960765,0.7515401305255232,-1.757,True,False,1.0,False,False,0.0,1.0,-0.007441256188619491,-0.007441256188619491,1.3470509406726747
2005-06-01 00:00:00-04:00,10.509930610656738,9.36859130859375,-1.0200672494533343,0.9533374432470989,-0.749,False,False,1.0,False,False,0.0,1.0,0.010056416096451614,0.010056416096451614,1.3571073567691263
2005-06-02 00:00:00-04:00,10.498541831970215,9.491191864013672,-1.0192264989395923,0.824867577647618,-1.293,False,False,1.0,False,False,0.0,1.0,-0.006368654046234278,-0.006368654046234278,1.350738702722892
2005-06-03 00:00:00-04:00,10.492840766906738,9.639156341552734,-1.017987823700218,0.6802969804633143,-1.841,True,False,1.0,False,False,0.0,1.0,-0.007119815771253203,-0.007119815771253203,1.343618886951639
2005-06-06 00:00:00-04:00,10.515624046325684,9.725830078125,-1.0163504571780704,0.6307721999871116,-1.944,False,False,1.0,False,False,0.0,1.0,-0.0024276286855646903,-0.0024276286855646903,1.341191258266074
2005-06-07 00:00:00-04:00,10.564031600952148,9.947783470153809,-1.0140986209249878,0.4759981026087807,-2.35,False,False,1.0,False,False,0.0,1.0,-0.007494364202038593,-0.007494364202038593,1.3336968940640357
2005-06-08 00:00:00-04:00,10.487147331237793,9.878026008605957,-1.01143394397252,0.4961765266903413,-2.043,False,False,1.0,False,False,0.0,1.0,0.0009853651564935076,0.0009853651564935076,1.3346822592205292
2005-06-09 00:00:00-04:00,10.532710075378418,10.01542854309082,-1.0083337977641473,0.4338149762882093,-2.071,False,False,1.0,False,False,0.0,1.0,-0.003022622325058047,-0.003022622325058047,1.3316596368954712
2005-06-10 00:00:00-04:00,10.564031600952148,9.983718872070312,-1.0051090951540602,0.5293049591730412,-1.598,False,False,1.0,False,False,0.0,1.0,0.0046357155008859684,0.0046357155008859684,1.336295352396357
2005-06-13 00:00:00-04:00,10.643756866455078,10.049248695373535,-1.0018869042767473,0.5755462007401455,-1.341,False,False,1.0,False,False,0.0,1.0,0.0022325856534528643,0.0022325856534528643,1.3385279380498099
2005-06-14 00:00:00-04:00,10.675082206726074,10.347301483154297,-0.9981952168353381,0.34645535908825487,-1.992,True,False,1.0,False,False,0.0,1.0,-0.010907161257039643,-0.010907161257039643,1.3276207767927701
2005-06-15 00:00:00-04:00,10.564031600952148,10.417058944702148,-0.9938853795621249,0.21066901777582636,-2.223,False,False,1.0,False,False,0.0,1.0,-0.006491551486631129,-0.006491551486631129,1.321129225306139
2005-06-16 00:00:00-04:00,10.521318435668945,10.533320426940918,-0.9889054847634047,0.10486009269666496,-2.33,False,False,1.0,False,False,0.0,1.0,-0.005053493797254436,-0.005053493797254436,1.3160757315088847
2005-06-17 00:00:00-04:00,10.586808204650879,10.3599853515625,-0.984035916473281,0.3922105245763081,-1.363,False,False,1.0,False,False,0.0,1.0,0.013827285481722327,0.013827285481722327,1.329903016990607
2005-06-20 00:00:00-04:00,10.572577476501465,10.330389976501465,-0.9793829783573147,0.4551693737229101,-1.098,False,False,1.0,False,False,0.0,1.0,0.0030429624469942656,0.0030429624469942656,1.3329459794376013
2005-06-21 00:00:00-04:00,10.569722175598145,10.33461856842041,-0.974971223415904,0.49376646640857835,-0.919,False,False,1.0,False,False,0.0,1.0,0.0018694998973178604,0.0018694998973178604,1.3348154793349192
2005-06-22 00:00:00-04:00,10.566880226135254,10.414946556091309,-0.9706634984906369,0.4574717654066536,-0.981,False,False,1.0,False,False,0.0,1.0,-0.0017553779380621473,-0.0017553779380621473,1.333060101396857
2005-06-23 00:00:00-04:00,10.575420379638672,10.33250617980957,-0.9667006900608074,0.5869795255592027,-0.52,False,False,1.0,False,False,0.0,1.0,0.006297832818488287,0.006297832818488287,1.3393579342153452
2005-06-24 00:00:00-04:00,10.635214805603027,10.167622566223145,-0.9635004912656643,0.8387054680431731,0.334,False,True,0.0,False,False,0.0,0.0,0.01232034754972972,0.01232034754972972,1.351678281765075
2005-06-27 00:00:00-04:00,10.620980262756348,10.138031959533691,-0.9609370071030864,0.8789701736466036,0.474,False,False,0.0,False,False,0.0,0.0,0.001977347379125999,0.0,1.351678281765075
2005-06-28 00:00:00-04:00,10.908571243286133,10.307141304016113,-0.9591165332170788,1.0228216083996369,0.971,False,False,0.0,False,False,0.0,0.0,0.006917823168922589,0.0,1.351678281765075
2005-06-29 00:00:00-04:00,11.087960243225098,10.309250831604004,-0.9582101097992461,1.209531871925856,1.605,False,False,0.0,True,False,-1.0,-1.0,0.008905218106893088,0.0,1.351678281765075
2005-06-30 00:00:00-04:00,11.105043411254883,10.379008293151855,-0.9578837527399541,1.1631599976914782,1.455,False,False,0.0,False,False,-1.0,-1.0,-0.0022032610566069333,0.0022032610566069333,1.353881542821682
2005-07-01 00:00:00-04:00,11.139214515686035,10.368440628051758,-0.9580668848107871,1.2055549028228878,1.608,False,False,0.0,True,False,-1.0,-1.0,0.002011823582905273,-0.002011823582905273,1.3518697192387767
2005-07-05 00:00:00-04:00,11.07371711730957,10.47413444519043,-0.9582925096533652,1.0364325333812747,1.048,False,False,0.0,False,False,-1.0,-1.0,-0.008011101123244966,0.008011101123244966,1.3598808203620218
2005-07-06 00:00:00-04:00,10.982605934143066,10.41071605682373,-0.9584854737094864,1.0040858227634164,0.954,False,False,0.0,False,False,-1.0,-1.0,-0.0015431761894665746,0.0015431761894665746,1.3614239965514883
2005-07-07 00:00:00-04:00,10.982605934143066,10.309250831604004,-0.9588370698933729,1.0977140739720657,1.256,False,False,0.0,False,False,-1.0,-1.0,0.004486798184023812,-0.004486798184023812,1.3569371983674645
2005-07-08 00:00:00-04:00,11.105043411254883,10.478360176086426,-0.9592201099689018,1.0539896108554991,1.057,False,False,0.0,False,False,-1.0,-1.0,-0.0020667546891626125,0.0020667546891626125,1.3590039530566271
2005-07-11 00:00:00-04:00,11.190465927124023,10.558688163757324,-0.9596341256232293,1.0579884433684228,1.047,False,False,0.0,False,False,-1.0,-1.0,0.00018753660955097448,-0.00018753660955097448,1.3588164164470762
2005-07-12 00:00:00-04:00,11.227484703063965,10.524867057800293,-0.9601944346702862,1.1215659285194945,1.19,False,False,0.0,False,False,-1.0,-1.0,0.0029801848175703776,-0.0029801848175703776,1.3558362316295058
2005-07-13 00:00:00-04:00,11.236024856567383,10.421285629272461,-0.9610534940081362,1.220611890498306,1.427,False,False,0.0,False,False,-1.0,-1.0,0.004660671094607559,-0.004660671094607559,1.3511755605348983
2005-07-14 00:00:00-04:00,11.156301498413086,10.423401832580566,-0.9619528725110147,1.129480164225635,1.127,False,False,0.0,False,False,-1.0,-1.0,-0.0043020911974518085,0.0043020911974518085,1.35547765173235
2005-07-15 00:00:00-04:00,11.150605201721191,10.39169692993164,-0.9629098425282729,1.144337947319178,1.131,False,False,0.0,False,False,-1.0,-1.0,0.0007022674605784133,-0.0007022674605784133,1.3547753842717716
2005-07-18 00:00:00-04:00,11.227484703063965,10.288114547729492,-0.9642231748250046,1.3074462308889174,1.542,False,False,0.0,True,False,-1.0,-1.0,0.00771287881886414,-0.00771287881886414,1.3470625054529075
2005-07-19 00:00:00-04:00,11.204702377319336,10.653809547424316,-0.9650576137441182,0.92316235819772,0.379,False,False,0.0,False,False,-1.0,-1.0,-0.017885112976052595,0.017885112976052595,1.3649476184289602
2005-07-20 00:00:00-04:00,11.190465927124023,10.700318336486816,-0.9654163370804736,0.8602037931178952,0.2,False,False,0.0,False,False,-1.0,-1.0,-0.002925484904645858,0.002925484904645858,1.367873103333606
2005-07-21 00:00:00-04:00,11.076568603515625,10.674947738647461,-0.9652546948094387,0.7725251819407628,-0.057,False,False,0.0,False,False,-1.0,-1.0,-0.004100846649022027,0.004100846649022027,1.371973949982628
2005-07-22 00:00:00-04:00,11.090807914733887,11.469756126403809,-0.9632685208609232,0.0423528962173787,-2.04,True,False,1.0,False,True,0.0,1.0,-0.032980876008602666,0.032980876008602666,1.4049548259912306
2005-07-25 00:00:00-04:00,11.139214515686035,11.465526580810547,-0.9601126782119181,0.13101708307408444,-1.677,False,False,1.0,False,False,0.0,1.0,0.004003365587983273,0.004003365587983273,1.408958191579214
2005-07-26 00:00:00-04:00,11.218945503234863,11.74666976928711,-0.9558154826905906,-0.008703332303262812,-1.911,False,False,1.0,False,False,0.0,1.0,-0.006224570786491295,-0.006224570786491295,1.4027336207927226
2005-07-27 00:00:00-04:00,11.324296951293945,11.924232482910156,-0.9506806079203963,-0.011839634543218125,-1.795,False,False,1.0,False,False,0.0,1.0,-0.00013840433523993294,-0.00013840433523993294,1.4025952164574826
2005-07-28 00:00:00-04:00,11.435349464416504,12.298386573791504,-0.9445863442262629,-0.18153854920256762,-2.034,False,False,1.0,False,False,0.0,1.0,-0.007361494294037205,-0.007361494294037205,1.3952337221634454
2005-07-29 00:00:00-04:00,11.432501792907715,11.88407039642334,-0.9387743277842664,0.276041595164493,-0.963,False,False,1.0,False,False,0.0,1.0,0.02025680261697916,0.02025680261697916,1.4154905247804246
2005-08-01 00:00:00-04:00,11.40118408203125,11.905211448669434,-0.9332042715300841,0.29118990466407446,-0.899,False,False,1.0,False,False,0.0,1.0,0.0006729238836379891,0.0006729238836379891,1.4161634486640626
2005-08-02 00:00:00-04:00,11.506539344787598,11.634637832641602,-0.92864922407186,0.7020419491478673,-0.008,False,False,1.0,False,False,0.0,1.0,0.01841474465143675,0.01841474465143675,1.4345781933154993
2005-08-03 00:00:00-04:00,11.432501792907715,11.560649871826172,-0.9248953111932554,0.7401109321087791,0.043,False,False,1.0,False,False,0.0,1.0,0.0017206403464531139,0.0017206403464531139,1.4362988336619527
2005-08-04 00:00:00-04:00,11.381245613098145,11.262598991394043,-0.9222202933983527,0.99464826682674,0.582,False,True,0.0,False,False,0.0,0.0,0.011693273200889214,0.011693273200889214,1.4479921068628419
2005-08-05 00:00:00-04:00,11.161995887756348,11.287970542907715,-0.9198862476933622,0.7783470209677645,0.047,False,False,0.0,False,False,0.0,0.0,-0.010039209702153284,-0.0,1.4479921068628419
2005-08-08 00:00:00-04:00,10.860161781311035,11.000481605529785,-0.9177744408876644,0.7642009263008998,-0.009,False,False,0.0,False,False,0.0,0.0,-0.0006750339703751666,-0.0,1.4479921068628419
2005-08-09 00:00:00-04:00,10.914268493652344,11.188615798950195,-0.9156312259881099,0.6696224925496406,-0.249,False,False,0.0,False,True,0.0,0.0,-0.00446990953976886,-0.0,1.4479921068628419
2005-08-10 00:00:00-04:00,10.828351020812988,11.461298942565918,-0.9128723716426788,0.3656478730071129,-0.971,False,False,0.0,False,False,0.0,0.0,-0.01427710516985859,-0.0,1.4479921068628419
2005-08-11 00:00:00-04:00,10.917130470275879,11.438051223754883,-0.9099504232952239,0.5090709175476693,-0.62,False,False,0.0,False,False,0.0,0.0,0.006725522463614247,0.0,1.4479921068628419
2005-08-12 00:00:00-04:00,10.971542358398438,11.444391250610352,-0.9070705382760671,0.5906722264653936,-0.406,False,False,0.0,False,False,0.0,0.0,0.0038216435241064193,0.0,1.4479921068628419
2005-08-15 00:00:00-04:00,11.014497756958008,11.431711196899414,-0.9043871272276333,0.6758053082981785,-0.188,False,False,0.0,False,False,0.0,0.0,0.003986902238635384,0.0,1.4479921068628419
2005-08-16 00:00:00-04:00,10.862714767456055,10.738365173339844,-0.9028066803727285,1.1680469526829906,0.969,False,True,0.0,False,False,0.0,0.0,0.023944762540457444,0.0,1.4479921068628419
2005-08-17 00:00:00-04:00,10.805437088012695,10.702427864074707,-0.9019732784902175,1.1521331396481767,0.939,False,False,0.0,False,False,0.0,0.0,-0.0007778490869266102,-0.0,1.4479921068628419
2005-08-18 00:00:00-04:00,10.80829906463623,10.607307434082031,-0.9018409529492841,1.2421948200576658,1.141,False,False,0.0,False,False,0.0,0.0,0.004420334624904409,0.0,1.4479921068628419
2005-08-19 00:00:00-04:00,10.897083282470703,10.514296531677246,-0.9025204507359417,1.407715637530007,1.491,False,False,0.0,False,False,0.0,0.0,0.008119158065408225,0.0,1.4479921068628419
2005-08-22 00:00:00-04:00,10.988724708557129,10.575592994689941,-0.9038262060933897,1.4302266149786895,1.473,False,False,0.0,False,False,0.0,0.0,0.001095572752846326,0.0,1.4479921068628419
2005-08-23 00:00:00-04:00,11.094687461853027,10.499504089355469,-0.9058705299618526,1.5834961280919497,1.705,False,False,0.0,True,False,-1.0,-1.0,0.007438144940747838,0.0,1.4479921068628419
2005-08-24 00:00:00-04:00,11.031684875488281,10.617874145507812,-0.9080894638371101,1.389705235604179,1.245,False,False,0.0,False,False,-1.0,-1.0,-0.009373804646180312,0.009373804646180312,1.457365911509022
2005-08-25 00:00:00-04:00,11.160558700561523,10.617874145507812,-0.9106276486757044,1.4916289335031898,1.396,False,False,0.0,False,False,-1.0,-1.0,0.0048932405640904056,-0.0048932405640904056,1.4524726709449316
2005-08-26 00:00:00-04:00,11.063188552856445,10.579827308654785,-0.9132268537451301,1.4014061466068277,1.168,False,False,0.0,False,False,-1.0,-1.0,-0.004353337192818614,0.004353337192818614,1.4568260081377502
2005-08-29 00:00:00-04:00,11.169151306152344,10.60096263885498,-0.9159806043174282,1.4588751418674804,1.241,False,False,0.0,False,False,-1.0,-1.0,0.00275242198772078,-0.00275242198772078,1.4540735861500296
2005-08-30 00:00:00-04:00,11.054595947265625,10.683401107788086,-0.9184415396223611,1.2425165854254967,0.808,False,False,0.0,False,False,-1.0,-1.0,-0.010368616621334478,0.010368616621334478,1.464442202771364
2005-08-31 00:00:00-04:00,11.2178373336792,10.87787914276123,-0.9206209475013832,1.2034339304648203,0.724,False,False,0.0,False,False,-1.0,-1.0,-0.0018407221095965436,0.0018407221095965436,1.4662829248809606
2005-09-01 00:00:00-04:00,11.355308532714844,10.569257736206055,-0.9233297864279918,1.5963980444413064,1.436,False,False,0.0,False,False,-1.0,-1.0,0.018611349706369157,-0.018611349706369157,1.4476715751745912
2005-09-02 00:00:00-04:00,11.235020637512207,10.119004249572754,-0.9268929507499354,1.855786929974581,1.826,False,False,0.0,True,False,-1.0,-1.0,0.012582986568008585,-0.012582986568008585,1.4350885886065827
2005-09-06 00:00:00-04:00,11.326667785644531,10.5100679397583,-0.9305168583924738,1.546872384849177,1.194,False,False,0.0,False,False,-1.0,-1.0,-0.014636016579218735,0.014636016579218735,1.4497246051858015
2005-09-07 00:00:00-04:00,11.255067825317383,10.958208084106445,-0.9332220498479515,1.0286264144071726,0.248,False,False,0.0,False,False,-1.0,-1.0,-0.024125212281081533,0.024125212281081533,1.473849817466883
2005-09-08 00:00:00-04:00,11.140510559082031,10.801779747009277,-0.9352602571648235,1.0380352550563519,0.251,False,False,0.0,False,False,-1.0,-1.0,0.0004429151678493273,-0.0004429151678493273,1.4734069022990337
2005-09-09 00:00:00-04:00,11.329529762268066,10.947632789611816,-0.9368806641226132,1.0729042837660518,0.269,False,False,0.0,False,False,-1.0,-1.0,0.001615342256218113,-0.001615342256218113,1.4717915600428155
2005-09-12 00:00:00-04:00,11.446945190429688,11.085034370422363,-0.9381479130917737,1.0475433292673646,0.177,False,False,0.0,False,False,-1.0,-1.0,-0.0011608784955578703,0.0011608784955578703,1.4729524385383734
2005-09-13 00:00:00-04:00,11.33238697052002,11.08292293548584,-0.9389219083664824,0.926387817654998,-0.118,False,False,0.0,False,False,-1.0,-1.0,-0.005573344356140298,0.005573344356140298,1.4785257828945138
2005-09-14 00:00:00-04:00,11.487040519714355,10.918041229248047,-0.9399103387165015,1.2250606898110945,0.451,False,True,0.0,False,False,-1.0,-1.0,0.013732704616341383,-0.013732704616341383,1.4647930782781724
2005-09-15 00:00:00-04:00,11.455537796020508,10.816574096679688,-0.941149092487773,1.2755289011036677,0.527,False,False,0.0,False,False,-1.0,-1.0,0.002332652463721344,-0.002332652463721344,1.462460425814451
2005-09-16 00:00:00-04:00,11.446945190429688,10.761618614196777,-0.9426200881613073,1.3028273035571551,0.551,False,False,0.0,False,False,-1.0,-1.0,0.0012643380437429752,-0.0012643380437429752,1.461196087770708
2005-09-19 00:00:00-04:00,11.383943557739258,10.666492462158203,-0.9442742853912809,1.3118490104033356,0.532,False,False,0.0,False,False,-1.0,-1.0,0.0004204740316921063,-0.0004204740316921063,1.460775613739016
2005-09-20 00:00:00-04:00,11.312347412109375,10.317707061767578,-0.9464993472773695,1.5466444127472556,1.126,False,False,0.0,False,False,-1.0,-1.0,0.011139332042594189,-0.011139332042594189,1.4496362816964217
2005-09-21 00:00:00-04:00,11.312347412109375,10.119004249572754,-0.9494299245354346,1.7050619710637722,1.473,False,False,0.0,False,False,-1.0,-1.0,0.007572673929247519,-0.007572673929247519,1.4420636077671742
2005-09-22 00:00:00-04:00,11.166289329528809,10.025996208190918,-0.9526983463695615,1.6145393212778263,1.15,False,False,0.0,False,False,-1.0,-1.0,-0.004369267202851378,0.004369267202851378,1.4464328749700255
2005-09-23 00:00:00-04:00,11.163426399230957,10.357869148254395,-0.9555754496355274,1.265700930621806,0.158,False,False,0.0,False,False,-1.0,-1.0,-0.016563120234116366,0.016563120234116366,1.462995995204142
2005-09-26 00:00:00-04:00,11.183470726013184,10.315591812133789,-0.9582276775783242,1.2987851410262472,0.212,False,True,0.0,False,False,-1.0,-1.0,0.0015703419851298115,-0.0015703419851298115,1.4614256532190122
2005-09-27 00:00:00-04:00,11.2178373336792,10.290224075317383,-0.9607768603345567,1.3312281544566975,0.259,False,False,0.0,False,False,-1.0,-1.0,0.0015372596201761104,-0.0015372596201761104,1.459888393598836
2005-09-28 00:00:00-04:00,11.240747451782227,10.216241836547852,-0.9633763894765539,1.39866127726944,0.416,False,False,0.0,False,False,-1.0,-1.0,0.0031984847961157507,-0.0031984847961157507,1.4566899088027203
2005-09-29 00:00:00-04:00,11.498499870300293,9.736397743225098,-0.9672750793698734,2.08072497044558,2.551,False,False,0.0,True,False,-1.0,-1.0,0.03260923375080931,-0.03260923375080931,1.424080675051911
2005-09-30 00:00:00-04:00,11.43262767791748,9.64972972869873,-0.9720619816701739,2.052492275257004,2.336,False,False,0.0,False,False,-1.0,-1.0,-0.0013565087479865776,0.0013565087479865776,1.4254371837998976
2005-10-03 00:00:00-04:00,11.570094108581543,9.72371768951416,-0.9775323363022602,2.0648456380071494,2.254,False,False,0.0,False,False,-1.0,-1.0,0.0005861524055302111,-0.0005861524055302111,1.4248510313943674
2005-10-04 00:00:00-04:00,11.446945190429688,9.607452392578125,-0.983376437114341,1.9992028868705596,1.858,False,False,0.0,False,False,-1.0,-1.0,-0.0031416000433351554,0.0031416000433351554,1.4279926314377025
2005-10-05 00:00:00-04:00,11.054595947265625,9.493305206298828,-0.9888738785786175,1.66691440738232,0.729,False,False,0.0,False,False,-1.0,-1.0,-0.016254963748395117,0.016254963748395117,1.4442475951860976
2005-10-06 00:00:00-04:00,10.914266586303711,9.288262367248535,-0.9941342565899576,1.680486782826609,0.73,False,False,0.0,False,False,-1.0,-1.0,0.0006736323304860407,-0.0006736323304860407,1.4435739628556115
2005-10-07 00:00:00-04:00,10.894218444824219,9.210051536560059,-0.9992449792675594,1.69112068812111,0.732,False,False,0.0,False,False,-1.0,-1.0,0.0005291206640662245,-0.0005291206640662245,1.4430448421915454
2005-10-10 00:00:00-04:00,10.877034187316895,9.095900535583496,-1.004339143254928,1.7416652362769245,0.856,False,False,0.0,False,False,-1.0,-1.0,0.002525661101586445,-0.002525661101586445,1.440519181089959
2005-10-11 00:00:00-04:00,10.988724708557129,8.964842796325684,-1.0097772201438195,1.936230670657034,1.404,False,False,0.0,False,False,-1.0,-1.0,0.009708263596219851,-0.009708263596219851,1.4308109174937391
2005-10-12 00:00:00-04:00,10.825489044189453,8.785165786743164,-1.0154048738939527,1.904988886364043,1.231,False,False,0.0,False,False,-1.0,-1.0,-0.001582183803169668,0.001582183803169668,1.4323931012969087
2005-10-13 00:00:00-04:00,10.710930824279785,8.690040588378906,-1.0210528573055293,1.8379400514144795,0.981,False,False,0.0,False,False,-1.0,-1.0,-0.0034236674517394788,0.0034236674517394788,1.4358167687486483
2005-10-14 00:00:00-04:00,10.733843803405762,8.992323875427246,-1.026150085196818,1.5063698925187126,-0.021,False,False,0.0,False,False,-1.0,-1.0,-0.01661063481086493,0.01661063481086493,1.452427403559513
2005-10-17 00:00:00-04:00,10.825489044189453,9.102240562438965,-1.0307306777836012,1.4435304599173513,-0.208,False,False,0.0,False,True,0.0,0.0,-0.0031097164647777634,0.0031097164647777634,1.455537120024291
2005-10-18 00:00:00-04:00,10.673697471618652,8.909883499145508,-1.0349256783435723,1.4526302473032864,-0.201,False,False,0.0,False,False,0.0,0.0,0.0004573960800750185,0.0,1.455537120024291
2005-10-19 00:00:00-04:00,10.728110313415527,9.252327919006348,-1.038244678167827,1.1219300908435823,-1.186,False,False,0.0,False,False,0.0,0.0,-0.016263176523146135,-0.0,1.455537120024291
2005-10-20 00:00:00-04:00,10.647923469543457,9.971036911010742,-1.0393438470152307,0.2845876077226901,-3.031,True,False,1.0,False,False,0.0,1.0,-0.03985208453788215,-0.0,1.455537120024291
2005-10-21 00:00:00-04:00,10.785388946533203,10.036568641662598,-1.0388721718876537,0.35867708346966154,-2.489,False,False,1.0,False,False,0.0,1.0,0.0034927929304131916,0.0034927929304131916,1.4590299129547042
2005-10-24 00:00:00-04:00,10.908539772033691,10.252179145812988,-1.037038842351417,0.2766317790804518,-2.359,False,False,1.0,False,False,0.0,1.0,-0.003808895027826249,-0.003808895027826249,1.4552210179268779
2005-10-25 00:00:00-04:00,10.925725936889648,10.106324195861816,-1.0345635263865767,0.4700915380128645,-1.831,False,False,1.0,False,False,0.0,1.0,0.009048056620083057,0.009048056620083057,1.4642690745469609
2005-10-26 00:00:00-04:00,10.748162269592285,9.979487419128418,-1.03158554996283,0.45346725198355387,-1.753,False,False,1.0,False,False,0.0,1.0,-0.0007900203761502536,-0.0007900203761502536,1.4634790541708107
2005-10-27 00:00:00-04:00,10.553414344787598,9.882256507873535,-1.0281243215735463,0.3932260770143561,-1.749,False,False,1.0,False,False,0.0,1.0,-0.002908290561327425,-0.002908290561327425,1.4605707636094833
2005-10-28 00:00:00-04:00,10.811165809631348,10.157052993774414,-1.0243164029410192,0.407129822567029,-1.626,False,False,1.0,False,False,0.0,1.0,0.0006553671129745503,0.0006553671129745503,1.4612261307224577
2005-10-31 00:00:00-05:00,10.834080696105957,10.252179145812988,-1.0201864002433922,0.3749469586886285,-1.599,False,False,1.0,False,False,0.0,1.0,-0.001511414069438617,-0.001511414069438617,1.459714716653019
2005-11-01 00:00:00-05:00,10.650787353515625,10.520637512207031,-1.015005351059128,-0.02771601792790257,-2.072,False,False,1.0,False,False,0.0,1.0,-0.01887840443495583,-0.01887840443495583,1.4408363122180634
2005-11-02 00:00:00-05:00,10.836936950683594,10.966666221618652,-1.00861670195949,-0.2242257652559534,-2.143,False,False,1.0,False,False,0.0,1.0,-0.008973826510962912,-0.008973826510962912,1.4318624857071005
2005-11-03 00:00:00-05:00,10.768209457397461,10.85462760925293,-1.0016058690967184,-0.10384926288955576,-1.805,False,False,1.0,False,False,0.0,1.0,0.005562616016493285,0.005562616016493285,1.4374251017235937
2005-11-04 00:00:00-05:00,10.87130069732666,11.00893783569336,-0.994197161460243,-0.07375404961194754,-1.634,False,False,1.0,False,False,0.0,1.0,0.001379479416463173,0.001379479416463173,1.438804581140057
2005-11-07 00:00:00-05:00,10.725250244140625,10.953977584838867,-0.9865094021588644,-0.08095163434036756,-1.528,False,False,1.0,False,False,0.0,1.0,-0.0003342823645813474,-0.0003342823645813474,1.4384702987754756
2005-11-08 00:00:00-05:00,10.630184173583984,10.810233116149902,-0.9789104978037987,0.047933492478573925,-1.276,False,False,1.0,False,False,0.0,1.0,0.006075923282821495,0.006075923282821495,1.444546222058297
2005-11-09 00:00:00-05:00,10.811674118041992,10.717227935791016,-0.9720866816214428,0.3935995777582786,-0.788,False,False,1.0,False,False,0.0,1.0,0.016282156272450464,0.016282156272450464,1.4608283783307474
2005-11-10 00:00:00-05:00,10.756938934326172,10.992025375366211,-0.9653086538949219,0.14624171565259125,-1.045,False,False,1.0,False,False,0.0,1.0,-0.011576285759197625,-0.011576285759197625,1.44925209257155
2005-11-11 00:00:00-05:00,10.693556785583496,10.742589950561523,-0.9590881152291818,0.39046643721949437,-0.701,False,False,1.0,False,False,0.0,1.0,0.011631605751569697,0.011631605751569697,1.4608836983231195
2005-11-14 00:00:00-05:00,10.638827323913574,10.791210174560547,-0.9531950229681997,0.3526994937186636,-0.71,False,False,1.0,False,False,0.0,1.0,-0.0018048757200521627,-0.0018048757200521627,1.4590788226030673
2005-11-15 00:00:00-05:00,10.610016822814941,10.573484420776367,-0.9480220271148001,0.5861206885637724,-0.391,False,False,1.0,False,False,0.0,1.0,0.011312502642169644,0.011312502642169644,1.470391325245237
2005-11-16 00:00:00-05:00,10.529356956481934,10.653809547424316,-0.9431559998960278,0.4811525600791047,-0.478,False,False,1.0,False,False,0.0,1.0,-0.005101096611234367,-0.005101096611234367,1.4652902286340026
2005-11-17 00:00:00-05:00,10.895215034484863,10.795440673828125,-0.9390464822547829,0.7577944453363585,-0.076,False,False,1.0,False,False,0.0,1.0,0.013152982355972762,0.013152982355972762,1.4784432109899754
2005-11-18 00:00:00-05:00,11.036375999450684,10.58828067779541,-0.9362164556550384,1.1234533918043361,0.468,False,True,0.0,False,False,0.0,0.0,0.017454472024380933,0.017454472024380933,1.4958976830143564
2005-11-21 00:00:00-05:00,11.036375999450684,10.964547157287598,-0.9336665425017407,0.7991451650086816,0.069,False,False,0.0,False,False,0.0,0.0,-0.015244628206580048,-0.0,1.4958976830143564
2005-11-22 00:00:00-05:00,10.99892520904541,10.998367309570312,-0.9312415596392446,0.7567884821958692,0.047,False,False,0.0,False,False,0.0,0.0,-0.0019940944073626767,-0.0,1.4958976830143564
2005-11-23 00:00:00-05:00,11.06230354309082,10.782751083374023,-0.9294719268015624,1.0400391174055326,0.516,False,True,0.0,False,False,0.0,0.0,0.013434026043555928,0.0,1.4958976830143564
2005-11-25 00:00:00-05:00,11.053656578063965,10.899020195007324,-0.9279787285076427,0.9395976755219486,0.409,False,False,0.0,False,False,0.0,0.0,-0.004745029853392028,-0.0,1.4958976830143564
2005-11-28 00:00:00-05:00,11.001808166503906,10.727794647216797,-0.9269210145794393,1.0579898679058353,0.656,False,False,0.0,False,False,0.0,0.0,0.0056523586239419854,0.0,1.4958976830143564
2005-11-29 00:00:00-05:00,11.07958698272705,11.019510269165039,-0.9258229994546356,0.8774709328075154,0.438,False,False,0.0,False,False,0.0,0.0,-0.008482353823911552,-0.0,1.4958976830143564
2005-11-30 00:00:00-05:00,10.932666778564453,11.38520336151123,-0.923785082277962,0.4151857544994719,-0.34,False,False,0.0,False,True,0.0,0.0,-0.021551608061711115,-0.0,1.4958976830143564
2005-12-01 00:00:00-05:00,11.00468635559082,11.473980903625488,-0.9211016634318304,0.43598345907632563,-0.242,False,False,0.0,False,False,0.0,0.0,0.0009640443758657016,0.0,1.4958976830143564
2005-12-02 00:00:00-05:00,11.073826789855957,11.657889366149902,-0.9178234034881504,0.37394309432793804,-0.327,False,False,0.0,False,False,0.0,0.0,-0.0028493244084435393,-0.0,1.4958976830143564
2005-12-05 00:00:00-05:00,11.102632522583008,11.736102104187012,-0.914118166715442,0.37444838271833625,-0.273,False,False,0.0,False,False,0.0,0.0,2.3145647650799025e-05,0.0,1.4958976830143564
2005-12-06 00:00:00-05:00,11.137202262878418,11.987650871276855,-0.9098132082911496,0.23067916380782627,-0.598,False,False,0.0,False,False,0.0,0.0,-0.006522001909835015,-0.0,1.4958976830143564
2005-12-07 00:00:00-05:00,11.056541442871094,11.535285949707031,-0.9058608321504575,0.6071777133760019,0.509,False,True,0.0,False,False,0.0,0.0,0.017506752054870678,0.0,1.4958976830143564
2005-12-08 00:00:00-05:00,11.220746994018555,11.613497734069824,-0.9024207489817202,0.7404856705417533,0.851,False,False,0.0,False,False,0.0,0.0,0.00614293839324869,0.0,1.4958976830143564
2005-12-09 00:00:00-05:00,11.298531532287598,11.471869468688965,-0.8998178727226555,0.9759383508199129,1.432,False,False,0.0,False,False,0.0,0.0,0.010889936735269161,0.0,1.4958976830143564
2005-12-12 00:00:00-05:00,11.278365135192871,11.35349178314209,-0.8980238326560179,1.082658930067005,1.603,False,False,0.0,True,False,-1.0,-1.0,0.004969741301302214,0.0,1.4958976830143564
2005-12-13 00:00:00-05:00,11.382078170776367,11.632521629333496,-0.8965478660098806,0.9529657276836421,1.188,False,False,0.0,False,False,-1.0,-1.0,-0.005946177110611051,0.005946177110611051,1.5018438601249673
2005-12-14 00:00:00-05:00,11.445455551147461,11.59235668182373,-0.8955193893699326,1.0642753740822162,1.39,False,False,0.0,False,False,-1.0,-1.0,0.005099716135120966,-0.005099716135120966,1.4967441439898463
2005-12-15 00:00:00-05:00,11.399358749389648,11.569108009338379,-0.8947798263654031,1.0475542935912596,1.268,False,False,0.0,False,False,-1.0,-1.0,-0.0007687441969525694,0.0007687441969525694,1.497512888186799
2005-12-16 00:00:00-05:00,11.408001899719238,11.471869468688965,-0.8944407931989503,1.1470938726702595,1.417,False,False,0.0,False,False,-1.0,-1.0,0.00459365881419055,-0.00459365881419055,1.4929192293726086
2005-12-19 00:00:00-05:00,11.249556541442871,11.235121726989746,-0.8944893109570043,1.1998602493497437,1.442,False,False,0.0,False,False,-1.0,-1.0,0.002477381581968109,-0.002477381581968109,1.4904418477906405
2005-12-20 00:00:00-05:00,11.321576118469238,11.52683162689209,-0.8944512735854375,1.0113868893907085,0.946,False,False,0.0,False,False,-1.0,-1.0,-0.008712805308809479,0.008712805308809479,1.49915465309945
2005-12-21 00:00:00-05:00,11.261079788208008,11.562768936157227,-0.8941786657609015,0.9218984883733405,0.692,False,False,0.0,False,False,-1.0,-1.0,-0.004142931451273354,0.004142931451273354,1.5032975845507233
2005-12-22 00:00:00-05:00,11.263959884643555,11.438051223754883,-0.8939636396085093,1.0387579826270752,0.946,False,False,0.0,False,False,-1.0,-1.0,0.005438066659551061,-0.005438066659551061,1.4978595178911722
2005-12-23 00:00:00-05:00,11.212108612060547,11.41479778289795,-0.8937351910439562,1.010302134834122,0.831,False,False,0.0,False,False,-1.0,-1.0,-0.0013288484461764435,0.0013288484461764435,1.4991883663373486
2005-12-27 00:00:00-05:00,11.183292388916016,11.239348411560059,-0.8937424398824891,1.1382097168789507,1.161,False,False,0.0,False,False,-1.0,-1.0,0.006025311955228201,-0.006025311955228201,1.4931630543821204
2005-12-28 00:00:00-05:00,11.304295539855957,11.389433860778809,-0.893889608284813,1.123398967458602,1.081,False,False,0.0,False,False,-1.0,-1.0,-0.0006893468460960083,0.0006893468460960083,1.4938524012282164
2005-12-29 00:00:00-05:00,11.32446002960205,11.304876327514648,-0.8943104532756783,1.2143909569169402,1.29,False,False,0.0,False,False,-1.0,-1.0,0.004245112594921852,-0.004245112594921852,1.4896072886332945
2005-12-30 00:00:00-05:00,11.252436637878418,11.190729141235352,-0.8949692706962615,1.2370779397876142,1.318,False,False,0.0,False,False,-1.0,-1.0,0.0010667294146988766,-0.0010667294146988766,1.4885405592185956
2006-01-03 00:00:00-05:00,11.494427680969238,11.315446853637695,-0.8960254311042469,1.3554995358013286,1.605,False,False,0.0,True,False,-1.0,-1.0,0.005474028022533564,-0.005474028022533564,1.483066531196062
2006-01-04 00:00:00-05:00,11.531875610351562,11.13154411315918,-0.8977117386065435,1.5389577911520007,2.045,False,False,0.0,False,False,-1.0,-1.0,0.008523113401813394,-0.008523113401813394,1.4745434177942487
2006-01-05 00:00:00-05:00,11.485780715942383,11.12731647491455,-0.8997262580328798,1.4742419020198998,1.7,False,False,0.0,False,False,-1.0,-1.0,-0.00301041667274821,0.00301041667274821,1.477553834466997
2006-01-06 00:00:00-05:00,11.572199821472168,11.137884140014648,-0.9020732317279301,1.5250126806778965,1.731,False,False,0.0,False,False,-1.0,-1.0,0.0023483912261994242,-0.0023483912261994242,1.4752054432407975
2006-01-09 00:00:00-05:00,11.62406063079834,11.448615074157715,-0.9041890747895553,1.2723479592739189,0.906,False,False,0.0,False,False,-1.0,-1.0,-0.011497421179589249,0.011497421179589249,1.4867028644203868
2006-01-10 00:00:00-05:00,11.60965633392334,11.62195110321045,-0.9057773282166084,1.0827565149933154,0.335,False,False,0.0,False,False,-1.0,-1.0,-0.008564631416534295,0.008564631416534295,1.495267495836921
2006-01-11 00:00:00-05:00,11.62406063079834,11.399998664855957,-0.9073556898183575,1.2802069783196082,0.885,False,False,0.0,False,False,-1.0,-1.0,0.008988129723202745,-0.008988129723202745,1.4862793661137184
2006-01-12 00:00:00-05:00,11.537635803222656,11.235121726989746,-0.9090080991467472,1.3248191584893885,0.962,False,False,0.0,False,False,-1.0,-1.0,0.002051092053212571,-0.002051092053212571,1.4842282740605057
2006-01-13 00:00:00-05:00,11.549158096313477,11.120967864990234,-0.910890882392653,1.4191698647121829,1.185,False,False,0.0,False,False,-1.0,-1.0,0.004352141214218633,-0.004352141214218633,1.479876132846287
2006-01-17 00:00:00-05:00,11.6154203414917,10.806007385253906,-0.913544050790101,1.7436565818990974,1.941,False,False,0.0,True,False,-1.0,-1.0,0.015101407223040458,-0.015101407223040458,1.4647747256232466
2006-01-18 00:00:00-05:00,11.612539291381836,10.622101783752441,-0.9169825877544463,1.8722569103254028,2.074,False,False,0.0,False,False,-1.0,-1.0,0.006022638618871606,-0.006022638618871606,1.458752087004375
2006-01-19 00:00:00-05:00,11.759456634521484,10.615760803222656,-0.9211887750572908,1.980336943899605,2.111,False,False,0.0,False,False,-1.0,-1.0,0.005017974816099312,-0.005017974816099312,1.4537341121882756
2006-01-20 00:00:00-05:00,11.638466835021973,10.404377937316895,-0.9259801963569514,2.004218909653341,2.007,False,False,0.0,False,False,-1.0,-1.0,0.001122657170123095,-0.001122657170123095,1.4526114550181526
2006-01-23 00:00:00-05:00,11.72201156616211,10.315591812133789,-0.9313965574239778,2.1141048645497253,2.086,False,False,0.0,False,False,-1.0,-1.0,0.005151728830691371,-0.005151728830691371,1.447459726187461
2006-01-24 00:00:00-05:00,11.794032096862793,10.554461479187012,-0.9369033095057477,1.9055222069615514,1.54,False,False,0.0,False,False,-1.0,-1.0,-0.009619843361331981,0.009619843361331981,1.4570795695487933
2006-01-25 00:00:00-05:00,11.854527473449707,10.691862106323242,-0.9422550069795177,1.7800668698320603,1.206,False,False,0.0,False,False,-1.0,-1.0,-0.0057209815924287154,0.0057209815924287154,1.4628005511412219
2006-01-26 00:00:00-05:00,11.912144660949707,10.831371307373047,-0.9472634494799382,1.651982513729486,0.881,False,False,0.0,False,False,-1.0,-1.0,-0.005776771772586991,0.005776771772586991,1.4685773229138088
2006-01-27 00:00:00-05:00,11.819955825805664,10.928607940673828,-0.951588026176868,1.4204233666790103,0.218,False,False,0.0,False,False,-1.0,-1.0,-0.010421443738085663,0.010421443738085663,1.4789987666518947
2006-01-30 00:00:00-05:00,11.831477165222168,10.968774795532227,-0.9552849928189617,1.3531712134393565,-0.022,False,False,0.0,False,False,-1.0,-1.0,-0.003014469163010049,0.003014469163010049,1.4820132358149047
2006-01-31 00:00:00-05:00,11.958232879638672,10.7975492477417,-0.9589888182773931,1.603503886254904,0.667,False,True,0.0,False,False,-1.0,-1.0,0.011219159259991075,-0.011219159259991075,1.4707940765549137
2006-02-01 00:00:00-05:00,12.148367881774902,10.710885047912598,-0.963127442191971,1.8324205619666163,1.265,False,False,0.0,False,False,-1.0,-1.0,0.01019023609923258,-0.01019023609923258,1.460603840455681
2006-02-02 00:00:00-05:00,12.044662475585938,13.0868501663208,-0.963045994963544,-0.5585761637772997,-4.042,True,False,1.0,False,True,0.0,1.0,-0.09700609859610947,0.09700609859610947,1.5576099390517903
2006-02-03 00:00:00-05:00,11.894859313964844,13.380677223205566,-0.9589729955132759,-0.9368488047688608,-3.636,False,False,1.0,False,False,0.0,1.0,-0.015298226978781183,-0.015298226978781183,1.5423117120730092
2006-02-06 00:00:00-05:00,12.007210731506348,13.387017250061035,-0.952360832457065,-0.7420601608788697,-2.813,False,False,1.0,False,False,0.0,1.0,0.007868187687139183,0.007868187687139183,1.5501798997601486
2006-02-07 00:00:00-05:00,11.938067436218262,13.107992172241211,-0.9445861534420967,-0.4435604691081778,-2.151,False,False,1.0,False,False,0.0,1.0,0.012273989767494031,0.012273989767494031,1.5624538895276425
2006-02-08 00:00:00-05:00,11.794032096862793,12.970590591430664,-0.936222236059744,-0.3493232296619002,-1.858,False,False,1.0,False,False,0.0,1.0,0.0039368222512956965,0.0039368222512956965,1.5663907117789382
2006-02-09 00:00:00-05:00,11.618301391601562,12.587984085083008,-0.9280803378310462,-0.06435913069410759,-1.42,False,False,1.0,False,False,0.0,1.0,0.01222971395004227,0.01222971395004227,1.5786204257289804
2006-02-10 00:00:00-05:00,11.540071487426758,12.60067081451416,-0.9201187476067633,-0.054041961429105,-1.336,False,False,1.0,False,False,0.0,1.0,0.0004459707265857291,0.0004459707265857291,1.5790663964555662
2006-02-13 00:00:00-05:00,11.589324951171875,12.581642150878906,-0.9126116118935538,0.10717222759039657,-1.095,False,False,1.0,False,False,0.0,1.0,0.006987597036141078,0.006987597036141078,1.5860539934917073
2006-02-14 00:00:00-05:00,11.615401268005371,12.864899635314941,-0.9051346997042943,-0.029065800131302666,-1.189,False,False,1.0,False,False,0.0,1.0,-0.0058572140543894455,-0.0058572140543894455,1.5801967794373177
2006-02-15 00:00:00-05:00,11.626991271972656,12.924088478088379,-0.8977939269809713,0.023823124580166777,-1.074,False,False,1.0,False,False,0.0,1.0,0.00227673533171624,0.00227673533171624,1.5824735147690339
2006-02-16 00:00:00-05:00,11.676246643066406,12.915632247924805,-0.8908523198274312,0.17032569296461375,-0.872,False,False,1.0,False,False,0.0,1.0,0.006319623382742751,0.006319623382742751,1.5887931381517766
2006-02-17 00:00:00-05:00,11.792143821716309,12.953680992126465,-0.8845200210789085,0.33435363751115155,-0.662,False,False,1.0,False,False,0.0,1.0,0.007054985382098802,0.007054985382098802,1.5958481235338755
2006-02-21 00:00:00-05:00,11.78345012664795,12.91140365600586,-0.8788266710311878,0.4365642333004125,-0.525,False,False,1.0,False,False,0.0,1.0,0.004418898009129782,0.004418898009129782,1.6002670215430053
2006-02-22 00:00:00-05:00,11.88485336303711,13.120673179626465,-0.8735469358578066,0.42332951058270574,-0.509,False,False,1.0,False,False,0.0,1.0,-0.0005668854998592606,-0.0005668854998592606,1.599700136043146
2006-02-23 00:00:00-05:00,11.73129653930664,13.078397750854492,-0.8684719351028956,0.37307513657668245,-0.528,False,False,1.0,False,False,0.0,1.0,-0.0021765016546547535,-0.0021765016546547535,1.5975236343884913
2006-02-24 00:00:00-05:00,11.786349296569824,13.179863929748535,-0.8636015712731473,0.40419809767271175,-0.462,False,False,1.0,False,False,0.0,1.0,0.0013433308341262182,0.0013433308341262182,1.5988669652226175
2006-02-27 00:00:00-05:00,11.90803050994873,13.3172607421875,-0.8589992848612713,0.46851305609858507,-0.361,False,False,1.0,False,False,0.0,1.0,0.0027546772160226734,0.0027546772160226734,1.60162164243864
2006-02-28 00:00:00-05:00,11.84139633178711,13.35531234741211,-0.8545146895760322,0.42908574704730107,-0.378,False,False,1.0,False,False,0.0,1.0,-0.001695527908424018,-0.001695527908424018,1.599926114530216
2006-03-01 00:00:00-05:00,11.861674308776855,13.62165641784668,-0.8498277041114025,0.2856133090038604,-0.508,False,False,1.0,False,False,0.0,1.0,-0.0061214292317356865,-0.0061214292317356865,1.5938046852984804
2006-03-02 00:00:00-05:00,11.766063690185547,13.236939430236816,-0.8455885146370047,0.5730597390315975,-0.173,False,False,1.0,False,False,0.0,1.0,0.012519952226203147,0.012519952226203147,1.6063246375246836
2006-03-03 00:00:00-05:00,11.667552947998047,13.203115463256836,-0.8416279435091144,0.555442032743807,-0.168,False,False,1.0,False,False,0.0,1.0,-0.000773396235938802,-0.000773396235938802,1.6055512412887447
2006-03-06 00:00:00-05:00,11.513993263244629,13.188321113586426,-0.8376911466179342,0.46625342763890565,-0.238,False,False,1.0,False,True,0.0,1.0,-0.003953091932881965,-0.003953091932881965,1.6015981493558629
2006-03-07 00:00:00-05:00,11.46184253692627,13.053030014038086,-0.8339879348860575,0.5757729915129204,-0.08,False,False,1.0,False,False,0.0,1.0,0.0049006620157845664,0.0049006620157845664,1.6064988113716474
2006-03-08 00:00:00-05:00,11.496612548828125,13.004413604736328,-0.8306730374061876,0.694196800095451,0.097,False,False,1.0,False,False,0.0,1.0,0.005310716099476163,0.005310716099476163,1.6118095274711237
2006-03-09 00:00:00-05:00,11.383620262145996,13.118559837341309,-0.8273108308414624,0.5304936236717186,-0.047,False,False,1.0,False,False,0.0,1.0,-0.007361831168711377,-0.007361831168711377,1.6044476963024121
2006-03-10 00:00:00-05:00,11.537175178527832,13.228480339050293,-0.8241127650390357,0.6354156690485748,0.137,False,False,1.0,False,False,0.0,1.0,0.004675892453706094,0.004675892453706094,1.6091235887561184
2006-03-13 00:00:00-05:00,11.516895294189453,13.040346145629883,-0.8213615310759049,0.8060566182551163,0.434,False,True,0.0,False,False,0.0,0.0,0.007676938613531155,0.007676938613531155,1.6168005273696495
2006-03-14 00:00:00-05:00,11.522687911987305,13.09953498840332,-0.8188972491797828,0.7955147444495072,0.492,False,False,0.0,False,False,0.0,0.0,-0.0004737950393456622,-0.0,1.6168005273696495
2006-03-15 00:00:00-05:00,11.519791603088379,13.249621391296387,-0.816451482420074,0.7021185766597196,0.427,False,False,0.0,False,False,0.0,0.0,-0.00418114451836099,-0.0,1.6168005273696495
2006-03-16 00:00:00-05:00,11.603813171386719,13.429296493530273,-0.8139602887712106,0.6728991195186111,0.451,False,False,0.0,False,False,0.0,0.0,-0.0012966412618012628,-0.0,1.6168005273696495
2006-03-17 00:00:00-05:00,11.615401268005371,13.566697120666504,-0.8113147003046295,0.6085404594281467,0.401,False,False,0.0,False,False,0.0,0.0,-0.0028449259350189038,-0.0,1.6168005273696495
2006-03-20 00:00:00-05:00,11.551654815673828,13.83515739440918,-0.8081051310942146,0.37139313575570654,0.049,False,False,0.0,False,False,0.0,0.0,-0.010432350643133257,-0.0,1.6168005273696495
2006-03-21 00:00:00-05:00,11.48502254486084,13.794991493225098,-0.8045415671175657,0.3863784705280313,0.152,False,False,0.0,False,False,0.0,0.0,0.0006635474666274465,0.0,1.6168005273696495
2006-03-22 00:00:00-05:00,11.598016738891602,14.031744956970215,-0.8006846506421765,0.36301393011978256,0.223,False,True,0.0,False,False,0.0,0.0,-0.0010232786057698502,-0.0,1.6168005273696495
2006-03-23 00:00:00-05:00,11.528481483459473,14.167028427124023,-0.7964030456291643,0.24581689658295147,-0.104,False,False,0.0,False,False,0.0,0.0,-0.00513770913462503,-0.0,1.6168005273696495
2006-03-24 00:00:00-05:00,11.589324951171875,14.158578872680664,-0.7920860034008834,0.374512798074063,0.134,False,False,0.0,False,False,0.0,0.0,0.005643533052913255,0.0,1.6168005273696495
2006-03-27 00:00:00-05:00,11.589324951171875,14.097278594970703,-0.7879598340537064,0.4812356488698928,0.394,False,True,0.0,False,False,0.0,0.0,0.00470198277231054,0.0,1.6168005273696495
2006-03-28 00:00:00-05:00,11.598016738891602,13.970438957214355,-0.784280331755216,0.6412762387615327,0.923,False,False,0.0,False,False,0.0,0.0,0.0070956467496247734,0.0,1.6168005273696495
2006-03-29 00:00:00-05:00,11.705218315124512,14.042313575744629,-0.7810872041993266,0.7369468637558896,1.301,False,False,0.0,False,False,0.0,0.0,0.004219492719455072,0.0,1.6168005273696495
2006-03-30 00:00:00-05:00,11.670449256896973,13.843607902526855,-0.77853064797989,0.892776226163214,1.863,False,False,0.0,True,False,-1.0,-1.0,0.006941754878678151,0.0,1.6168005273696495
2006-03-31 00:00:00-05:00,11.586432456970215,14.023283004760742,-0.7760446590248022,0.7037385791323612,1.026,False,False,0.0,False,False,-1.0,-1.0,-0.008413217506281273,0.008413217506281273,1.6252137448759307
2006-04-03 00:00:00-04:00,11.6472749710083,13.532872200012207,-0.7744927595670508,1.1661634359526207,2.734,False,False,0.0,True,False,-1.0,-1.0,0.020897359899852544,-0.020897359899852544,1.6043163849760784
2006-04-04 00:00:00-04:00,11.702322959899902,13.534990310668945,-0.7736919637870197,1.230409726600163,2.719,False,False,0.0,False,False,-1.0,-1.0,0.0028973395109431204,-0.0028973395109431204,1.6014190454651351
2006-04-05 00:00:00-04:00,11.771858215332031,13.539217948913574,-0.773529432265001,1.298874641996802,2.688,False,False,0.0,False,False,-1.0,-1.0,0.0030777883721123515,-0.0030777883721123515,1.5983412570930229
2006-04-06 00:00:00-04:00,11.574843406677246,13.539217948913574,-0.7734358084823865,1.1031274261400377,1.821,False,False,0.0,False,False,-1.0,-1.0,-0.00887881017707846,0.00887881017707846,1.6072200672701014
2006-04-07 00:00:00-04:00,11.386514663696289,13.300352096557617,-0.7733839459556244,1.1002358766613973,1.677,False,False,0.0,False,False,-1.0,-1.0,-0.00013341840244146237,0.00013341840244146237,1.6073534856725427
2006-04-10 00:00:00-04:00,11.470532417297363,13.107992172241211,-0.7737830310686274,1.3277905030367165,2.224,False,False,0.0,False,False,-1.0,-1.0,0.010528466112284605,-0.010528466112284605,1.596825019560258
2006-04-11 00:00:00-04:00,11.299593925476074,12.926200866699219,-0.7744171950670217,1.2893217074139613,1.912,False,False,0.0,False,False,-1.0,-1.0,-0.0018052105707111687,0.0018052105707111687,1.5986302301309692
2006-04-12 00:00:00-04:00,11.316981315612793,13.1270170211792,-0.7749459149067256,1.1442531001389185,1.361,False,False,0.0,False,False,-1.0,-1.0,-0.006750608102226276,0.006750608102226276,1.6053808382331956
2006-04-13 00:00:00-04:00,11.183698654174805,13.1270170211792,-0.7751505963607046,1.0082835817706286,0.884,False,False,0.0,False,False,-1.0,-1.0,-0.006365878290122651,0.006365878290122651,1.6117467165233181
2006-04-17 00:00:00-04:00,11.125752449035645,13.042463302612305,-0.7751466221969125,1.0159310748885275,0.856,False,False,0.0,False,False,-1.0,-1.0,0.00036012651137075423,-0.00036012651137075423,1.6113865900119473
2006-04-18 00:00:00-04:00,11.247437477111816,13.628000259399414,-0.7743979249791307,0.6939423546178549,-0.175,False,False,0.0,False,False,-1.0,-1.0,-0.014769492947127181,0.014769492947127181,1.6261560829590747
2006-04-19 00:00:00-04:00,11.22136116027832,13.799220085144043,-0.7728724169560637,0.5563245809643842,-0.654,False,False,0.0,False,True,0.0,0.0,-0.006287822020364807,0.006287822020364807,1.6324439049794393
2006-04-20 00:00:00-04:00,11.299593925476074,13.759060859680176,-0.7710638983114825,0.6904788219061402,-0.23,False,False,0.0,False,False,0.0,0.0,0.00612332934651228,0.0,1.6324439049794393
2006-04-21 00:00:00-04:00,11.247437477111816,13.61108684539795,-0.7692287897036488,0.7773976164750955,0.033,False,False,0.0,False,False,0.0,0.0,0.004002250962080031,0.0,1.6324439049794393
2006-04-24 00:00:00-04:00,11.380721092224121,13.370111465454102,-0.7680083817562339,1.1123634217402483,1.071,False,True,0.0,False,False,0.0,0.0,0.015472520052084344,0.0,1.6324439049794393
2006-04-25 00:00:00-04:00,11.23585319519043,13.482148170471191,-0.766804161081863,0.8976858777508934,0.337,False,False,0.0,False,False,0.0,0.0,-0.00995074348166478,-0.0,1.6324439049794393
2006-04-26 00:00:00-04:00,11.154725074768066,13.682955741882324,-0.7652082198158621,0.6844148697030654,-0.367,False,False,0.0,False,True,0.0,0.0,-0.009862227057114622,-0.0,1.6324439049794393
2006-04-27 00:00:00-04:00,11.372021675109863,13.367995262145996,-0.7642327916521932,1.1557613371267372,1.121,False,True,0.0,False,False,0.0,0.0,0.021833440342210037,0.0,1.6324439049794393
2006-04-28 00:00:00-04:00,11.314078330993652,13.69564437866211,-0.7631287857298087,0.8625378665179575,0.138,False,False,0.0,False,False,0.0,0.0,-0.01347186465793548,-0.0,1.6324439049794393
2006-05-01 00:00:00-04:00,11.348851203918457,13.3172607421875,-0.7625614987433571,1.1936208931998848,1.166,False,True,0.0,False,False,0.0,0.0,0.015396287744564745,0.0,1.6324439049794393
2006-05-02 00:00:00-04:00,11.418383598327637,13.740031242370605,-0.7619019151850062,0.9498274800636537,0.365,False,False,0.0,False,False,0.0,0.0,-0.011138762033114253,-0.0,1.6324439049794393
2006-05-03 00:00:00-04:00,11.401000022888184,13.562470436096191,-0.7614143720967108,1.074340111707798,0.726,False,False,0.0,False,False,0.0,0.0,0.005730604769311157,0.0,1.6324439049794393
2006-05-04 00:00:00-04:00,11.476326942443848,13.463116645812988,-0.7613300719209375,1.2264513782070754,1.143,False,False,0.0,False,False,0.0,0.0,0.00700128181409082,0.0,1.6324439049794393
2006-05-05 00:00:00-04:00,11.844292640686035,13.725236892700195,-0.7618255624209406,1.3880563255440652,1.536,False,False,0.0,True,False,-1.0,-1.0,0.007246686733623692,0.0,1.6324439049794393
2006-05-08 00:00:00-04:00,11.792143821716309,13.592063903808594,-0.7627861386165263,1.4243058807010822,1.554,False,False,0.0,False,False,-1.0,-1.0,0.0016358115970104808,-0.0016358115970104808,1.630808093382429
2006-05-09 00:00:00-04:00,11.690731048583984,13.58572006225586,-0.7638567332223237,1.313187303356239,1.155,False,False,0.0,False,False,-1.0,-1.0,-0.00503521813023656,0.00503521813023656,1.6358433115126654
2006-05-10 00:00:00-04:00,11.818944931030273,13.623770713806152,-0.7651557106348434,1.3946389689817593,1.349,False,False,0.0,False,False,-1.0,-1.0,0.0036618597711751267,-0.0036618597711751267,1.6321814517414903
2006-05-11 00:00:00-04:00,11.702391624450684,13.334172248840332,-0.766762367871016,1.47825013732988,1.584,False,False,0.0,True,False,-1.0,-1.0,0.003813241606535407,-0.003813241606535407,1.6283682101349548
2006-05-12 00:00:00-04:00,11.612052917480469,12.98538875579834,-0.7688517202290847,1.6282144347415013,1.992,False,False,0.0,False,False,-1.0,-1.0,0.00694411240695985,-0.00694411240695985,1.6214240977279952
2006-05-15 00:00:00-04:00,11.804381370544434,13.055145263671875,-0.7714688157450277,1.732743914600185,2.186,False,False,0.0,False,False,-1.0,-1.0,0.004778267960352719,-0.004778267960352719,1.6166458297676423
2006-05-16 00:00:00-04:00,11.632451057434082,12.831077575683594,-0.7743748214326546,1.696387650975561,1.911,False,False,0.0,False,False,-1.0,-1.0,-0.0016856174163263407,0.0016856174163263407,1.6183314471839687
2006-05-17 00:00:00-04:00,11.472188949584961,12.554161071777344,-0.777500316870557,1.7113247382340653,1.813,False,False,0.0,False,False,-1.0,-1.0,0.0007034827796684996,-0.0007034827796684996,1.6176279644043001
2006-05-18 00:00:00-04:00,11.384766578674316,12.598554611206055,-0.7804906131072349,1.5517129659091218,1.223,False,False,0.0,False,False,-1.0,-1.0,-0.007522533930669281,0.007522533930669281,1.6251504983349694
2006-05-19 00:00:00-04:00,11.466357231140137,12.78246021270752,-0.7832199864867712,1.454878916075664,0.867,False,False,0.0,False,False,-1.0,-1.0,-0.004508557187950413,0.004508557187950413,1.6296590555229198
2006-05-22 00:00:00-04:00,11.486760139465332,12.427334785461426,-0.7862386522326665,1.7159091869000065,1.59,False,False,0.0,True,False,-1.0,-1.0,0.012279379357081236,-0.012279379357081236,1.6173796761658386
2006-05-23 00:00:00-04:00,11.26821231842041,12.270907402038574,-0.7892135988650792,1.583845326317407,1.126,False,False,0.0,False,False,-1.0,-1.0,-0.006302988220465559,0.006302988220465559,1.6236826643863043
2006-05-24 00:00:00-04:00,11.390597343444824,12.046839714050293,-0.7926273420358222,1.8419428009655565,1.77,False,False,0.0,True,False,-1.0,-1.0,0.012326012221174399,-0.012326012221174399,1.61135665216513
2006-05-25 00:00:00-04:00,11.48093318939209,12.228629112243652,-0.796182010480805,1.7447186773818384,1.393,False,False,0.0,False,False,-1.0,-1.0,-0.004582337124291788,0.004582337124291788,1.6159389892894218
2006-05-26 00:00:00-04:00,11.550865173339844,12.190577507019043,-0.7999366870655767,1.7991749889588924,1.443,False,False,0.0,False,False,-1.0,-1.0,0.0025563276641042557,-0.0025563276641042557,1.6133826616253173
2006-05-30 00:00:00-04:00,11.41099739074707,11.860815048217773,-0.8039579133961328,1.8754012734044565,1.546,False,False,0.0,True,False,-1.0,-1.0,0.0036390778489173016,-0.0036390778489173016,1.6097435837764
2006-05-31 00:00:00-04:00,11.617877960205078,11.755128860473633,-0.8085995109355697,2.1126865126414973,1.972,False,False,0.0,False,False,-1.0,-1.0,0.011233463975163185,-0.011233463975163185,1.598510119801237
2006-06-01 00:00:00-04:00,11.766495704650879,12.401966094970703,-0.8129376314010622,1.6844707626891147,0.874,False,False,0.0,False,False,-1.0,-1.0,-0.019599301796150326,0.019599301796150326,1.6181094215973872
2006-06-02 00:00:00-04:00,11.906368255615234,12.522453308105469,-0.8170461528423745,1.6749459560793962,0.803,False,False,0.0,False,False,-1.0,-1.0,-0.0004302510038655229,0.0004302510038655229,1.6185396726012526
2006-06-05 00:00:00-04:00,11.684900283813477,11.924232482910156,-0.8213568459087716,1.89085030176747,1.246,False,False,0.0,False,False,-1.0,-1.0,0.010051903981138735,-0.010051903981138735,1.608487768620114
2006-06-06 00:00:00-04:00,11.684900283813477,11.552200317382812,-0.8262510695287999,2.139882416164987,1.728,False,False,0.0,True,False,-1.0,-1.0,0.011730243735318769,-0.011730243735318769,1.5967575248847954
2006-06-07 00:00:00-04:00,11.711129188537598,11.116745948791504,-0.8321163697562194,2.460702906127052,2.307,False,False,0.0,False,False,-1.0,-1.0,0.015305185266747456,-0.015305185266747456,1.5814523396180478
2006-06-08 00:00:00-04:00,11.749014854431152,11.076581001281738,-0.8386686989213364,2.459433077589402,2.133,False,False,0.0,False,False,-1.0,-1.0,-6.035709319899432e-05,6.035709319899432e-05,1.5815126967112467
2006-06-09 00:00:00-04:00,11.772320747375488,10.825031280517578,-0.8459743865441886,2.6146215505179775,2.268,False,False,0.0,False,False,-1.0,-1.0,0.007414635692754584,-0.007414635692754584,1.5740980610184923
2006-06-12 00:00:00-04:00,11.728615760803223,10.186647415161133,-0.854488862533322,3.024238997994182,2.711,False,False,0.0,False,False,-1.0,-1.0,0.020046865235371303,-0.020046865235371303,1.554051195783121
2006-06-13 00:00:00-04:00,11.55960464477539,9.871685981750488,-0.8638505481335109,3.0319432984383354,2.43,False,False,0.0,False,False,-1.0,-1.0,0.00038354151568273327,-0.00038354151568273327,1.5536676542674381
2006-06-14 00:00:00-04:00,11.43721866607666,9.981607437133789,-0.8733111553077433,2.720169543324989,1.763,False,False,0.0,False,False,-1.0,-1.0,-0.015469366507383871,0.015469366507383871,1.5691370207748219
2006-06-15 00:00:00-04:00,11.614967346191406,10.736249923706055,-0.8819592336830585,2.146032590849819,0.671,False,False,0.0,False,False,-1.0,-1.0,-0.027231057595995242,0.027231057595995242,1.5963680783708172
2006-06-16 00:00:00-04:00,11.623710632324219,10.28177261352539,-0.8905310103844173,2.4674732782586215,1.205,False,False,0.0,False,False,-1.0,-1.0,0.015468791722642225,-0.015468791722642225,1.580899286648175
2006-06-19 00:00:00-04:00,11.445964813232422,10.347301483154297,-0.8985023544159588,2.148890068766544,0.56,False,False,0.0,False,False,-1.0,-1.0,-0.015358559607713929,0.015358559607713929,1.596257846255889
2006-06-20 00:00:00-04:00,11.408082008361816,10.48892879486084,-0.9056355008961944,1.908935725363504,0.047,False,False,0.0,False,False,-1.0,-1.0,-0.011477099692942125,0.011477099692942125,1.607734945948831
2006-06-21 00:00:00-04:00,11.343974113464355,10.90536117553711,-0.9112912231250648,1.4060141891885483,-1.018,False,False,0.0,False,True,0.0,0.0,-0.023631383091550957,0.023631383091550957,1.631366329040382
2006-06-22 00:00:00-04:00,11.320658683776855,11.167479515075684,-0.9153083266549049,1.098971695880003,-1.629,True,False,1.0,False,False,0.0,1.0,-0.014252974025585294,-0.0,1.631366329040382
2006-06-23 00:00:00-04:00,11.367287635803223,11.514147758483887,-0.9175725359885232,0.8022218773045928,-2.083,False,False,1.0,False,False,0.0,1.0,-0.013530231491368706,-0.013530231491368706,1.6178360975490134
2006-06-26 00:00:00-04:00,11.422652244567871,11.575448036193848,-0.918516856352436,0.7904081034921191,-1.965,False,False,1.0,False,False,0.0,1.0,-0.0005356531087656238,-0.0005356531087656238,1.6173004444402477
2006-06-27 00:00:00-04:00,11.361458778381348,11.42113971710205,-0.918643572761154,0.8695021836584029,-1.736,False,False,1.0,False,False,0.0,1.0,0.0036193006363493866,0.0036193006363493866,1.620919745076597
2006-06-28 00:00:00-04:00,11.478014945983887,11.213979721069336,-0.9187604644249742,1.1750537294019807,-1.166,False,False,1.0,False,False,0.0,1.0,0.014028367850138812,0.014028367850138812,1.634948112926736
2006-06-29 00:00:00-04:00,11.626626014709473,11.416909217834473,-0.9187976835466342,1.1367962721009448,-1.196,False,False,1.0,False,False,0.0,1.0,-0.0017298186346325903,-0.0017298186346325903,1.6332182942921034
2006-06-30 00:00:00-04:00,11.743182182312012,11.683255195617676,-0.9185370262499583,1.0116796980099778,-1.344,False,False,1.0,False,False,0.0,1.0,-0.005567000202535727,-0.005567000202535727,1.6276512940895675
2006-07-03 00:00:00-04:00,11.827686309814453,11.393656730651855,-0.918730949194568,1.3599812468655958,-0.732,False,False,1.0,False,False,0.0,1.0,0.015622132082467642,0.015622132082467642,1.6432734261720352
2006-07-05 00:00:00-04:00,11.620800971984863,11.292192459106445,-0.9190258242062078,1.2429844901594382,-0.894,False,False,1.0,False,False,0.0,1.0,-0.00531836861801936,-0.00531836861801936,1.6379550575540158
2006-07-06 00:00:00-04:00,11.629541397094727,11.609270095825195,-0.9188554584091762,0.9623002013993265,-1.288,False,False,1.0,False,False,0.0,1.0,-0.012588555662325633,-0.012588555662325633,1.62536650189169
2006-07-07 00:00:00-04:00,11.766495704650879,11.273173332214355,-0.9191985167958374,1.4042114980970553,-0.567,False,False,1.0,False,False,0.0,1.0,0.019969980200940544,0.019969980200940544,1.6453364820926306
2006-07-10 00:00:00-04:00,11.78980827331543,11.034306526184082,-0.9203436752443908,1.6344540512340053,-0.207,False,False,1.0,False,False,0.0,1.0,0.010491722409676621,0.010491722409676621,1.6558282045023074
2006-07-11 00:00:00-04:00,11.93259048461914,10.653809547424316,-0.9229278334716045,2.0998931207957217,0.522,False,True,0.0,False,False,0.0,0.0,0.021384466532337696,0.021384466532337696,1.677212671034645
2006-07-12 00:00:00-04:00,11.903453826904297,10.569257736206055,-0.9265500919678159,2.110507099391027,0.513,False,False,0.0,False,False,0.0,0.0,0.0004892045834369677,0.0,1.677212671034645
2006-07-13 00:00:00-04:00,11.935504913330078,10.226811408996582,-0.9314484089966821,2.409757697311095,0.951,False,False,0.0,False,False,0.0,0.0,0.013943762279873297,0.0,1.677212671034645
2006-07-14 00:00:00-04:00,11.859745979309082,10.159171104431152,-0.9371278915228711,2.339303382593439,0.804,False,False,0.0,False,False,0.0,0.0,-0.003295308386412555,-0.0,1.677212671034645
2006-07-17 00:00:00-04:00,11.813115119934082,10.129575729370117,-0.9432262206951213,2.25863368747528,0.653,False,False,0.0,False,False,0.0,0.0,-0.003775328447462894,-0.0,1.677212671034645
2006-07-18 00:00:00-04:00,11.947157859802246,9.804040908813477,-0.950279524122157,2.6305785305008165,1.169,False,False,0.0,False,False,0.0,0.0,0.017491978936615846,0.0,1.677212671034645
2006-07-19 00:00:00-04:00,12.040406227111816,9.742741584777832,-0.958162080301528,2.7052806824008826,1.229,False,False,0.0,False,False,0.0,0.0,0.0034947505726401896,0.0,1.677212671034645
2006-07-20 00:00:00-04:00,12.116169929504395,9.48273754119873,-0.9670543126852044,2.9458476942262717,1.48,False,False,0.0,False,False,0.0,0.0,0.011301392919186361,0.0,1.677212671034645
2006-07-21 00:00:00-04:00,12.110342025756836,9.319972038269043,-0.9767773159301221,3.0068047536726112,1.462,False,False,0.0,False,False,0.0,0.0,0.0028734517902410787,0.0,1.677212671034645
2006-07-24 00:00:00-04:00,12.206501960754395,9.491191864013672,-0.9868596720522946,2.8400274704484545,1.167,False,False,0.0,False,False,0.0,0.0,-0.007730842501149603,-0.0,1.677212671034645
2006-07-25 00:00:00-04:00,12.247293472290039,9.588431358337402,-0.9969656604855837,2.6879566701045086,0.926,False,False,0.0,False,False,0.0,0.0,-0.006973603827361773,-0.0,1.677212671034645
2006-07-26 00:00:00-04:00,12.31431770324707,9.765995025634766,-1.0067602016213995,2.4823025822054294,0.649,False,False,0.0,False,False,0.0,0.0,-0.009286146357988922,-0.0,1.677212671034645
2006-07-27 00:00:00-04:00,12.288095474243164,9.429892539978027,-1.0166603664044016,2.70109746939497,0.926,False,False,0.0,False,False,0.0,0.0,0.010002009243922494,0.0,1.677212671034645
2006-07-28 00:00:00-04:00,12.369681358337402,9.531353950500488,-1.0264641684778264,2.5860880510690727,0.775,False,False,0.0,False,False,0.0,0.0,-0.0051915312775161,-0.0,1.677212671034645
2006-07-31 00:00:00-04:00,12.296836853027344,9.668753623962402,-1.0356774970649483,2.283126300024314,0.411,False,False,0.0,False,False,0.0,0.0,-0.013579306035443594,-0.0,1.677212671034645
2006-08-01 00:00:00-04:00,12.51246452331543,9.404520034790039,-1.0451403161059596,2.6834214813301376,0.99,False,False,0.0,False,False,0.0,0.0,0.017917106987333932,0.0,1.677212671034645
2006-08-02 00:00:00-04:00,12.35219669342041,9.586311340332031,-1.054033801678107,2.2479005073002902,0.409,False,False,0.0,False,False,0.0,0.0,-0.01939398891741631,-0.0,1.677212671034645
2006-08-03 00:00:00-04:00,12.232726097106934,9.888595581054688,-1.0616055045455812,1.7349385960341674,-0.298,False,False,0.0,False,True,0.0,0.0,-0.022567106064299475,-0.0,1.677212671034645
2006-08-04 00:00:00-04:00,12.194842338562012,9.81883716583252,-1.0681162217356979,1.7071830831549324,-0.308,False,False,0.0,False,False,0.0,0.0,-0.0012236530774284082,-0.0,1.677212671034645
2006-08-07 00:00:00-04:00,12.020010948181152,9.785019874572754,-1.0734704359193363,1.516081397944168,-0.552,False,False,0.0,False,False,0.0,0.0,-0.0084843806626192,-0.0,1.677212671034645
2006-08-08 00:00:00-04:00,12.107429504394531,9.624364852905273,-1.078349290506273,1.7290024936906185,-0.242,False,False,0.0,False,False,0.0,0.0,0.009469112088457987,0.0,1.677212671034645
2006-08-09 00:00:00-04:00,12.098681449890137,9.410866737365723,-1.0831892347473193,1.904931910333957,-0.014,False,False,0.0,False,False,0.0,0.0,0.007891890154403843,0.0,1.677212671034645
2006-08-10 00:00:00-04:00,12.089895248413086,9.489079475402832,-1.0877582235407397,1.7680710152120067,-0.242,False,False,0.0,False,True,0.0,0.0,-0.006106666435577444,-0.0,1.677212671034645
2006-08-11 00:00:00-04:00,11.996127128601074,9.27980899810791,-1.0922820450213213,1.859958378740508,-0.161,False,False,0.0,False,False,0.0,0.0,0.004151732112795531,0.0,1.677212671034645
2006-08-14 00:00:00-04:00,12.028362274169922,9.104358673095703,-1.09709608234547,2.040006041648624,0.061,False,False,0.0,False,False,0.0,0.0,0.008177770127432786,0.0,1.677212671034645
2006-08-15 00:00:00-04:00,12.324305534362793,9.497533798217773,-1.101836875741971,1.8595725668807468,-0.291,False,False,0.0,False,True,0.0,0.0,-0.007917555396348586,-0.0,1.677212671034645
2006-08-16 00:00:00-04:00,12.271568298339844,9.761764526367188,-1.1058257010089725,1.476758197885328,-0.972,False,False,0.0,False,False,0.0,0.0,-0.016596206061348057,-0.0,1.677212671034645
2006-08-17 00:00:00-04:00,12.283284187316895,10.080960273742676,-1.108559250862085,1.1079424182862745,-1.603,True,False,1.0,False,False,0.0,1.0,-0.015721968553714803,-0.0,1.677212671034645
2006-08-18 00:00:00-04:00,12.365334510803223,9.960464477539062,-1.1107028055259403,1.3022186712591175,-1.314,False,False,1.0,False,False,0.0,1.0,0.008292321944800026,0.008292321944800026,1.6855049929794452
2006-08-21 00:00:00-04:00,12.344819068908691,9.6856689453125,-1.1128982988079898,1.5656545768530332,-0.871,False,False,1.0,False,False,0.0,1.0,0.011392323684169302,0.011392323684169302,1.6968973166636143
2006-08-22 00:00:00-04:00,12.374119758605957,9.639156341552734,-1.1152428042914806,1.624120009248676,-0.805,False,False,1.0,False,False,0.0,1.0,0.002528331181453596,0.002528331181453596,1.699425647845068
2006-08-23 00:00:00-04:00,12.248125076293945,9.459485054016113,-1.1177851081794887,1.6744535518682877,-0.796,False,False,1.0,False,False,0.0,1.0,0.002205503076739566,0.002205503076739566,1.7016311509218076
2006-08-24 00:00:00-04:00,12.28914737701416,9.2015962600708,-1.1210285811967768,1.9738949768414216,-0.256,False,False,1.0,False,False,0.0,1.0,0.01324704163458213,0.01324704163458213,1.7148781925563896
2006-08-25 00:00:00-04:00,12.251051902770996,9.040942192077637,-1.1249773702494485,2.080196530950211,-0.072,False,False,1.0,False,False,0.0,1.0,0.004740968411248799,0.004740968411248799,1.7196191609676386
2006-08-28 00:00:00-04:00,12.394633293151855,9.106471061706543,-1.12950976099757,2.1087853407124104,-0.015,False,False,1.0,False,False,0.0,1.0,0.0012605027844264437,0.0012605027844264437,1.720879663752065
2006-08-29 00:00:00-04:00,12.520627975463867,9.040942192077637,-1.1347566030681195,2.26135912504661,0.283,False,True,0.0,False,False,0.0,0.0,0.006697738163627443,0.006697738163627443,1.7275774019156924
2006-08-30 00:00:00-04:00,12.438586235046387,9.030372619628906,-1.1403124780210523,2.1411396557038866,0.057,False,False,0.0,False,False,0.0,0.0,-0.005287618571109754,-0.0,1.7275774019156924
2006-08-31 00:00:00-04:00,12.59974479675293,9.000777244567871,-1.1463610541201892,2.2816043067690934,0.345,False,True,0.0,False,False,0.0,0.0,0.0061290406731592155,0.0,1.7275774019156924
2006-09-01 00:00:00-04:00,12.614397048950195,9.053624153137207,-1.1525981509283136,2.1792065908443305,0.143,False,False,0.0,False,False,0.0,0.0,-0.004442496677800258,-0.0,1.7275774019156924
2006-09-05 00:00:00-04:00,12.482535362243652,8.649881362915039,-1.1594282099829911,2.4536188970738326,0.716,False,True,0.0,False,False,0.0,0.0,0.012189898205291878,0.0,1.7275774019156924
2006-09-06 00:00:00-04:00,12.350683212280273,8.690040588378906,-1.1662758266698003,2.215698941274546,0.265,False,False,0.0,False,False,0.0,0.0,-0.010580960337340965,-0.0,1.7275774019156924
2006-09-07 00:00:00-04:00,12.27742862701416,8.770367622375488,-1.1727450769445158,1.9920231748797281,-0.152,False,False,0.0,False,False,0.0,0.0,-0.00991346058789341,-0.0,1.7275774019156924
2006-09-08 00:00:00-04:00,12.379985809326172,8.818989753723145,-1.1789257996368203,1.9830512619291891,-0.114,False,False,0.0,False,False,0.0,0.0,-0.00039390368891072374,-0.0,1.7275774019156924
2006-09-11 00:00:00-04:00,12.438586235046387,8.964842796325684,-1.1846065317436696,1.8187749024637974,-0.458,False,False,0.0,False,True,0.0,0.0,-0.007124361481910375,-0.0,1.7275774019156924
2006-09-12 00:00:00-04:00,12.426860809326172,9.501761436462402,-1.1886729658833957,1.1323738615299348,-2.029,True,False,1.0,False,False,0.0,1.0,-0.028936005152901505,-0.0,1.7275774019156924
2006-09-13 00:00:00-04:00,12.426860809326172,9.681440353393555,-1.191036771397563,0.8959093483422311,-2.337,False,False,1.0,False,False,0.0,1.0,-0.009870037819803104,-0.009870037819803104,1.7177073640958893
2006-09-14 00:00:00-04:00,12.379985809326172,9.79347038269043,-1.1917194273642486,0.7089168929576033,-2.497,False,False,1.0,False,False,0.0,1.0,-0.007774813101433594,-0.007774813101433594,1.7099325509944556
2006-09-15 00:00:00-04:00,12.459096908569336,9.947783470153809,-1.190919428187591,0.6120883065597926,-2.432,False,False,1.0,False,False,0.0,1.0,-0.0039837145591122124,-0.0039837145591122124,1.7059488364353435
2006-09-18 00:00:00-04:00,12.333097457885742,9.810383796691895,-1.1891070369451906,0.6675010501063348,-2.096,False,False,1.0,False,False,0.0,1.0,0.0023089899749011325,0.0023089899749011325,1.7082578264102448
2006-09-19 00:00:00-04:00,12.371193885803223,9.894939422607422,-1.186459106560292,0.6312528989882082,-2.022,False,False,1.0,False,False,0.0,1.0,-0.001503378057881948,-0.001503378057881948,1.706754448352363
2006-09-20 00:00:00-04:00,12.394633293151855,10.091524124145508,-1.1828263749664298,0.4581123955025479,-2.128,False,False,1.0,False,False,0.0,1.0,-0.007116000421842679,-0.007116000421842679,1.69963844793052
2006-09-21 00:00:00-04:00,12.34189224243164,10.019654273986816,-1.1786182259287294,0.5325450976060875,-1.826,False,False,1.0,False,False,0.0,1.0,0.00308194129957621,0.00308194129957621,1.7027203892300964
2006-09-22 00:00:00-04:00,12.379985809326172,9.886484146118164,-1.1744750201647853,0.7685571424552098,-1.336,False,False,1.0,False,False,0.0,1.0,0.009837354320366542,0.009837354320366542,1.7125577435504629
2006-09-25 00:00:00-04:00,12.582162857055664,10.277543067932129,-1.1699233022672293,0.5582257318268375,-1.575,True,False,1.0,False,False,0.0,1.0,-0.008547937738195135,-0.008547937738195135,1.7040098058122677
2006-09-26 00:00:00-04:00,12.670071601867676,10.353641510009766,-1.1651671297494048,0.6063488411953042,-1.402,False,False,1.0,False,False,0.0,1.0,0.0019456420095960005,0.0019456420095960005,1.7059554478218637
2006-09-27 00:00:00-04:00,12.772629737854004,10.144375801086426,-1.1610756544312397,0.9942419658111508,-0.754,False,False,1.0,False,False,0.0,1.0,0.01579947244383991,0.01579947244383991,1.7217549202657036
2006-09-28 00:00:00-04:00,12.725741386413574,10.442425727844238,-1.156749607482738,0.6464695245621073,-1.218,False,False,1.0,False,False,0.0,1.0,-0.014020248155818585,-0.014020248155818585,1.707734672109885
2006-09-29 00:00:00-04:00,12.640762329101562,10.201445579528809,-1.1527551747144604,0.8809931477317701,-0.814,False,False,1.0,False,False,0.0,1.0,0.009611414532876806,0.009611414532876806,1.717346086642762
2006-10-02 00:00:00-04:00,12.82243537902832,10.178194999694824,-1.1494944290477365,1.1226569291175927,-0.412,False,False,1.0,False,False,0.0,1.0,0.009854892509771344,0.009854892509771344,1.7272009791525331
2006-10-03 00:00:00-04:00,12.834158897399902,10.450879096984863,-1.1462190024328502,0.8551626843075848,-0.775,False,False,1.0,False,False,0.0,1.0,-0.010780339848715905,-0.010780339848715905,1.7164206393038173
2006-10-04 00:00:00-04:00,12.927927017211914,10.651695251464844,-1.1427249550420424,0.7559690398602132,-0.884,False,False,1.0,False,False,0.0,1.0,-0.00395195613321957,-0.00395195613321957,1.7124686831705977
2006-10-05 00:00:00-04:00,12.936716079711914,10.567140579223633,-1.1393683848394927,0.8968501855900222,-0.658,False,False,1.0,False,False,0.0,1.0,0.005640529431825384,0.005640529431825384,1.718109212602423
2006-10-06 00:00:00-04:00,12.9103422164917,10.516412734985352,-1.1362507506912078,0.9610603517860152,-0.544,False,False,1.0,False,False,0.0,1.0,0.0025829097811884668,0.0025829097811884668,1.7206921223836116
2006-10-09 00:00:00-04:00,12.933785438537598,10.45933723449707,-1.1335484546546841,1.0776198796612455,-0.348,False,False,1.0,False,False,0.0,1.0,0.004701886175063016,0.004701886175063016,1.7253940085586748
2006-10-10 00:00:00-04:00,12.983595848083496,10.465677261352539,-1.1312832399580022,1.1439505675058044,-0.228,False,False,1.0,False,False,0.0,1.0,0.0026721203528886775,0.0026721203528886775,1.7280661289115633
2006-10-11 00:00:00-04:00,13.07149887084961,10.526976585388184,-1.1294123434269594,1.1822015763456104,-0.15,False,False,1.0,False,False,0.0,1.0,0.0015324434599926612,0.0015324434599926612,1.7295985723715561
2006-10-12 00:00:00-04:00,13.121317863464355,10.60096263885498,-1.1277959093095224,1.1655955646206273,-0.142,False,False,1.0,False,False,0.0,1.0,-0.0006621998297048902,-0.0006621998297048902,1.7289363725418512
2006-10-13 00:00:00-04:00,13.074435234069824,10.698202133178711,-1.1260891965655746,1.0273053892224926,-0.314,False,False,1.0,False,True,0.0,1.0,-0.005504839167611908,-0.005504839167611908,1.7234315333742392
2006-10-16 00:00:00-04:00,13.121317863464355,10.683401107788086,-1.1244800365393586,1.1080465954141854,-0.145,False,False,1.0,False,False,0.0,1.0,0.0032123543285001214,0.0032123543285001214,1.7266438877027395
2006-10-17 00:00:00-04:00,13.162335395812988,10.45933723449707,-1.1235493854360985,1.4107534739249026,0.404,False,True,0.0,False,False,0.0,0.0,0.012150111708673255,0.012150111708673255,1.7387939994114125
2006-10-18 00:00:00-04:00,13.285401344299316,11.076581001281738,-1.1220020005481206,0.8574553016279012,-0.49,False,False,0.0,False,True,0.0,0.0,-0.021517936345283633,-0.0,1.7387939994114125
2006-10-19 00:00:00-04:00,13.317634582519531,11.08926010131836,-1.120081478126351,0.8967597369072937,-0.372,False,False,0.0,False,False,0.0,0.0,0.0015270672681780644,0.0,1.7387939994114125
2006-10-20 00:00:00-04:00,13.358657836914062,11.150564193725586,-1.1178829139309674,0.8936326440577957,-0.328,False,False,0.0,False,False,0.0,0.0,-0.00012109399135254883,-0.0,1.7387939994114125
2006-10-23 00:00:00-04:00,13.490518569946289,11.281625747680664,-1.1155045098454928,0.9058141700194788,-0.244,False,False,0.0,False,False,0.0,0.0,0.00046716862117564386,0.0,1.7387939994114125
2006-10-24 00:00:00-04:00,13.478799819946289,11.292192459106445,-1.1130093247003385,0.9104843166499688,-0.166,False,False,0.0,False,False,0.0,0.0,0.0001792961167689312,0.0,1.7387939994114125
2006-10-25 00:00:00-04:00,13.710277557373047,11.245689392089844,-1.1110482608955652,1.2157739157199199,0.807,False,True,0.0,False,False,0.0,0.0,0.01165014875534608,0.0,1.7387939994114125
2006-10-26 00:00:00-04:00,13.590140342712402,10.573484420776367,-1.1107392581554818,1.8457561010607169,2.833,False,False,0.0,True,False,-1.0,-1.0,0.024866548541021688,0.0,1.7387939994114125
2006-10-27 00:00:00-04:00,13.481730461120605,10.27120304107666,-1.112011350502167,2.0600360961309843,3.26,False,False,0.0,False,False,-1.0,-1.0,0.008604438809781841,-0.008604438809781841,1.7301895606016309
2006-10-30 00:00:00-05:00,13.496374130249023,10.357869148254395,-1.1142070117839082,1.9555636981237594,2.576,False,False,0.0,False,False,-1.0,-1.0,-0.004172689534917807,0.004172689534917807,1.7343622501365488
2006-10-31 00:00:00-05:00,13.461215019226074,10.235267639160156,-1.1171956293800007,2.02641874722179,2.42,False,False,0.0,False,False,-1.0,-1.0,0.002846040205765378,-0.002846040205765378,1.7315162099307833
2006-11-01 00:00:00-05:00,13.464143753051758,10.201445579528809,-1.1207629869098992,2.0307411345402624,2.176,False,False,0.0,False,False,-1.0,-1.0,0.0001736069592548036,-0.0001736069592548036,1.7313426029715284
2006-11-02 00:00:00-05:00,13.414332389831543,10.192991256713867,-1.1246001049931797,1.951293352336565,1.836,False,False,0.0,False,False,-1.0,-1.0,-0.0031935762359695317,0.0031935762359695317,1.734536179207498
2006-11-03 00:00:00-05:00,13.317634582519531,10.080960273742676,-1.1286059158374957,1.9402031802507675,1.676,False,False,0.0,False,False,-1.0,-1.0,-0.00044908452938043476,0.00044908452938043476,1.7349852637368783
2006-11-06 00:00:00-05:00,13.40847110748291,10.195103645324707,-1.132598755132966,1.8615094103365841,1.417,False,False,0.0,False,False,-1.0,-1.0,-0.003153372274897421,0.003153372274897421,1.7381386360117759
2006-11-07 00:00:00-05:00,13.302989959716797,10.06193733215332,-1.1365829165722905,1.866763880370364,1.348,False,False,0.0,False,False,-1.0,-1.0,0.00021239436308260367,-0.00021239436308260367,1.7379262416486931
2006-11-08 00:00:00-05:00,13.437773704528809,10.133803367614746,-1.1405930298943316,1.8792282171077233,1.297,False,False,0.0,False,False,-1.0,-1.0,0.0004986468864333241,-0.0004986468864333241,1.7374275947622597
2006-11-09 00:00:00-05:00,13.399680137634277,10.042909622192383,-1.1446626158358588,1.9039369388924285,1.266,False,False,0.0,False,False,-1.0,-1.0,0.000992500567307163,-0.000992500567307163,1.7364350941949527
2006-11-10 00:00:00-05:00,13.464471817016602,10.239494323730469,-1.1484194311119222,1.7052375708843002,0.816,False,False,0.0,False,False,-1.0,-1.0,-0.007877485073393808,0.007877485073393808,1.7443125792683465
2006-11-13 00:00:00-05:00,13.573433876037598,10.173966407775879,-1.1522152509858563,1.8508346179804427,1.058,False,False,0.0,False,False,-1.0,-1.0,0.005755726454196585,-0.005755726454196585,1.73855685281415
2006-11-14 00:00:00-05:00,13.632336616516113,10.190882682800293,-1.1560420466212902,1.8512477430141985,0.999,False,False,0.0,False,False,-1.0,-1.0,1.6256172703599473e-05,-1.6256172703599473e-05,1.7385405966414464
2006-11-15 00:00:00-05:00,13.676513671875,10.497385025024414,-1.1592591721707375,1.507323797807702,0.238,False,False,0.0,False,False,-1.0,-1.0,-0.01330681304902963,0.01330681304902963,1.751847409690476
2006-11-16 00:00:00-05:00,13.729520797729492,10.558688163757324,-1.1619343573373924,1.461018251848195,0.103,False,False,0.0,False,False,-1.0,-1.0,-0.001781117946833721,0.001781117946833721,1.7536285276373096
2006-11-17 00:00:00-05:00,13.720685958862305,10.516412734985352,-1.1642344360734034,1.477116108831476,0.116,False,False,0.0,False,False,-1.0,-1.0,0.0006200007079643424,-0.0006200007079643424,1.7530085269293454
2006-11-20 00:00:00-05:00,13.756025314331055,10.48892879486084,-1.1663429175449176,1.5223375018121672,0.177,False,False,0.0,False,False,-1.0,-1.0,0.001739972763838363,-0.001739972763838363,1.7512685541655069
2006-11-21 00:00:00-05:00,13.650002479553223,10.3599853515625,-1.1683502030376696,1.5459114905878941,0.185,False,False,0.0,False,False,-1.0,-1.0,0.0009153491969943899,-0.0009153491969943899,1.7503532049685124
2006-11-22 00:00:00-05:00,13.661785125732422,10.379008293151855,-1.170226985816537,1.5159895350724852,0.074,False,False,0.0,False,False,-1.0,-1.0,-0.001159425048175987,0.001159425048175987,1.7515126300166886
2006-11-24 00:00:00-05:00,13.685349464416504,10.34941577911377,-1.1720822255556689,1.5549831848318796,0.129,False,False,0.0,False,False,-1.0,-1.0,0.0015104616949640612,-0.0015104616949640612,1.7500021683217244
2006-11-27 00:00:00-05:00,13.458579063415527,10.021770477294922,-1.174170057166832,1.6913162491772784,0.431,False,True,0.0,False,False,-1.0,-1.0,0.005404500076018037,-0.005404500076018037,1.7445976682457065
2006-11-28 00:00:00-05:00,13.735407829284668,9.886484146118164,-1.1771920394538402,2.0971173942877677,1.367,False,False,0.0,False,False,-1.0,-1.0,0.015992983793053674,-0.015992983793053674,1.7286046844526526
2006-11-29 00:00:00-05:00,13.782525062561035,10.138031959533691,-1.180379184320392,1.815803167552593,0.623,False,False,0.0,False,False,-1.0,-1.0,-0.010925143838137646,0.010925143838137646,1.7395298282907903
2006-11-30 00:00:00-05:00,13.77663803100586,10.06193733215332,-1.1837768303370846,1.8655497488990207,0.702,False,False,0.0,False,False,-1.0,-1.0,0.0019365895112730869,-0.0019365895112730869,1.7375932387795174
2006-12-01 00:00:00-05:00,13.826703071594238,9.890710830688477,-1.187721167843499,2.0792964529665774,1.178,False,False,0.0,False,False,-1.0,-1.0,0.008357933341831306,-0.008357933341831306,1.7292353054376859
2006-12-04 00:00:00-05:00,13.897383689880371,9.945670127868652,-1.1920024532868823,2.0421204978788783,1.023,False,False,0.0,False,False,-1.0,-1.0,-0.0014435780235799393,0.0014435780235799393,1.730678883461266
2006-12-05 00:00:00-05:00,14.100590705871582,10.119004249572754,-1.1964572350287477,1.993634860183617,0.849,False,False,0.0,False,False,-1.0,-1.0,-0.0018500639729809472,0.0018500639729809472,1.732528947434247
2006-12-06 00:00:00-05:00,14.16832447052002,10.178194999694824,-1.200951366371315,1.944807278442834,0.684,False,False,0.0,False,False,-1.0,-1.0,-0.0018501013443855945,0.0018501013443855945,1.7343790487786324
2006-12-07 00:00:00-05:00,14.115317344665527,10.140141487121582,-1.2053694448062915,1.8927006300765434,0.497,False,False,0.0,False,False,-1.0,-1.0,-0.0019783878359275345,0.0019783878359275345,1.73635743661456
2006-12-08 00:00:00-05:00,14.085868835449219,10.38323974609375,-1.2090603763316143,1.5319050804957328,-0.695,False,False,0.0,False,True,0.0,0.0,-0.013543461594829663,0.013543461594829663,1.7499008982093898
2006-12-11 00:00:00-05:00,14.132983207702637,10.123229026794434,-1.212810089903863,1.8554289015986853,0.312,False,True,0.0,False,False,0.0,0.0,0.012249800706775641,0.0,1.7499008982093898
2006-12-12 00:00:00-05:00,14.19482421875,9.913963317871094,-1.2171077337652287,2.1284627923043047,1.413,False,False,0.0,False,False,0.0,0.0,0.010396860766092982,0.0,1.7499008982093898
2006-12-13 00:00:00-05:00,14.185995101928711,9.859002113342285,-1.2218249450546768,2.140020386500332,1.464,False,False,0.0,False,False,0.0,0.0,0.000440591929485216,0.0,1.7499008982093898
2006-12-14 00:00:00-05:00,14.253731727600098,9.8526611328125,-1.2269000172294702,2.1655016139963106,1.487,False,False,0.0,False,False,0.0,0.0,0.00096732459220714,0.0,1.7499008982093898
2006-12-15 00:00:00-05:00,14.303792953491211,9.672980308532715,-1.2326257227638038,2.380628609406031,2.27,False,False,0.0,True,False,-1.0,-1.0,0.008202514419375681,0.0,1.7499008982093898
2006-12-18 00:00:00-05:00,14.191878318786621,9.533472061157227,-1.238815964315691,2.3816609340674333,2.073,False,False,0.0,False,False,-1.0,-1.0,3.970159456273913e-05,-3.970159456273913e-05,1.7498611966148268
2006-12-19 00:00:00-05:00,14.224283218383789,9.539806365966797,-1.2452849171404123,2.3445062384052484,1.799,False,False,0.0,False,False,-1.0,-1.0,-0.0014233301402099825,0.0014233301402099825,1.751284526755037
2006-12-20 00:00:00-05:00,14.118261337280273,9.571516990661621,-1.2515848803544007,2.138695389712934,0.987,False,False,0.0,False,False,-1.0,-1.0,-0.00788612961707383,0.00788612961707383,1.7591706563721106
2006-12-21 00:00:00-05:00,13.988679885864258,9.472166061401367,-1.2576341167961749,2.0761606870870466,0.73,False,False,0.0,False,False,-1.0,-1.0,-0.002414355506149849,0.002414355506149849,1.7615850118782606
2006-12-22 00:00:00-05:00,13.979850769042969,9.343220710754395,-1.263667396377973,2.173127379699208,1.052,False,False,0.0,False,False,-1.0,-1.0,0.0037603557578672945,-0.0037603557578672945,1.7578246561203934
2006-12-26 00:00:00-05:00,14.044638633728027,9.374931335449219,-1.2696422972469998,2.141829276455397,0.895,False,False,0.0,False,False,-1.0,-1.0,-0.0012062112333616174,0.0012062112333616174,1.759030867353755
2006-12-27 00:00:00-05:00,14.106474876403809,9.503875732421875,-1.275306273202081,1.9861225351131697,0.311,False,False,0.0,False,False,-1.0,-1.0,-0.005936926340719415,0.005936926340719415,1.7649677936944743
2006-12-28 00:00:00-05:00,14.03874683380127,9.512332916259766,-1.2805013874109015,1.8581913370162528,-0.155,False,False,0.0,False,False,-1.0,-1.0,-0.004879275446916753,0.004879275446916753,1.7698470691413912
2006-12-29 00:00:00-05:00,13.97689151763916,9.451027870178223,-1.2852873582372453,1.8296048737512134,-0.252,False,False,0.0,False,True,0.0,0.0,-0.0010942531125108666,0.0010942531125108666,1.7709413222539019
2007-01-03 00:00:00-05:00,14.115317344665527,9.67087173461914,-1.2894463414945572,1.6452471673977538,-0.914,False,False,0.0,False,False,0.0,0.0,-0.006934550275084839,-0.0,1.7709413222539019
2007-01-04 00:00:00-05:00,14.118261337280273,9.76387882232666,-1.292855028859335,1.4949815006620888,-1.38,False,False,0.0,False,False,0.0,0.0,-0.00561918498857255,-0.0,1.7709413222539019
2007-01-05 00:00:00-05:00,13.826703071594238,10.144375801086426,-1.2941886311898814,0.6979672393104401,-3.306,True,False,1.0,False,False,0.0,1.0,-0.02956784581374349,-0.0,1.7709413222539019
2007-01-08 00:00:00-05:00,13.700071334838867,9.865344047546387,-1.2943950535068762,0.9304187985513188,-2.386,False,False,1.0,False,False,0.0,1.0,0.00878179010754398,0.00878179010754398,1.779723112361446
2007-01-09 00:00:00-05:00,13.65884017944336,10.123229026794434,-1.2930556177096075,0.5689420169858543,-2.864,False,False,1.0,False,False,0.0,1.0,-0.013513788087688048,-0.013513788087688048,1.766209324273758
2007-01-10 00:00:00-05:00,13.664728164672852,10.140141487121582,-1.2905760743913788,0.578104170450322,-2.515,False,False,1.0,False,False,0.0,1.0,0.0003424930975468874,0.0003424930975468874,1.7665518173713048
2007-01-11 00:00:00-05:00,13.726579666137695,10.385350227355957,-1.2868060834923671,0.36264781437721183,-2.586,False,False,1.0,False,False,0.0,1.0,-0.00795320368649231,-0.00795320368649231,1.7585986136848124
2007-01-12 00:00:00-05:00,13.738358497619629,10.41282844543457,-1.2821247007435863,0.38781394312252715,-2.272,False,False,1.0,False,False,0.0,1.0,0.0009290198535133683,0.0009290198535133683,1.7595276335383259
2007-01-16 00:00:00-05:00,13.794310569763184,10.351531028747559,-1.2771501961064033,0.5738506863967192,-1.81,False,False,1.0,False,False,0.0,1.0,0.006886482474354683,0.006886482474354683,1.7664141160126805
2007-01-17 00:00:00-05:00,13.753082275390625,10.622101783752441,-1.2712863256530536,0.249349528011237,-2.112,False,False,1.0,False,False,0.0,1.0,-0.011905321957624098,-0.011905321957624098,1.7545087940550563
2007-01-18 00:00:00-05:00,13.670623779296875,10.425514221191406,-1.2652618612130309,0.47961825168931504,-1.637,False,False,1.0,False,False,0.0,1.0,0.008572403447578307,0.008572403447578307,1.7630811975026348
2007-01-19 00:00:00-05:00,13.703015327453613,10.442425727844238,-1.2592698406362932,0.5531835452948712,-1.429,False,False,1.0,False,False,0.0,1.0,0.002739571461650428,0.002739571461650428,1.765820768964285
2007-01-22 00:00:00-05:00,13.664728164672852,10.376895904541016,-1.253522053141233,0.6570603051797459,-1.208,False,False,1.0,False,False,0.0,1.0,0.0038945417498585182,0.0038945417498585182,1.7697153107141435
2007-01-23 00:00:00-05:00,13.626445770263672,10.448766708374023,-1.2478110131926594,0.5883595972737528,-1.226,False,False,1.0,False,False,0.0,1.0,-0.0025764827994055653,-0.0025764827994055653,1.767138827914738
2007-01-24 00:00:00-05:00,13.694185256958008,10.41282844543457,-1.2424693497796842,0.7565650689915184,-0.942,False,False,1.0,False,False,0.0,1.0,0.006315962020134927,0.006315962020134927,1.773454789934873
2007-01-25 00:00:00-05:00,13.608777046203613,10.228922843933105,-1.237796286202407,0.9474543381322516,-0.644,False,False,1.0,False,False,0.0,1.0,0.0072664082331727504,0.0072664082331727504,1.7807211981680457
2007-01-26 00:00:00-05:00,13.538094520568848,10.226811408996582,-1.2335594573566342,0.9227145883983887,-0.637,False,False,1.0,False,False,0.0,1.0,-0.0009459450513379725,-0.0009459450513379725,1.7797752531167077
2007-01-29 00:00:00-05:00,13.576383590698242,10.233150482177734,-1.2297746861478522,0.9919141681743753,-0.507,False,False,1.0,False,False,0.0,1.0,0.0026451576231482973,0.0026451576231482973,1.782420410739856
2007-01-30 00:00:00-05:00,13.676513671875,10.421285629272461,-1.2261239019148267,0.8987262731425396,-0.596,False,False,1.0,False,False,0.0,1.0,-0.0035225990202165576,-0.0035225990202165576,1.7788978117196395
2007-01-31 00:00:00-05:00,13.71185302734375,10.63901424407959,-1.2221857618554315,0.7090012980525486,-0.814,False,False,1.0,False,False,0.0,1.0,-0.00710189301429095,-0.00710189301429095,1.7717959187053485
2007-02-01 00:00:00-05:00,13.841428756713867,10.03022575378418,-1.2198402391711816,1.6061557742768287,0.41,False,True,0.0,False,False,0.0,0.0,0.03440444597628368,0.03440444597628368,1.806200364681632
2007-02-02 00:00:00-05:00,13.867931365966797,10.150710105895996,-1.2184311289255512,1.4999901922439367,0.297,False,False,0.0,False,False,0.0,0.0,-0.0040465809502727434,-0.0,1.806200364681632
2007-02-05 00:00:00-05:00,13.982787132263184,9.81672477722168,-1.2187045494121704,2.019099985935947,1.026,False,False,0.0,False,False,0.0,0.0,0.020006949233960104,0.0,1.806200364681632
2007-02-06 00:00:00-05:00,14.091753959655762,9.704691886901855,-1.2206204392034485,2.246008686331475,1.333,False,False,0.0,False,False,0.0,0.0,0.008748287502868017,0.0,1.806200364681632
2007-02-07 00:00:00-05:00,14.183049201965332,10.049248695373535,-1.223076497066478,1.8920493094779935,0.884,False,False,0.0,False,False,0.0,0.0,-0.013370050633004588,-0.0,1.806200364681632
2007-02-08 00:00:00-05:00,14.212499618530273,10.076728820800781,-1.2258701142347366,1.8597389078627575,0.884,False,False,0.0,False,False,0.0,0.0,-0.0012162651980384984,-0.0,1.806200364681632
2007-02-09 00:00:00-05:00,14.150650978088379,10.049248695373535,-1.228799931988013,1.8021348646827509,0.848,False,False,0.0,False,False,0.0,0.0,-0.0021738058023150863,-0.0,1.806200364681632
2007-02-12 00:00:00-05:00,14.180261611938477,10.036568641662598,-1.23185655769605,1.816648713939868,0.899,False,False,0.0,False,False,0.0,0.0,0.0005467871411041973,0.0,1.806200364681632
2007-02-13 00:00:00-05:00,14.248346328735352,10.017541885375977,-1.2351175057829842,1.8755049811932025,1.009,False,False,0.0,False,False,0.0,0.0,0.0022108805951502383,0.0,1.806200364681632
2007-02-14 00:00:00-05:00,14.366759300231934,10.313481330871582,-1.2380178661986032,1.5984851499071677,0.624,False,False,0.0,False,False,0.0,0.0,-0.01020893642127983,-0.0,1.806200364681632
2007-02-15 00:00:00-05:00,14.30755615234375,10.296568870544434,-1.240521679452837,1.534439244454168,0.568,False,False,0.0,False,False,0.0,0.0,-0.002365004197294053,-0.0,1.806200364681632
2007-02-16 00:00:00-05:00,14.30755615234375,10.351531028747559,-1.2425593645204571,1.4451643354493893,0.459,False,False,0.0,False,False,0.0,0.0,-0.0032857960974329407,-0.0,1.806200364681632
2007-02-20 00:00:00-05:00,14.351958274841309,10.452996253967285,-1.2440645382012145,1.3477563173304716,0.326,False,False,0.0,False,False,0.0,0.0,-0.003560734302313387,-0.0,1.806200364681632
2007-02-21 00:00:00-05:00,14.260181427001953,10.784866333007812,-1.2441871656550778,0.84178915216809,-0.501,False,False,0.0,False,True,0.0,0.0,-0.01828010253031292,-0.0,1.806200364681632
2007-02-22 00:00:00-05:00,14.328275680541992,10.829259872436523,-1.2433225153361167,0.8640130567157396,-0.427,False,False,0.0,False,False,0.0,0.0,0.0007996356541552936,0.0,1.806200364681632
2007-02-23 00:00:00-05:00,14.491097450256348,10.729907035827637,-1.2423206968779674,1.1611118640711524,0.116,False,False,0.0,False,False,0.0,0.0,0.010678908760175042,0.0,1.806200364681632
2007-02-26 00:00:00-05:00,14.594709396362305,10.784866333007812,-1.2413100232039829,1.2073467182845228,0.173,False,False,0.0,False,False,0.0,0.0,0.00165230273477864,0.0,1.806200364681632
2007-02-27 00:00:00-05:00,14.272025108337402,10.679176330566406,-1.2399462539406592,1.0304204220798319,-0.15,False,False,0.0,False,False,0.0,0.0,-0.006430496358552005,-0.0,1.806200364681632
2007-02-28 00:00:00-05:00,14.195061683654785,10.816574096679688,-1.2378763054209247,0.8054809035452575,-0.571,False,False,0.0,False,True,0.0,0.0,-0.008154519995321999,-0.0,1.806200364681632
2007-03-01 00:00:00-05:00,14.420049667358398,10.611532211303711,-1.2362811673669245,1.3012122376161255,0.292,False,True,0.0,False,False,0.0,0.0,0.018001138982956914,0.0,1.806200364681632
2007-03-02 00:00:00-05:00,14.138809204101562,10.778529167175293,-1.2341103785140453,0.8369144937741844,-0.602,False,False,0.0,False,True,0.0,0.0,-0.016920037667029486,-0.0,1.806200364681632
2007-03-05 00:00:00-05:00,13.949350357055664,10.698202133178711,-1.2314056236166053,0.7755240876722365,-0.758,False,False,0.0,False,False,0.0,0.0,-0.0022633929258162873,-0.0,1.806200364681632
2007-03-06 00:00:00-05:00,14.035201072692871,10.806007385253906,-1.2282819605170923,0.7623771361710254,-0.803,False,False,0.0,False,False,0.0,0.0,-0.0004814317951142486,-0.0,1.806200364681632
2007-03-07 00:00:00-05:00,13.98783016204834,11.051217079162598,-1.224239027638614,0.45849891083107863,-1.439,False,False,0.0,False,False,0.0,0.0,-0.011043225744696608,-0.0,1.806200364681632
2007-03-08 00:00:00-05:00,14.112162590026855,11.245689392089844,-1.2193941172752032,0.3992351006083439,-1.541,True,False,1.0,False,False,0.0,1.0,-0.0021298694830286795,-0.0,1.806200364681632
2007-03-09 00:00:00-05:00,14.177285194396973,11.266823768615723,-1.2141658645062667,0.4974923731359091,-1.338,False,False,1.0,False,False,0.0,1.0,0.003527192352059908,0.003527192352059908,1.8097275570336921
2007-03-12 00:00:00-04:00,14.263150215148926,11.328130722045898,-1.2088057214683887,0.5696409847980135,-1.183,False,False,1.0,False,False,0.0,1.0,0.002580730784475686,0.002580730784475686,1.8123082878181678
2007-03-13 00:00:00-04:00,14.064803123474121,11.006824493408203,-1.2038778427138581,0.8139309972197992,-0.726,False,False,1.0,False,False,0.0,1.0,0.0089432170425373,0.0089432170425373,1.821251504860705
2007-03-14 00:00:00-04:00,14.121053695678711,10.892675399780273,-1.1997409894192335,1.0526645341237817,-0.272,False,False,1.0,False,False,0.0,1.0,0.00878037619812678,0.00878037619812678,1.8300318810588319
2007-03-15 00:00:00-04:00,14.28682804107666,10.757386207580566,-1.1968802796120697,1.411524629052611,0.422,False,True,0.0,False,False,0.0,0.0,0.013211779625927084,0.013211779625927084,1.843243660684759
2007-03-16 00:00:00-04:00,14.150652885437012,10.721452713012695,-1.1947945995006501,1.3407190851278497,0.256,False,False,0.0,False,False,0.0,0.0,-0.0026262612438695747,-0.0,1.843243660684759
2007-03-19 00:00:00-04:00,14.283872604370117,10.808123588562012,-1.1933490325318448,1.3860087764750304,0.324,False,False,0.0,False,False,0.0,0.0,0.0016661809469030492,0.0,1.843243660684759
2007-03-20 00:00:00-04:00,14.446694374084473,10.80389404296875,-1.1927035076719115,1.5608520525199747,0.638,False,False,0.0,False,False,0.0,0.0,0.0063968916603623326,0.0,1.843243660684759
2007-03-21 00:00:00-04:00,14.473335266113281,10.94129467010498,-1.1923771881122638,1.4271850930658054,0.331,False,False,0.0,False,False,0.0,0.0,-0.004857175100518364,-0.0,1.843243660684759
2007-03-22 00:00:00-04:00,14.497017860412598,11.285849571228027,-1.191546317766547,1.0494053609486773,-0.414,False,False,0.0,False,True,0.0,0.0,-0.013518866674992849,-0.0,1.843243660684759
2007-03-23 00:00:00-04:00,14.550304412841797,11.359837532043457,-1.190305167674853,1.0286310945037211,-0.429,False,False,0.0,False,False,0.0,0.0,-0.0007400357268694307,-0.0,1.843243660684759
2007-03-26 00:00:00-04:00,14.571026802062988,11.175931930541992,-1.1892638060627245,1.2798954580486868,0.142,False,False,0.0,False,False,0.0,0.0,0.009018122796792075,0.0,1.843243660684759
2007-03-27 00:00:00-04:00,14.53846549987793,10.966666221618652,-1.1888017272119353,1.5012737538608878,0.72,False,True,0.0,False,False,0.0,0.0,0.008028033342529174,0.0,1.843243660684759
2007-03-28 00:00:00-04:00,14.48517894744873,10.865192413330078,-1.1888834016842083,1.5677320311354155,0.924,False,False,0.0,False,False,0.0,0.0,0.002425252149372074,0.0,1.843243660684759
2007-03-29 00:00:00-04:00,14.440771102905273,10.79332447052002,-1.1894216960056332,1.6029568056402486,1.053,False,False,0.0,False,False,0.0,0.0,0.001291297697006428,0.0,1.843243660684759
2007-03-30 00:00:00-04:00,14.363798141479492,10.886331558227539,-1.1899181776241488,1.409954332701119,0.626,False,False,0.0,False,False,0.0,0.0,-0.007065121992980352,-0.0,1.843243660684759
2007-04-02 00:00:00-04:00,14.529583930969238,10.958208084106445,-1.190526611025489,1.4835455976858754,0.866,False,False,0.0,False,False,0.0,0.0,0.0026687073198038277,0.0,1.843243660684759
2007-04-03 00:00:00-04:00,14.624313354492188,10.966666221618652,-1.1913610797327965,1.5590540436354026,1.132,False,False,0.0,False,False,0.0,0.0,0.0027269632096568715,0.0,1.843243660684759
2007-04-04 00:00:00-04:00,14.639113426208496,10.992025375366211,-1.1923095497544882,1.5332166000157006,1.074,False,False,0.0,False,False,0.0,0.0,-0.00093124649746582,-0.0,1.843243660684759
2007-04-05 00:00:00-04:00,14.624313354492188,10.953977584838867,-1.193375646214629,1.5521032755645425,1.123,False,False,0.0,False,False,0.0,0.0,0.0006819150278641993,0.0,1.843243660684759
2007-04-09 00:00:00-04:00,14.588788032531738,10.879990577697754,-1.1946004765436946,1.5915461036230933,1.204,False,False,0.0,False,False,0.0,0.0,0.0014298116877884861,0.0,1.843243660684759
2007-04-10 00:00:00-04:00,14.75161361694336,10.80389404296875,-1.1963862671550303,1.8259831521375087,1.724,False,False,0.0,True,False,-1.0,-1.0,0.00847038989221498,0.0,1.843243660684759
2007-04-11 00:00:00-04:00,14.77233600616455,11.900979995727539,-1.1961100466958867,0.5374542677480711,-1.551,True,False,1.0,False,True,0.0,1.0,-0.04442097466001039,0.04442097466001039,1.8876646353447692
2007-04-12 00:00:00-04:00,14.7427339553833,11.693826675415039,-1.1947643705221476,0.7713664885359535,-0.949,False,False,1.0,False,False,0.0,1.0,0.008146249027552222,0.008146249027552222,1.8958108843723216
2007-04-13 00:00:00-04:00,14.71312427520752,11.816428184509277,-1.1923453118137908,0.6238615270235393,-1.247,False,False,1.0,False,False,0.0,1.0,-0.005121275587076164,-0.005121275587076164,1.8906896087852454
2007-04-16 00:00:00-04:00,14.72792911529541,11.807971000671387,-1.189273656263052,0.6850202702788621,-1.043,False,False,1.0,False,False,0.0,1.0,0.002125719916107016,0.002125719916107016,1.8928153287013525
2007-04-17 00:00:00-04:00,14.80194091796875,11.717081069946289,-1.1861749816283427,0.9034324950874097,-0.507,False,False,1.0,False,False,0.0,1.0,0.007610062902314071,0.007610062902314071,1.9004253916036664
2007-04-18 00:00:00-04:00,14.689445495605469,11.706504821777344,-1.182938742705379,0.8413674002577203,-0.659,False,False,1.0,False,False,0.0,1.0,-0.0021748591685567613,-0.0021748591685567613,1.8982505324351098
2007-04-19 00:00:00-04:00,14.642074584960938,11.617728233337402,-1.1797980532515542,0.9355014320638517,-0.408,False,False,1.0,False,False,0.0,1.0,0.003320582790283176,0.003320582790283176,1.901571115225393
2007-04-20 00:00:00-04:00,14.71312427520752,11.670572280883789,-1.1768097281357506,0.9790812821520412,-0.315,False,False,1.0,False,False,0.0,1.0,0.0015319574591459997,0.0015319574591459997,1.9031030726845388
2007-04-23 00:00:00-04:00,14.668720245361328,11.829109191894531,-1.1735463728850055,0.7867120587528227,-0.78,False,False,1.0,False,False,0.0,1.0,-0.006737804391141628,-0.006737804391141628,1.8963652682933971
2007-04-24 00:00:00-04:00,14.633197784423828,11.934804916381836,-1.1698568624245207,0.6711843512966293,-1.046,False,False,1.0,False,False,0.0,1.0,-0.004040106805900609,-0.004040106805900609,1.8923251614874967
2007-04-25 00:00:00-04:00,14.73384952545166,11.966513633728027,-1.1660796453078555,0.7799415518624659,-0.831,False,False,1.0,False,False,0.0,1.0,0.003791066644699321,0.003791066644699321,1.896116228132196
2007-04-26 00:00:00-04:00,14.689445495605469,11.433823585510254,-1.1634622081059627,1.3866238597136729,0.623,False,True,0.0,False,False,0.0,0.0,0.02167321085502789,0.02167321085502789,1.9177894389872239
2007-04-27 00:00:00-04:00,14.61543083190918,11.163250923156738,-1.1621569736819466,1.6419809226011477,1.223,False,False,0.0,False,False,0.0,0.0,0.009255796394305215,0.0,1.9177894389872239
2007-04-30 00:00:00-04:00,14.443729400634766,10.937065124511719,-1.1619488577271169,1.735419072321287,1.394,False,False,0.0,False,False,0.0,0.0,0.0034412939378738417,0.0,1.9177894389872239
2007-05-01 00:00:00-04:00,14.440771102905273,10.928607940673828,-1.1625115131814554,1.7361385488256715,1.311,False,False,0.0,False,False,0.0,0.0,2.6504542480782005e-05,0.0,1.9177894389872239
2007-05-02 00:00:00-04:00,14.488133430480957,10.80389404296875,-1.1639491531498103,1.9129501084472,1.645,False,False,0.0,True,False,-1.0,-1.0,0.006533255374365716,0.0,1.9177894389872239
2007-05-03 00:00:00-04:00,14.559186935424805,10.772187232971191,-1.1661649515231505,1.9970397330886556,1.731,False,False,0.0,False,False,-1.0,-1.0,0.0031004973506955098,-0.0031004973506955098,1.9146889416365283
2007-05-04 00:00:00-04:00,14.541417121887207,10.850399017333984,-1.1686877734476104,1.8606884533010124,1.326,False,False,0.0,False,False,-1.0,-1.0,-0.0050088365861063145,0.0050088365861063145,1.9196977782226345
2007-05-07 00:00:00-04:00,14.529583930969238,10.886331558227539,-1.1712813146560288,1.7786271916670717,1.085,False,False,0.0,False,False,-1.0,-1.0,-0.0030080511462650668,0.0030080511462650668,1.9227058293688997
2007-05-08 00:00:00-04:00,14.50294017791748,10.844056129455566,-1.1739140133959092,1.7729507254977879,1.045,False,False,0.0,False,False,-1.0,-1.0,-0.0002084412601338468,0.0002084412601338468,1.9229142706290334
2007-05-09 00:00:00-04:00,14.511812210083008,11.044869422912598,-1.1761158941066308,1.5217657334631713,0.463,False,False,0.0,False,False,-1.0,-1.0,-0.009133382397752793,0.009133382397752793,1.9320476530267863
2007-05-10 00:00:00-04:00,14.324365615844727,10.865192413330078,-1.1780040468982738,1.5251249826134732,0.44,False,False,0.0,False,False,-1.0,-1.0,0.00012384965035452375,-0.00012384965035452375,1.9319238033764319
2007-05-11 00:00:00-04:00,14.401724815368652,10.76373291015625,-1.1799920080802295,1.7006060042741264,0.795,False,False,0.0,False,False,-1.0,-1.0,0.006474635063359694,-0.006474635063359694,1.9254491683130721
2007-05-14 00:00:00-04:00,14.559429168701172,10.782751083374023,-1.1822612464505087,1.8114004327058257,0.997,False,False,0.0,False,False,-1.0,-1.0,0.004057295586369617,-0.004057295586369617,1.9213918727267025
2007-05-15 00:00:00-04:00,14.618943214416504,10.58828067779541,-1.185206474182029,2.069644404636902,1.488,False,False,0.0,False,False,-1.0,-1.0,0.009505361874393034,-0.009505361874393034,1.9118865108523095
2007-05-16 00:00:00-04:00,14.672504425048828,10.83348560333252,-1.1881539173197893,1.8006560672217553,0.88,False,False,0.0,False,False,-1.0,-1.0,-0.009765643779525456,0.009765643779525456,1.921652154631835
2007-05-17 00:00:00-04:00,14.705223083496094,10.759501457214355,-1.191261627057003,1.8878418712527267,1.035,False,False,0.0,False,False,-1.0,-1.0,0.0031677890323942894,-0.0031677890323942894,1.9184843655994408
2007-05-18 00:00:00-04:00,14.708206176757812,10.839829444885254,-1.19425620366307,1.7626726155539867,0.741,False,False,0.0,False,False,-1.0,-1.0,-0.004526304828381462,0.004526304828381462,1.9230106704278223
2007-05-21 00:00:00-04:00,14.669522285461426,10.93283748626709,-1.1968378592534479,1.584688472831676,0.359,False,False,0.0,False,False,-1.0,-1.0,-0.006412836316334204,0.006412836316334204,1.9294235067441563
2007-05-22 00:00:00-04:00,14.708206176757812,10.964547157287598,-1.199074121911336,1.56090142197775,0.309,False,False,0.0,False,False,-1.0,-1.0,-0.0008539441589274307,0.0008539441589274307,1.9302774509030838
2007-05-23 00:00:00-04:00,14.488014221191406,10.774297714233398,-1.2010257830848827,1.5478048717645763,0.281,False,False,0.0,False,False,-1.0,-1.0,-0.0004774844487997765,0.0004774844487997765,1.9307549353518836
2007-05-24 00:00:00-04:00,14.12500286102295,10.742589950561523,-1.202135125145375,1.210958146419225,-0.405,False,False,0.0,False,True,0.0,0.0,-0.012457788108224234,0.012457788108224234,1.9432127234601078
2007-05-25 00:00:00-04:00,14.041674613952637,10.907472610473633,-1.2021051473123883,0.9297456447333907,-0.943,False,False,0.0,False,False,0.0,0.0,-0.01035636028288018,-0.0,1.9432127234601078
2007-05-29 00:00:00-04:00,14.175583839416504,10.943408012390137,-1.2014326218195486,1.0278164594495678,-0.695,False,False,0.0,False,False,0.0,0.0,0.0035892674338792205,0.0,1.9432127234601078
2007-05-30 00:00:00-04:00,14.282706260681152,11.085034370422363,-1.200195836074839,0.978494166553757,-0.856,False,False,0.0,False,False,0.0,0.0,-0.0017878870072203503,-0.0,1.9432127234601078
2007-05-31 00:00:00-04:00,14.410651206970215,11.247803688049316,-1.1984515910920166,0.930702980736859,-0.981,False,False,0.0,False,False,0.0,0.0,-0.0017135230790343977,-0.0,1.9432127234601078
2007-06-01 00:00:00-04:00,14.401724815368652,11.528943061828613,-1.1957173926265534,0.6163670777389498,-1.667,True,False,1.0,False,False,0.0,1.0,-0.01115177146861097,-0.0,1.9432127234601078
2007-06-04 00:00:00-04:00,14.333288192749023,11.61561107635498,-1.1920060036069111,0.48741005417095273,-1.894,False,False,1.0,False,False,0.0,1.0,-0.00457632500733828,-0.00457632500733828,1.9386363984527697
2007-06-05 00:00:00-04:00,14.196410179138184,11.57756233215332,-1.1875156995721012,0.447873146931526,-1.871,False,False,1.0,False,False,0.0,1.0,-0.0014148141680287688,-0.0014148141680287688,1.9372215842847407
2007-06-06 00:00:00-04:00,13.946460723876953,11.391545295715332,-1.182540639381998,0.4754954663327542,-1.736,False,False,1.0,False,False,0.0,1.0,0.0010074731092534308,0.0010074731092534308,1.9382290573939942
2007-06-07 00:00:00-04:00,13.479299545288086,11.07235336303711,-1.177193996904391,0.44499163471665604,-1.704,False,False,1.0,False,False,0.0,1.0,-0.0011504972179618206,-0.0011504972179618206,1.9370785601760323
2007-06-08 00:00:00-04:00,13.500123023986816,11.161137580871582,-1.171530093165636,0.4245144740338507,-1.65,False,False,1.0,False,False,0.0,1.0,-0.000770521053233594,-0.000770521053233594,1.9363080391227987
2007-06-11 00:00:00-04:00,13.535835266113281,11.040645599365234,-1.1661079859624335,0.6612502625124836,-1.197,False,False,1.0,False,False,0.0,1.0,0.008963726667769376,0.008963726667769376,1.9452717657905683
2007-06-12 00:00:00-04:00,13.336474418640137,10.909589767456055,-1.1608893973062493,0.6716473286396525,-1.178,False,False,1.0,False,False,0.0,1.0,0.0003998671421780075,0.0003998671421780075,1.9456716329327461
2007-06-13 00:00:00-04:00,13.51203441619873,10.99413776397705,-1.1560527081733656,0.8022316801219915,-0.941,False,False,1.0,False,False,0.0,1.0,0.004979984839506459,0.004979984839506459,1.9506516177722526
2007-06-14 00:00:00-04:00,13.479299545288086,11.239348411560059,-1.1509709077091321,0.5431365019756136,-1.332,False,False,1.0,False,False,0.0,1.0,-0.009808466434284175,-0.009808466434284175,1.9408431513379685
2007-06-15 00:00:00-04:00,13.562616348266602,11.334468841552734,-1.1457692834497486,0.575930105397223,-1.198,False,False,1.0,False,False,0.0,1.0,0.0012351964165174803,0.0012351964165174803,1.942078347754486
2007-06-18 00:00:00-04:00,13.413839340209961,11.480323791503906,-1.1399893754687462,0.3263921909544347,-1.522,True,False,1.0,False,False,0.0,1.0,-0.009416067953606026,-0.009416067953606026,1.93266227980088
2007-06-19 00:00:00-04:00,13.413839340209961,11.13154411315918,-1.1347179358221204,0.7826765816131012,-0.698,False,False,1.0,False,False,0.0,1.0,0.01751907674753345,0.01751907674753345,1.9501813565484134
2007-06-20 00:00:00-04:00,13.14008903503418,11.148449897766113,-1.1293591565258954,0.5494850619218372,-1.037,False,False,1.0,False,False,0.0,1.0,-0.009062776490995942,-0.009062776490995942,1.9411185800574176
2007-06-21 00:00:00-04:00,13.2501802444458,11.042757987976074,-1.1244903935643489,0.8327049685107273,-0.503,False,False,1.0,False,False,0.0,1.0,0.011034116706296183,0.011034116706296183,1.9521526967637137
2007-06-22 00:00:00-04:00,13.169841766357422,11.203409194946289,-1.1195619631010565,0.6269309746389276,-0.82,False,False,1.0,False,False,0.0,1.0,-0.008002799132727226,-0.008002799132727226,1.9441498976309863
2007-06-25 00:00:00-04:00,13.125208854675293,10.992025375366211,-1.1150735328182586,0.8682922865377467,-0.341,False,False,1.0,False,False,0.0,1.0,0.009509105635491401,0.009509105635491401,1.9536590032664778
2007-06-26 00:00:00-04:00,13.092476844787598,11.04698657989502,-1.110803904286507,0.8214410212395631,-0.387,False,False,1.0,False,False,0.0,1.0,-0.0018471915113190838,-0.0018471915113190838,1.9518118117551588
2007-06-27 00:00:00-04:00,13.208525657653809,11.194954872131348,-1.1066750061180965,0.8193489060460344,-0.355,False,False,1.0,False,False,0.0,1.0,-8.173058503765338e-05,-8.173058503765338e-05,1.951730081170121
2007-06-28 00:00:00-04:00,13.217449188232422,11.13154411315918,-1.102886699972408,0.9406172356730078,-0.089,False,False,1.0,False,False,0.0,1.0,0.0047566875471903155,0.0047566875471903155,1.9564867687173113
2007-06-29 00:00:00-04:00,13.160914421081543,11.002593994140625,-1.0995857980817882,1.0626183230645339,0.193,False,False,1.0,False,False,0.0,1.0,0.004829964392564079,0.004829964392564079,1.9613167331098755
2007-07-02 00:00:00-04:00,13.26504898071289,10.966666221618652,-1.09696321842948,1.2350195068042282,0.602,False,True,0.0,False,False,0.0,0.0,0.00681560185903261,0.00681560185903261,1.968132334968908
2007-07-03 00:00:00-04:00,13.217449188232422,10.951865196228027,-1.094812501130657,1.2272102607042203,0.697,False,False,0.0,False,False,0.0,0.0,-0.0003097962044018349,-0.0,1.968132334968908
2007-07-05 00:00:00-04:00,13.143064498901367,10.909589767456055,-1.0929864371806177,1.219030847867451,0.762,False,False,0.0,False,False,0.0,0.0,-0.0003263007464144983,-0.0,1.968132334968908
2007-07-06 00:00:00-04:00,13.056771278381348,11.023736000061035,-1.091029911013231,1.029545571201405,0.395,False,False,0.0,False,False,0.0,0.0,-0.00755403043522595,-0.0,1.968132334968908
2007-07-09 00:00:00-04:00,13.065690994262695,10.829259872436523,-1.0894385220179958,1.2678781242866588,1.163,False,False,0.0,False,False,0.0,0.0,0.009585638226478947,0.0,1.968132334968908
2007-07-10 00:00:00-04:00,12.86037826538086,10.643240928649902,-1.0881345590815301,1.2790999902859035,1.28,False,False,0.0,False,False,0.0,0.0,0.00045912870024423575,0.0,1.968132334968908
2007-07-11 00:00:00-04:00,12.866332054138184,10.719342231750488,-1.0869132597012907,1.2153368471725514,1.18,False,False,0.0,False,False,0.0,0.0,-0.0026007379366555527,-0.0,1.968132334968908
2007-07-12 00:00:00-04:00,13.024041175842285,10.888446807861328,-1.085722095606738,1.2022138897085881,1.244,False,False,0.0,False,False,0.0,0.0,-0.0005281746333015738,-0.0,1.968132334968908
2007-07-13 00:00:00-04:00,13.2025728225708,11.057555198669434,-1.084563734889295,1.2099494575573413,1.271,False,False,0.0,False,False,0.0,0.0,0.0003070255056225808,0.0,1.968132334968908
2007-07-16 00:00:00-04:00,13.104379653930664,10.983570098876953,-1.0834217708221008,1.2045406874567188,1.199,False,False,0.0,False,False,0.0,0.0,-0.00021631430210775128,-0.0,1.968132334968908
2007-07-17 00:00:00-04:00,13.038922309875488,10.9772310256958,-1.082206126283233,1.1592956442411158,1.023,False,False,0.0,False,False,0.0,0.0,-0.001815717410354441,-0.0,1.968132334968908
2007-07-18 00:00:00-04:00,13.19959831237793,10.605192184448242,-1.0820160629231348,1.7246100184180424,2.534,False,False,0.0,True,False,-1.0,-1.0,0.022910794137954157,0.0,1.968132334968908
2007-07-19 00:00:00-04:00,13.46739673614502,10.586165428161621,-1.0830810006913052,2.001722090728032,2.829,False,False,0.0,False,False,-1.0,-1.0,0.011114237314337215,-0.011114237314337215,1.9570180976545708
2007-07-20 00:00:00-04:00,13.413839340209961,10.467793464660645,-1.0851430975650098,2.0547855152973433,2.568,False,False,0.0,False,False,-1.0,-1.0,0.0021419954550976066,-0.0021419954550976066,1.9548761021994732
2007-07-23 00:00:00-04:00,13.449545860290527,10.33250617980957,-1.0881972664278905,2.205740880072467,2.547,False,False,0.0,False,False,-1.0,-1.0,0.006113198882975678,-0.006113198882975678,1.9487629033164975
2007-07-24 00:00:00-04:00,13.187697410583496,10.184535026550293,-1.0917028713250778,2.069211278987714,2.055,False,False,0.0,False,False,-1.0,-1.0,-0.005617072743971875,0.005617072743971875,1.9543799760604692
2007-07-25 00:00:00-04:00,13.268035888671875,10.347301483154297,-1.0953020599652823,1.934615259091153,1.658,False,False,0.0,False,False,-1.0,-1.0,-0.005471058991840584,0.005471058991840584,1.95985103505231
2007-07-26 00:00:00-04:00,13.041892051696777,9.567289352416992,-1.0999730335387485,2.51813175997569,2.474,False,False,0.0,False,False,-1.0,-1.0,0.024761313303831335,-0.024761313303831335,1.9350897217484786
2007-07-27 00:00:00-04:00,12.771116256713867,9.77233600616455,-1.1044611990794455,1.9779503135381287,1.409,False,False,0.0,False,False,-1.0,-1.0,-0.0229237386420407,0.0229237386420407,1.9580134603905193
2007-07-30 00:00:00-04:00,12.696724891662598,10.328278541564941,-1.1075584179538014,1.2575530499807357,0.083,False,False,0.0,False,False,-1.0,-1.0,-0.02984754498730278,0.02984754498730278,1.987861005377822
2007-07-31 00:00:00-04:00,12.774085998535156,10.045022964477539,-1.1102752768213615,1.621345345972923,0.701,False,True,0.0,False,False,-1.0,-1.0,0.01520436877388846,-0.01520436877388846,1.9726566366039338
2007-08-01 00:00:00-04:00,12.98535442352295,9.92453384399414,-1.1132871056888232,1.9364988650319415,1.204,False,False,0.0,False,False,-1.0,-1.0,0.013112705568223967,-0.013112705568223967,1.9595439310357097
2007-08-02 00:00:00-04:00,13.357300758361816,10.038680076599121,-1.1169098200429108,2.1450004005391374,1.486,False,False,0.0,False,False,-1.0,-1.0,0.008486158750450848,-0.008486158750450848,1.951057772285259
2007-08-03 00:00:00-04:00,12.872279167175293,9.806159973144531,-1.120482930273368,1.884644305736897,0.961,False,False,0.0,False,False,-1.0,-1.0,-0.010911862234290196,0.010911862234290196,1.961969634519549
2007-08-06 00:00:00-04:00,13.27696418762207,9.81883716583252,-1.1246668655369254,2.2340433691077415,1.529,False,False,0.0,True,False,-1.0,-1.0,0.014366805734594722,-0.014366805734594722,1.9476028287849543
2007-08-07 00:00:00-04:00,13.446564674377441,10.340958595275879,-1.1285090133954674,1.7766996924592817,0.63,False,False,0.0,False,False,-1.0,-1.0,-0.018208944619396712,0.018208944619396712,1.965811773404351
2007-08-08 00:00:00-04:00,13.40491008758545,10.755277633666992,-1.1311055281545108,1.2395560993081478,-0.447,False,False,0.0,False,True,0.0,0.0,-0.0210065719914944,0.0210065719914944,1.9868183453958452
2007-08-09 00:00:00-04:00,12.863357543945312,10.78064250946045,-1.1316463951301252,0.6634823109278081,-1.557,True,False,1.0,False,False,0.0,1.0,-0.022984815786008465,-0.0,1.9868183453958452
2007-08-10 00:00:00-04:00,12.746641159057617,10.353641510009766,-1.131366284993648,1.0328802277218436,-0.885,False,False,1.0,False,False,0.0,1.0,0.015101874263101887,0.015101874263101887,2.001920219658947
2007-08-13 00:00:00-04:00,12.90526008605957,9.979487419128418,-1.131596436890765,1.612507680577636,0.245,False,True,0.0,False,False,0.0,0.0,0.02395351490368901,0.02395351490368901,2.0258737345626363
2007-08-14 00:00:00-04:00,12.839415550231934,9.831523895263672,-1.1323699854717924,1.7064929797866295,0.396,False,False,0.0,False,False,0.0,0.0,0.003920572900977354,0.0,2.0258737345626363
2007-08-15 00:00:00-04:00,12.516181945800781,9.761764526367188,-1.1330647898722395,1.4554702739502634,-0.182,False,False,0.0,False,False,0.0,0.0,-0.010646979619419968,-0.0,2.0258737345626363
2007-08-16 00:00:00-04:00,12.60596752166748,9.672980308532715,-1.1340389830261302,1.6364307697472587,0.175,False,False,0.0,False,False,0.0,0.0,0.00767578473389137,0.0,2.0258737345626363
2007-08-17 00:00:00-04:00,12.836423873901367,9.6856689453125,-1.1355909715156693,1.837465666514797,0.586,False,True,0.0,False,False,0.0,0.0,0.008434305608440891,0.0,2.0258737345626363
2007-08-20 00:00:00-04:00,12.851386070251465,9.882256507873535,-1.1371597944580458,1.6136812909763094,0.048,False,False,0.0,False,False,0.0,0.0,-0.009289863902974373,-0.0,2.0258737345626363
2007-08-21 00:00:00-04:00,12.914234161376953,10.040792465209961,-1.138501827090409,1.4827735942998004,-0.275,False,False,0.0,False,True,0.0,0.0,-0.005377036808216866,-0.0,2.0258737345626363
2007-08-22 00:00:00-04:00,12.986066818237305,10.357869148254395,-1.1391220057295348,1.1871901389936905,-0.962,False,False,0.0,False,False,0.0,0.0,-0.011925928148117515,-0.0,2.0258737345626363
2007-08-23 00:00:00-04:00,13.021980285644531,9.954124450683594,-1.1401193220242734,1.6730906655859101,0.132,False,False,0.0,False,False,0.0,0.0,0.019937758827333098,0.0,2.0258737345626363
2007-08-24 00:00:00-04:00,13.210530281066895,10.173966407775879,-1.1412603219858577,1.599386102655295,-0.07,False,False,0.0,False,False,0.0,0.0,-0.002969363048046508,-0.0,2.0258737345626363
2007-08-27 00:00:00-04:00,12.896283149719238,10.16128158569336,-1.1419204413618633,1.2929079965821035,-0.815,False,False,0.0,False,True,0.0,0.0,-0.01250948491952884,-0.0,2.0258737345626363
2007-08-28 00:00:00-04:00,12.74363899230957,9.856890678405762,-1.142581084561244,1.4813421505750988,-0.381,False,False,0.0,False,False,0.0,0.0,0.007849481698845797,0.0,2.0258737345626363
2007-08-29 00:00:00-04:00,13.132719039916992,10.127462387084961,-1.1433842903771207,1.5531376451388734,-0.234,False,False,0.0,False,False,0.0,0.0,0.0029052533880243934,0.0,2.0258737345626363
2007-08-30 00:00:00-04:00,13.228485107421875,10.176076889038086,-1.144351880181457,1.5834723865800697,-0.189,False,False,0.0,False,False,0.0,0.0,0.0012195607409395805,0.0,2.0258737345626363
2007-08-31 00:00:00-04:00,13.26141357421875,10.180307388305664,-1.145472743785841,1.6001489375529925,-0.18,False,False,0.0,False,False,0.0,0.0,0.0006691315769442301,0.0,2.0258737345626363
2007-09-04 00:00:00-04:00,13.617561340332031,10.165510177612305,-1.1473871091248424,1.9537860048622857,0.695,False,True,0.0,False,False,0.0,0.0,0.013988068425502978,0.0,2.0258737345626363
2007-09-05 00:00:00-04:00,13.497845649719238,10.226811408996582,-1.1494809870239253,1.7423203771983076,0.131,False,False,0.0,False,False,0.0,0.0,-0.008373758430710901,-0.0,2.0258737345626363
2007-09-06 00:00:00-04:00,13.644498825073242,10.10843276977539,-1.1521922745714632,1.9976406797130188,0.81,False,True,0.0,False,False,0.0,0.0,0.010095160287887683,0.0,2.0258737345626363
2007-09-07 00:00:00-04:00,13.375138282775879,9.736397743225098,-1.1555692600157528,2.1240563474182075,1.135,False,False,0.0,False,False,0.0,0.0,0.005133376806729857,0.0,2.0258737345626363
2007-09-10 00:00:00-04:00,13.258415222167969,9.647614479064941,-1.1593283553534717,2.0736621950692697,1.025,False,False,0.0,False,False,0.0,0.0,-0.0020616865962312246,-0.0,2.0258737345626363
2007-09-11 00:00:00-04:00,13.32126235961914,9.72371768951416,-1.1632571858291192,2.0100778843180738,0.863,False,False,0.0,False,False,0.0,0.0,-0.002581323373082678,-0.0,2.0258737345626363
2007-09-12 00:00:00-04:00,13.258415222167969,9.6856689453125,-1.1672021052717751,1.9532820382337643,0.708,False,False,0.0,False,False,0.0,0.0,-0.0023122003851121114,-0.0,2.0258737345626363
2007-09-13 00:00:00-04:00,13.165637969970703,9.81672477722168,-1.170647058956789,1.6737179809279041,0.025,False,False,0.0,False,False,0.0,0.0,-0.011337864754107425,-0.0,2.0258737345626363
2007-09-14 00:00:00-04:00,13.213522911071777,10.051362037658691,-1.1732591687618785,1.4206702418436397,-0.671,False,False,0.0,False,True,0.0,0.0,-0.01011932889961135,-0.0,2.0258737345626363
2007-09-17 00:00:00-04:00,13.132719039916992,10.004857063293457,-1.1751576672756174,1.3754345519910682,-0.823,False,False,0.0,False,False,0.0,0.0,-0.0018174240032537176,-0.0,2.0258737345626363
2007-09-18 00:00:00-04:00,13.333239555358887,10.469905853271484,-1.1758567383115717,1.0221302083018458,-1.733,True,False,1.0,False,False,0.0,1.0,-0.013777083794704496,-0.0,2.0258737345626363
2007-09-19 00:00:00-04:00,13.566685676574707,10.552345275878906,-1.1759140492971287,1.1580346136345145,-1.266,False,False,1.0,False,False,0.0,1.0,0.005232055572389351,0.005232055572389351,2.031105790135025
2007-09-20 00:00:00-04:00,13.43798542022705,10.368440628051758,-1.17566859068468,1.2481354394476618,-0.961,False,False,1.0,False,False,0.0,1.0,0.0035157407718331484,0.0035157407718331484,2.0346215309068585
2007-09-21 00:00:00-04:00,13.590630531311035,10.237380027770996,-1.175799781920401,1.5535213272216293,-0.063,False,False,1.0,False,False,0.0,1.0,0.011916224018465737,0.011916224018465737,2.0465377549253243
2007-09-24 00:00:00-04:00,13.509818077087402,9.939327239990234,-1.1767103784516246,1.8141085589639516,0.761,False,True,0.0,False,False,0.0,0.0,0.010338495425576211,0.010338495425576211,2.056876250350901
2007-09-25 00:00:00-04:00,13.506818771362305,9.577862739562988,-1.1789411526694107,2.215082233072515,1.844,False,False,0.0,True,False,-1.0,-1.0,0.01616923522768668,0.0,2.056876250350901
2007-09-26 00:00:00-04:00,13.572671890258789,9.598998069763184,-1.1821445419103866,2.2252687142799044,1.73,False,False,0.0,False,False,-1.0,-1.0,0.0004087660723458419,-0.0004087660723458419,2.0564674842785546
2007-09-27 00:00:00-04:00,13.605588912963867,9.64972972869873,-1.1859421070084006,2.161568106449293,1.552,False,False,0.0,False,False,-1.0,-1.0,-0.002542978056104333,0.002542978056104333,2.0590104623346592
2007-09-28 00:00:00-04:00,13.47689437866211,9.742741584777832,-1.1896673369007016,1.8862729433877448,0.675,False,False,0.0,False,False,-1.0,-1.0,-0.010982147776625545,0.010982147776625545,2.069992610111285
2007-10-01 00:00:00-04:00,13.662454605102539,9.8759126663208,-1.1933354326139214,1.8771780909812996,0.618,False,False,0.0,False,False,-1.0,-1.0,-0.00035739344949203307,0.00035739344949203307,2.070350003560777
2007-10-02 00:00:00-04:00,13.530770301818848,9.77656078338623,-1.1968602800985932,1.8295930242142813,0.454,False,False,0.0,False,False,-1.0,-1.0,-0.001885905422767438,0.001885905422767438,2.0722359089835445
2007-10-03 00:00:00-04:00,13.572671890258789,9.808271408081055,-1.2002274285465757,1.800515519650764,0.333,False,False,0.0,False,False,-1.0,-1.0,-0.0011472756597216232,0.0011472756597216232,2.0733831846432658
2007-10-04 00:00:00-04:00,13.767207145690918,9.81461238861084,-1.2037675749341752,1.9526949917339351,0.78,False,False,0.0,False,False,-1.0,-1.0,0.005948758576413025,-0.005948758576413025,2.067434426066853
2007-10-05 00:00:00-04:00,13.7791748046875,10.209903717041016,-1.206526978428329,1.4606505229218385,-0.731,False,False,0.0,False,True,0.0,0.0,-0.018853940616838052,0.018853940616838052,2.086288366683691
2007-10-08 00:00:00-04:00,13.63252067565918,10.034452438354492,-1.2087661400482141,1.5032143342520303,-0.585,False,False,0.0,False,False,0.0,0.0,0.0016522046864919462,0.0,2.086288366683691
2007-10-09 00:00:00-04:00,13.839033126831055,10.000632286071777,-1.2110500297346256,1.727767099418772,0.094,False,False,0.0,False,False,0.0,0.0,0.008653185993427102,0.0,2.086288366683691
2007-10-10 00:00:00-04:00,13.734281539916992,10.142261505126953,-1.2128041637508329,1.433704556649234,-0.878,False,False,0.0,False,True,0.0,0.0,-0.011294954512914571,-0.0,2.086288366683691
2007-10-11 00:00:00-04:00,13.701361656188965,9.937213897705078,-1.2145400841089955,1.6322170530611597,-0.232,False,False,0.0,False,False,0.0,0.0,0.00770308873308059,0.0,2.086288366683691
2007-10-12 00:00:00-04:00,13.800127983093262,10.178194999694824,-1.2158700752890577,1.4247652625076057,-0.876,False,False,0.0,False,False,0.0,0.0,-0.007925421261516104,-0.0,2.086288366683691
2007-10-15 00:00:00-04:00,13.737276077270508,10.305021286010742,-1.216463961129274,1.2015890641683953,-1.562,True,False,1.0,False,False,0.0,1.0,-0.008494519539784624,-0.0,2.086288366683691
2007-10-16 00:00:00-04:00,13.692383766174316,10.076728820800781,-1.2169537023562411,1.4294713200609657,-0.834,False,False,1.0,False,False,0.0,1.0,0.00877979792751073,0.00877979792751073,2.0950681646112015
2007-10-17 00:00:00-04:00,13.653475761413574,9.987945556640625,-1.2174900329180933,1.493251596875055,-0.626,False,False,1.0,False,False,0.0,1.0,0.0024707917500027634,0.0024707917500027634,2.0975389563612046
2007-10-18 00:00:00-04:00,13.686395645141602,9.829405784606934,-1.2184759579833424,1.7095010153356611,0.04,False,False,1.0,False,False,0.0,1.0,0.00842641049311235,0.00842641049311235,2.105965366854317
2007-10-19 00:00:00-04:00,13.414047241210938,9.43834400177002,-1.2201358088781764,1.8979857481407905,0.603,False,True,0.0,False,False,0.0,0.0,0.007560525901194579,0.007560525901194579,2.1135258927555114
2007-10-22 00:00:00-04:00,13.542745590209961,9.603226661682129,-1.2221195197776697,1.8064548341188829,0.332,False,False,0.0,False,False,0.0,0.0,-0.003620822913026148,-0.0,2.1135258927555114
2007-10-23 00:00:00-04:00,13.512811660766602,9.478510856628418,-1.224522175635318,1.9061649248249903,0.628,False,False,0.0,False,False,0.0,0.0,0.003969436328259929,0.0,2.1135258927555114
2007-10-24 00:00:00-04:00,13.677413940429688,9.296716690063477,-1.2278847227404728,2.2621175450543696,1.665,False,False,0.0,True,False,-1.0,-1.0,0.014185499113719389,0.0,2.1135258927555114
2007-10-25 00:00:00-04:00,13.871954917907715,8.850696563720703,-1.2331778764700345,2.957471724177987,3.151,False,False,0.0,False,False,-1.0,-1.0,0.02805381620351262,-0.02805381620351262,2.0854720765519987
2007-10-26 00:00:00-04:00,14.039556503295898,8.857038497924805,-1.2400529562487106,3.056359730335606,2.897,False,False,0.0,False,False,-1.0,-1.0,0.003951923478039192,-0.003951923478039192,2.08152015307396
2007-10-29 00:00:00-04:00,14.126350402832031,8.88874340057373,-1.248058004032789,3.0326830559523543,2.502,False,False,0.0,False,False,-1.0,-1.0,-0.0009388048263178619,0.0009388048263178619,2.0824589579002777
2007-10-30 00:00:00-04:00,14.099414825439453,8.935247421264648,-1.256627209700269,2.8711397904741336,1.988,False,False,0.0,False,False,-1.0,-1.0,-0.0063781286950597175,0.0063781286950597175,2.0888370865953374
2007-10-31 00:00:00-04:00,14.329870223999023,8.75980281829834,-1.2662356983866898,3.2378951846413315,2.363,False,False,0.0,False,False,-1.0,-1.0,0.014426780997516438,-0.014426780997516438,2.074410305597821
2007-11-01 00:00:00-04:00,14.308911323547363,8.645652770996094,-1.2766507734627979,3.271432026364419,2.17,False,False,0.0,False,False,-1.0,-1.0,0.0013231407274082784,-0.0013231407274082784,2.0730871648704126
2007-11-02 00:00:00-04:00,14.305923461914062,8.61182689666748,-1.2875712283278686,3.217582926424937,1.903,False,False,0.0,False,False,-1.0,-1.0,-0.0021205221755979486,0.0021205221755979486,2.0752076870460106
2007-11-05 00:00:00-05:00,14.332856178283691,8.307433128356934,-1.2993407241987585,3.538670001051635,2.181,False,False,0.0,False,False,-1.0,-1.0,0.012778546320085094,-0.012778546320085094,2.0624291407259254
2007-11-06 00:00:00-05:00,14.21613597869873,8.42158317565918,-1.3111627426550434,3.1740698846038704,1.542,False,False,0.0,False,False,-1.0,-1.0,-0.014434919611340306,0.014434919611340306,2.0768640603372654
2007-11-07 00:00:00-05:00,13.991670608520508,8.231337547302246,-1.3228418273359348,3.102913006028313,1.353,False,False,0.0,False,False,-1.0,-1.0,-0.0028599539353611927,0.0028599539353611927,2.0797240142726268
2007-11-08 00:00:00-05:00,14.165260314941406,8.449064254760742,-1.3341482691856834,2.8929558632137358,0.99,False,False,0.0,False,False,-1.0,-1.0,-0.00825382243703158,0.00825382243703158,2.0879778367096584
2007-11-09 00:00:00-05:00,14.09605884552002,8.252472877502441,-1.3452846749582528,2.9941335529073516,1.071,False,False,0.0,False,False,-1.0,-1.0,0.004015308888955975,-0.004015308888955975,2.0839625278207023
2007-11-12 00:00:00-05:00,14.03587818145752,8.5209379196167,-1.355507013019321,2.4856870739148214,0.336,False,False,0.0,False,False,-1.0,-1.0,-0.019872004302400523,0.019872004302400523,2.103834532123103
2007-11-13 00:00:00-05:00,14.059948921203613,8.747119903564453,-1.3644516609425945,2.1249266403210676,-0.171,False,False,0.0,False,False,-1.0,-1.0,-0.013878085526203694,0.013878085526203694,2.117712617649307
2007-11-14 00:00:00-05:00,13.987743377685547,8.504022598266602,-1.3726748172537366,2.3144857116882935,0.091,False,False,0.0,False,False,-1.0,-1.0,0.007387048971493316,-0.007387048971493316,2.1103255686778133
2007-11-15 00:00:00-05:00,14.14118766784668,8.362394332885742,-1.3808210087076076,2.594217889900607,0.459,False,True,0.0,False,False,-1.0,-1.0,0.010889538449871516,-0.010889538449871516,2.099436030227942
2007-11-16 00:00:00-05:00,14.147198677062988,8.383537292480469,-1.3887597506527292,2.5044795171699565,0.306,False,False,0.0,False,False,-1.0,-1.0,-0.003479591261126803,0.003479591261126803,2.1029156214890685
2007-11-19 00:00:00-05:00,14.201362609863281,8.246129035949707,-1.3968318921157687,2.6829065859468724,0.526,False,False,0.0,False,False,-1.0,-1.0,0.006937337751774607,-0.006937337751774607,2.095978283737294
2007-11-20 00:00:00-05:00,14.378876686096191,8.290523529052734,-1.4051104347864605,2.729775565581523,0.556,False,False,0.0,False,False,-1.0,-1.0,0.0018007153680124302,-0.0018007153680124302,2.0941775683692816
2007-11-21 00:00:00-05:00,14.333748817443848,8.193286895751953,-1.4135627485763207,2.752023673210367,0.554,False,False,0.0,False,False,-1.0,-1.0,0.0008584873910368536,-0.0008584873910368536,2.0933190809782447
2007-11-23 00:00:00-05:00,14.33675765991211,8.391988754272461,-1.4215850429123689,2.4068319665495768,0.02,False,False,0.0,False,False,-1.0,-1.0,-0.013141807894743415,0.013141807894743415,2.106460888872988
2007-11-26 00:00:00-05:00,14.393926620483398,8.45117473602295,-1.4291250063479524,2.3161414722169464,-0.153,False,False,0.0,False,False,-1.0,-1.0,-0.0034259399288145568,0.0034259399288145568,2.1098868288018027
2007-11-27 00:00:00-05:00,14.529319763183594,8.487114906311035,-1.4363421434843797,2.3389189466545712,-0.148,False,False,0.0,False,False,-1.0,-1.0,0.0008524593050916468,-0.0008524593050916468,2.109034369496711
2007-11-28 00:00:00-05:00,14.788070678710938,8.639310836791992,-1.4433071941093354,2.3188911958223137,-0.228,False,False,0.0,False,True,0.0,0.0,-0.000734767840245048,0.000734767840245048,2.109769137336956
2007-11-29 00:00:00-05:00,14.49321460723877,8.588578224182129,-1.4495369665827558,2.043752980899095,-0.701,False,False,0.0,False,False,0.0,0.0,-0.010211985347629137,-0.0,2.109769137336956
2007-11-30 00:00:00-05:00,14.393926620483398,8.67101764678955,-1.4547106123407554,1.7801052299046756,-1.178,False,False,0.0,False,False,0.0,0.0,-0.00976193020189731,-0.0,2.109769137336956
2007-12-03 00:00:00-05:00,14.442057609558105,8.594919204711914,-1.459283914090391,1.8996302712154325,-1.075,False,False,0.0,False,False,0.0,0.0,0.004429398654134964,0.0,2.109769137336956
2007-12-04 00:00:00-05:00,14.646656036376953,8.55898380279541,-1.4638113337136387,2.117918540773573,-0.761,False,False,0.0,False,False,0.0,0.0,0.008032570689409014,0.0,2.109769137336956
2007-12-05 00:00:00-05:00,14.893377304077148,8.563209533691406,-1.4686865944986314,2.3167062560617033,-0.46,False,False,0.0,False,False,0.0,0.0,0.007236525860464574,0.0,2.109769137336956
2007-12-06 00:00:00-05:00,14.848245620727539,8.34337043762207,-1.4742299400884098,2.5481991203365446,-0.052,False,False,0.0,False,False,0.0,0.0,0.00852697706515262,0.0,2.109769137336956
2007-12-07 00:00:00-05:00,14.950542449951172,8.523046493530273,-1.4799122405782843,2.3371816171578956,-0.531,False,False,0.0,False,True,0.0,0.0,-0.007655574067797217,-0.0,2.109769137336956
2007-12-10 00:00:00-05:00,14.965584754943848,8.411014556884766,-1.485926138197769,2.4674383761068484,-0.308,False,False,0.0,False,False,0.0,0.0,0.004742864628059759,0.0,2.109769137336956
2007-12-11 00:00:00-05:00,14.715859413146973,8.20596981048584,-1.4921547873508572,2.4712822755739214,-0.349,False,False,0.0,False,False,0.0,0.0,0.00014257556474805776,0.0,2.109769137336956
2007-12-12 00:00:00-05:00,14.782047271728516,7.96498966217041,-1.4991881906286109,2.8410288317236674,0.47,False,True,0.0,False,False,0.0,0.0,0.013836232718890498,0.0,2.109769137336956
2007-12-13 00:00:00-05:00,14.923467636108398,7.8973469734191895,-1.5071438580987573,3.0210296498448574,0.882,False,False,0.0,False,False,0.0,0.0,0.00670996240183128,0.0,2.109769137336956
2007-12-14 00:00:00-05:00,14.70081615447998,7.791656017303467,-1.5155280897951933,2.892342594234835,0.6,False,False,0.0,False,False,0.0,0.0,-0.004854413565767502,-0.0,2.109769137336956
2007-12-17 00:00:00-05:00,14.613563537597656,7.762063026428223,-1.5240367597824023,2.7838941535732005,0.367,False,False,0.0,False,False,0.0,0.0,-0.004101179344563359,-0.0,2.109769137336956
2007-12-18 00:00:00-05:00,14.836212158203125,8.117191314697266,-1.5320636044727474,2.4001587744131534,-0.51,False,False,0.0,False,True,0.0,0.0,-0.01407053545181942,-0.0,2.109769137336956
2007-12-19 00:00:00-05:00,14.905412673950195,8.036864280700684,-1.5399276626318628,2.5292230472812847,-0.16,False,False,0.0,False,False,0.0,0.0,0.004730817180235869,0.0,2.109769137336956
2007-12-20 00:00:00-05:00,14.998685836791992,7.96498966217041,-1.5479043112284672,2.669643999828242,0.239,False,True,0.0,False,False,0.0,0.0,0.005138405732936631,0.0,2.109769137336956
2007-12-21 00:00:00-05:00,14.881335258483887,7.950191497802734,-1.5556771580530422,2.51340394320467,-0.114,False,False,0.0,False,False,0.0,0.0,-0.005733734381460652,-0.0,2.109769137336956
2007-12-24 00:00:00-05:00,14.944519996643066,8.079136848449707,-1.5629697743385351,2.3170732997714847,-0.612,False,False,0.0,False,True,0.0,0.0,-0.007120661562360204,-0.0,2.109769137336956
2007-12-26 00:00:00-05:00,14.782047271728516,7.88043737411499,-1.5700068324764194,2.409706751465448,-0.282,False,False,0.0,False,False,0.0,0.0,0.0034113621858668057,0.0,2.109769137336956
2007-12-27 00:00:00-05:00,14.76098918914795,7.662713527679443,-1.577281563295949,2.674732417120701,0.645,False,True,0.0,False,False,0.0,0.0,0.009871614616952394,0.0,2.109769137336956
2007-12-28 00:00:00-05:00,14.757981300354004,7.474575519561768,-1.5851145010853818,2.9099232548388443,1.439,False,False,0.0,False,False,0.0,0.0,0.008839753811559279,0.0,2.109769137336956
2007-12-31 00:00:00-05:00,14.655681610107422,7.597181797027588,-1.5927768015093153,2.555066686953028,0.293,False,False,0.0,False,False,0.0,0.0,-0.01326254429288,-0.0,2.109769137336956
2008-01-02 00:00:00-05:00,14.381892204284668,7.229371070861816,-1.6006539928106478,2.810170534199912,1.142,False,False,0.0,False,False,0.0,0.0,0.009829222569224277,0.0,2.109769137336956
2008-01-03 00:00:00-05:00,14.222416877746582,6.988391399383545,-1.6089140144342393,2.9786960169266905,1.613,False,False,0.0,True,False,-1.0,-1.0,0.006617630221624055,0.0,2.109769137336956
2008-01-04 00:00:00-05:00,14.288612365722656,6.74953031539917,-1.6180410926657982,3.3675949592132532,2.55,False,False,0.0,False,False,-1.0,-1.0,0.015426602683190838,-0.015426602683190838,2.094342534653765
2008-01-07 00:00:00-05:00,14.709846496582031,6.865786552429199,-1.6281509010517101,3.5313099348157166,2.63,False,False,0.0,False,False,-1.0,-1.0,0.006323877981621161,-0.006323877981621161,2.088018656672144
2008-01-08 00:00:00-05:00,14.754977226257324,6.709365367889404,-1.6393103404986904,3.7562452004924243,2.748,False,False,0.0,False,False,-1.0,-1.0,0.008734091989449843,-0.008734091989449843,2.079284564682694
2008-01-09 00:00:00-05:00,14.694799423217773,6.65863037109375,-1.651156546805934,3.700358293225502,2.321,False,False,0.0,False,False,-1.0,-1.0,-0.0021754986158957776,0.0021754986158957776,2.08146006329859
2008-01-10 00:00:00-05:00,14.478166580200195,6.802371978759766,-1.6627565855098747,3.167477775429557,1.113,False,False,0.0,False,False,-1.0,-1.0,-0.02066320935307955,0.02066320935307955,2.1021232726516694
2008-01-11 00:00:00-05:00,14.420995712280273,6.45570182800293,-1.674688598666523,3.6097054645331372,1.889,False,False,0.0,True,False,-1.0,-1.0,0.017526263367661197,-0.017526263367661197,2.0845970092840083
2008-01-14 00:00:00-05:00,14.3307466506958,6.612127780914307,-1.6862970590301125,3.1807350198087008,0.97,False,False,0.0,False,False,-1.0,-1.0,-0.01683507374403727,0.01683507374403727,2.1014320830280457
2008-01-15 00:00:00-05:00,14.393926620483398,6.453587532043457,-1.6979782481602363,3.4358753684755055,1.382,False,False,0.0,False,False,-1.0,-1.0,0.010063922820935017,-0.010063922820935017,2.091368160207111
2008-01-16 00:00:00-05:00,14.496220588684082,6.618469715118408,-1.7094269570043559,3.182430043543736,0.838,False,False,0.0,False,False,-1.0,-1.0,-0.009819651902421131,0.009819651902421131,2.101187812109532
2008-01-17 00:00:00-05:00,13.98473072052002,6.396515369415283,-1.7202378498590385,2.9812028748467796,0.413,False,False,0.0,False,False,-1.0,-1.0,-0.008052868836934379,0.008052868836934379,2.109240680946466
2008-01-18 00:00:00-05:00,13.930569648742676,6.233747959136963,-1.7307264671851943,3.1416570661026455,0.681,False,False,0.0,False,False,-1.0,-1.0,0.00649100129824567,-0.00649100129824567,2.1027496796482206
2008-01-22 00:00:00-05:00,13.602619171142578,6.434565544128418,-1.7399230388313067,2.4069703360434413,-0.883,False,False,0.0,False,True,0.0,0.0,-0.02962653399319194,0.02962653399319194,2.1323762136414124
2008-01-23 00:00:00-05:00,13.710933685302734,7.127906799316406,-1.746505822464724,1.2620029583107346,-2.978,True,False,1.0,False,False,0.0,1.0,-0.043768092972018224,-0.0,2.1323762136414124
2008-01-24 00:00:00-05:00,13.458195686340332,6.950342655181885,-1.7508372501318197,1.2892768644677908,-2.623,False,False,1.0,False,False,0.0,1.0,0.0010642597374088108,0.0010642597374088108,2.1334404733788213
2008-01-25 00:00:00-05:00,13.241570472717285,6.977822780609131,-1.7528201151944358,1.0107023426036292,-2.704,False,False,1.0,False,False,0.0,1.0,-0.01093631144656882,-0.01093631144656882,2.1225041619322527
2008-01-28 00:00:00-05:00,13.497315406799316,7.19555139541626,-1.7526527387596451,0.8860125467372235,-2.529,False,False,1.0,False,False,0.0,1.0,-0.004775809833822931,-0.004775809833822931,2.1177283520984296
2008-01-29 00:00:00-05:00,13.590580940246582,7.447098255157471,-1.7500605604433983,0.5577079941486449,-2.6,False,False,1.0,False,False,0.0,1.0,-0.01233140350572507,-0.01233140350572507,2.1053969485927047
2008-01-30 00:00:00-05:00,13.548460006713867,7.11311149597168,-1.746613501872208,1.1246034275273118,-1.753,False,False,1.0,False,False,0.0,1.0,0.021826910645560863,0.021826910645560863,2.1272238592382653
2008-01-31 00:00:00-05:00,13.698899269104004,8.146783828735352,-1.739043003192546,-0.46870814678038997,-3.004,False,False,1.0,False,False,0.0,1.0,-0.057176580915540946,-0.057176580915540946,2.0700472783227246
2008-02-01 00:00:00-05:00,13.831290245056152,8.411014556884766,-1.72736592411507,-0.697609687742407,-2.743,False,False,1.0,False,False,0.0,1.0,-0.008071227291725167,-0.008071227291725167,2.0619760510309995
2008-02-04 00:00:00-05:00,14.03889274597168,8.237677574157715,-1.713780993066024,-0.07868250762604312,-1.99,False,False,1.0,False,False,0.0,1.0,0.02198170523823617,0.02198170523823617,2.0839577562692355
2008-02-05 00:00:00-05:00,13.855350494384766,7.994584083557129,-1.6996372207942896,0.26745782120146444,-1.579,False,False,1.0,False,False,0.0,1.0,0.012612952729893455,0.012612952729893455,2.096570708999129
2008-02-06 00:00:00-05:00,13.90650463104248,8.007267951965332,-1.685398974850447,0.41106343344727136,-1.37,False,False,1.0,False,False,0.0,1.0,0.005240708566605702,0.005240708566605702,2.1018114175657345
2008-02-07 00:00:00-05:00,13.864386558532715,8.3475980758667,-1.6698225746504467,-0.07462115265813196,-1.622,True,False,1.0,False,False,0.0,1.0,-0.017468535726024227,-0.017468535726024227,2.0843428818397105
2008-02-08 00:00:00-05:00,13.834295272827148,8.512478828430176,-1.6527755648317786,-0.2349217309500915,-1.613,False,False,1.0,False,False,0.0,1.0,-0.005744817236730555,-0.005744817236730555,2.0785980646029802
2008-02-11 00:00:00-05:00,13.792166709899902,8.75980281829834,-1.6338098788097712,-0.5196856710616,-1.677,False,False,1.0,False,False,0.0,1.0,-0.010132498814168018,-0.010132498814168018,2.068465565788812
2008-02-12 00:00:00-05:00,13.885993957519531,8.632969856262207,-1.614610087847984,-0.05288626048898948,-1.275,False,False,1.0,False,False,0.0,1.0,0.01677633500255538,0.01677633500255538,2.0852419007913676
2008-02-13 00:00:00-05:00,13.758877754211426,8.725979804992676,-1.5949791769704444,-0.1588783334165118,-1.266,False,False,1.0,False,False,0.0,1.0,-0.003829659110035695,-0.003829659110035695,2.0814122416813317
2008-02-14 00:00:00-05:00,13.601496696472168,8.493453979492188,-1.5761080339806428,0.2148956431496689,-0.967,False,False,1.0,False,False,0.0,1.0,0.013849585844523794,0.013849585844523794,2.0952618275258557
2008-02-15 00:00:00-05:00,13.57425594329834,8.398330688476562,-1.5585088238464733,0.4853834597269895,-0.748,False,False,1.0,False,False,0.0,1.0,0.010144639152873646,0.010144639152873646,2.105406466678729
2008-02-19 00:00:00-05:00,13.586360931396484,8.18906021118164,-1.5430311982896687,0.950385540870629,-0.414,False,False,1.0,False,False,0.0,1.0,0.0177330530519849,0.0177330530519849,2.1231395197307137
2008-02-20 00:00:00-05:00,13.53794002532959,8.191173553466797,-1.5292497599710368,1.011589834809385,-0.347,False,False,1.0,False,False,0.0,1.0,0.0023482048976548563,0.0023482048976548563,2.1254877246283685
2008-02-21 00:00:00-05:00,13.3502836227417,8.03897762298584,-1.5171050947379854,1.1543097144252226,-0.224,False,False,1.0,False,False,0.0,1.0,0.005586723591207992,0.005586723591207992,2.131074448219577
2008-02-22 00:00:00-05:00,13.5712308883667,8.151008605957031,-1.506411664168616,1.2924564496142565,-0.101,False,False,1.0,False,False,0.0,1.0,0.005344166604256161,0.005344166604256161,2.1364186148238327
2008-02-25 00:00:00-05:00,13.57425594329834,8.3877592086792,-1.4961574724286475,1.0248473263007565,-0.241,False,False,1.0,False,True,0.0,1.0,-0.010243935061094991,-0.010243935061094991,2.126174679762738
2008-02-26 00:00:00-05:00,13.589387893676758,8.666790962219238,-1.4854899019394472,0.7149574370800149,-0.41,False,False,1.0,False,False,0.0,1.0,-0.011709946203494059,-0.011709946203494059,2.114464733559244
2008-02-27 00:00:00-05:00,13.313969612121582,8.565329551696777,-1.4745062454726274,0.6843376936134238,-0.386,False,False,1.0,False,False,0.0,1.0,-0.001180242590082977,-0.001180242590082977,2.113284490969161
2008-02-28 00:00:00-05:00,13.316995620727539,8.282069206237793,-1.4644724613556879,1.1881333451503302,0.047,False,False,1.0,False,False,0.0,1.0,0.01979872927019952,0.01979872927019952,2.1330832202393606
2008-02-29 00:00:00-05:00,13.201990127563477,7.914257049560547,-1.4562782133963772,1.6766300110697596,0.486,False,True,0.0,False,False,0.0,0.0,0.019755317941388868,0.019755317941388868,2.1528385381807498
2008-03-03 00:00:00-05:00,13.32910442352295,8.072797775268555,-1.4492873018496755,1.629301117425923,0.529,False,False,0.0,False,False,0.0,0.0,-0.0018909692006985213,-0.0,2.1528385381807498
2008-03-04 00:00:00-05:00,13.347254753112793,8.053772926330566,-1.4433873166800486,1.722541059826094,0.683,False,False,0.0,False,False,0.0,0.0,0.0037337842469368637,0.0,2.1528385381807498
2008-03-05 00:00:00-05:00,13.34121036529541,8.108736038208008,-1.4382086462677928,1.6791560848414058,0.747,False,False,0.0,False,False,0.0,0.0,-0.0017351724104581552,-0.0,2.1528385381807498
2008-03-06 00:00:00-05:00,13.156584739685059,7.7007575035095215,-1.4344926043906587,2.109905052694778,1.284,False,False,0.0,False,False,0.0,0.0,0.01779714340428505,0.0,2.1528385381807498
2008-03-07 00:00:00-05:00,13.13539981842041,7.702874660491943,-1.4318460193586904,2.106069398176098,1.377,False,False,0.0,False,False,0.0,0.0,-0.00015872945738672062,-0.0,2.1528385381807498
2008-03-10 00:00:00-04:00,13.111186981201172,7.518967151641846,-1.4304825982790126,2.355435313745998,1.784,False,False,0.0,True,False,-1.0,-1.0,0.010448173485539952,0.0,2.1528385381807498
2008-03-11 00:00:00-04:00,13.192907333374023,7.84661340713501,-1.4293492266363175,1.9773565281714376,1.385,False,False,0.0,False,False,-1.0,-1.0,-0.015489662781157888,0.015489662781157888,2.1683282009619074
2008-03-12 00:00:00-04:00,13.077887535095215,7.838161468505859,-1.4282146977850256,1.8833101221628858,1.224,False,False,0.0,False,False,-1.0,-1.0,-0.0038746129084921903,0.0038746129084921903,2.1722028138703995
2008-03-13 00:00:00-04:00,13.074867248535156,7.8740973472595215,-1.4269926045137817,1.8385885667742325,1.133,False,False,0.0,False,False,-1.0,-1.0,-0.0018395494608471814,0.0018395494608471814,2.174042363331247
2008-03-14 00:00:00-04:00,13.029470443725586,7.762063026428223,-1.425941800387092,1.9612203171024447,1.216,False,False,0.0,False,False,-1.0,-1.0,0.00508893569290971,-0.00508893569290971,2.168953427638337
2008-03-17 00:00:00-04:00,13.029470443725586,7.937510013580322,-1.424558575029687,1.7220224894957301,0.902,False,False,0.0,False,False,-1.0,-1.0,-0.009828599648294408,0.009828599648294408,2.178782027286631
2008-03-18 00:00:00-04:00,13.259496688842773,8.415241241455078,-1.4220463263437058,1.292633796135533,0.391,False,False,0.0,False,False,-1.0,-1.0,-0.017021429190846954,0.017021429190846954,2.195803456477478
2008-03-19 00:00:00-04:00,13.090002059936523,8.438494682312012,-1.4182958127549616,1.1217203860583869,0.198,False,False,0.0,False,False,-1.0,-1.0,-0.006820635119815035,0.006820635119815035,2.2026240915972934
2008-03-20 00:00:00-04:00,13.17172622680664,8.71329116821289,-1.4129927821853512,0.8599086970424601,-0.149,False,False,0.0,False,False,-1.0,-1.0,-0.010273755154183365,0.010273755154183365,2.212897846751477
2008-03-24 00:00:00-04:00,12.984068870544434,8.87394905090332,-1.4057077270863465,0.5098901199190848,-0.64,False,False,0.0,False,True,0.0,0.0,-0.013748730169169917,0.013748730169169917,2.2266465769206465
2008-03-25 00:00:00-04:00,13.077887535095215,8.899313926696777,-1.397156666297618,0.6441517569355799,-0.512,False,False,0.0,False,False,0.0,0.0,0.005262763383102239,0.0,2.2266465769206465
2008-03-26 00:00:00-04:00,13.090002059936523,8.80630111694336,-1.3881445289173138,0.8655833444531691,-0.254,False,False,0.0,False,False,0.0,0.0,0.008747250805461751,0.0,2.2266465769206465
2008-03-27 00:00:00-04:00,13.28370189666748,8.575894355773926,-1.3800985126961192,1.4481228512248432,0.47,False,True,0.0,False,False,0.0,0.0,0.02319093082776511,0.0,2.2266465769206465
2008-03-28 00:00:00-04:00,13.19593334197998,8.328577041625977,-1.3734891338910309,1.7567232745323942,0.827,False,False,0.0,False,False,0.0,0.0,0.012526836892268847,0.0,2.2266465769206465
2008-03-31 00:00:00-04:00,13.313969612121582,8.353939056396484,-1.3681995969480947,1.884113562230965,0.955,False,False,0.0,False,False,0.0,0.0,0.005148366685033106,0.0,2.2266465769206465
2008-04-01 00:00:00-04:00,13.57425594329834,8.504022598266602,-1.3640571973368787,1.9742827118173185,1.065,False,False,0.0,False,False,0.0,0.0,0.0035818037946793954,0.0,2.2266465769206465
2008-04-02 00:00:00-04:00,13.743742942810059,8.59914779663086,-1.3609118669238518,2.04106066094303,1.128,False,False,0.0,False,False,0.0,0.0,0.0026242565914898113,0.0,2.2266465769206465
2008-04-03 00:00:00-04:00,13.577280044555664,8.571664810180664,-1.3583132778571947,1.9342739195459977,0.934,False,False,0.0,False,False,0.0,0.0,-0.004234160575302969,-0.0,2.2266465769206465
2008-04-04 00:00:00-04:00,13.50464153289795,8.182716369628906,-1.3570985091236647,2.3998893470927545,1.685,False,False,0.0,True,False,-1.0,-1.0,0.018920231553404297,0.0,2.2266465769206465
2008-04-07 00:00:00-04:00,13.665057182312012,8.1806058883667,-1.3572296118408111,2.562096627821422,1.858,False,False,0.0,False,False,-1.0,-1.0,0.0065490618769884395,-0.0065490618769884395,2.2200975150436584
2008-04-08 00:00:00-04:00,13.674134254455566,8.077025413513184,-1.3586317932285232,2.700430732941795,1.927,False,False,0.0,False,False,-1.0,-1.0,0.005612423547157695,-0.005612423547157695,2.2144850914965004
2008-04-09 00:00:00-04:00,13.69532585144043,7.766290187835693,-1.3617600623285355,3.1195020411918026,2.348,False,False,0.0,False,False,-1.0,-1.0,0.017266232300132578,-0.017266232300132578,2.1972188591963677
2008-04-10 00:00:00-04:00,13.595442771911621,7.960763454437256,-1.3654443857407663,2.725463006840002,1.596,False,False,0.0,False,False,-1.0,-1.0,-0.016105956631492887,0.016105956631492887,2.2133248158278604
2008-04-11 00:00:00-04:00,13.752823829650879,7.84661340713501,-1.370055010595312,3.0025318150012055,1.849,False,False,0.0,False,False,-1.0,-1.0,0.011307492888731948,-0.011307492888731948,2.2020173229391284
2008-04-14 00:00:00-04:00,13.689268112182617,7.6605987548828125,-1.3756035635270532,3.151321166214913,1.894,False,False,0.0,False,False,-1.0,-1.0,0.006141413730657137,-0.006141413730657137,2.195875909208471
2008-04-15 00:00:00-04:00,13.81941032409668,7.762063026428223,-1.3817789514489598,3.0939550143579506,1.699,False,False,0.0,False,False,-1.0,-1.0,-0.002337195595720949,0.002337195595720949,2.1982131048041924
2008-04-16 00:00:00-04:00,14.125093460083008,7.8360443115234375,-1.3887305771888523,3.2429391204636424,1.787,False,False,0.0,False,False,-1.0,-1.0,0.0059576370538250495,-0.0059576370538250495,2.1922554677503676
2008-04-17 00:00:00-04:00,14.097858428955078,7.77686071395874,-1.3962540234745184,3.2393853670892714,1.653,False,False,0.0,False,False,-1.0,-1.0,-0.00014239886882726023,0.00014239886882726023,2.192397866619195
2008-04-18 00:00:00-04:00,14.106934547424316,7.817019939422607,-1.4040317426944942,3.131590419199183,1.41,False,False,0.0,False,False,-1.0,-1.0,-0.00429765370539235,0.00429765370539235,2.196695520324587
2008-04-21 00:00:00-04:00,14.034294128417969,7.7895426750183105,-1.4118216810317796,3.036848894504832,1.21,False,False,0.0,False,False,-1.0,-1.0,-0.003784855831349953,0.003784855831349953,2.200480376155937
2008-04-22 00:00:00-04:00,13.901134490966797,7.7240142822265625,-1.4194175609816806,2.937532977501103,1.023,False,False,0.0,False,False,-1.0,-1.0,-0.003994247796800429,0.003994247796800429,2.2044746239527373
2008-04-23 00:00:00-04:00,14.040349006652832,7.924829006195068,-1.4265535945397585,2.7351557017523156,0.726,False,False,0.0,False,False,-1.0,-1.0,-0.00798472856730066,0.00798472856730066,2.212459352520038
2008-04-24 00:00:00-04:00,14.088774681091309,7.444985866546631,-1.4344328652675067,3.4094422726647338,1.474,False,False,0.0,False,False,-1.0,-1.0,0.02722398479929793,-0.02722398479929793,2.18523536772074
2008-04-25 00:00:00-04:00,14.103911399841309,7.601408004760742,-1.442441339606044,3.1393262545621177,1.088,False,False,0.0,False,False,-1.0,-1.0,-0.010775118388788788,0.010775118388788788,2.196010486109529
2008-04-28 00:00:00-04:00,14.143256187438965,7.762063026428223,-1.4501432585005636,2.8871528176075962,0.762,False,False,0.0,False,False,-1.0,-1.0,-0.00992833840498703,0.00992833840498703,2.205938824514516
2008-04-29 00:00:00-04:00,14.016135215759277,7.681736946105957,-1.4574546805356186,2.8203517490137617,0.651,False,False,0.0,False,False,-1.0,-1.0,-0.0026495828990670788,0.0026495828990670788,2.208588407413583
2008-04-30 00:00:00-04:00,14.3641996383667,7.516855239868164,-1.4653911156905743,3.349066751931751,1.198,False,False,0.0,False,False,-1.0,-1.0,0.02083250228906962,-0.02083250228906962,2.1877559051245132
2008-05-01 00:00:00-04:00,14.421700477600098,7.702874660491943,-1.4733669307678396,3.072539680981718,0.832,False,False,0.0,False,False,-1.0,-1.0,-0.010730222323872218,0.010730222323872218,2.1984861274483856
2008-05-02 00:00:00-04:00,14.476179122924805,7.5739288330078125,-1.4816635713377437,3.25416467915254,0.984,False,False,0.0,False,False,-1.0,-1.0,0.007067617328799101,-0.007067617328799101,2.191418510119586
2008-05-05 00:00:00-04:00,14.376302719116211,7.413276195526123,-1.4902863070350685,3.328398714654602,1.007,False,False,0.0,False,False,-1.0,-1.0,0.00291981717695913,-0.00291981717695913,2.1884986929426273
2008-05-06 00:00:00-04:00,14.4156494140625,7.271649360656738,-1.4994435827109494,3.5122214445015754,1.147,False,False,0.0,False,False,-1.0,-1.0,0.0072602459821806626,-0.0072602459821806626,2.181238446960447
2008-05-07 00:00:00-04:00,14.17956829071045,7.159615516662598,-1.5087236634448737,3.3776869395544917,0.943,False,False,0.0,False,False,-1.0,-1.0,-0.0053853762241890596,0.0053853762241890596,2.186623823184636
2008-05-08 00:00:00-04:00,14.551838874816895,7.151159286499023,-1.5186657653831108,3.691618083609315,1.259,False,False,0.0,False,False,-1.0,-1.0,0.012353628481147648,-0.012353628481147648,2.174270194703488
2008-05-09 00:00:00-04:00,14.530659675598145,7.037010669708252,-1.529203960440041,3.7696350898214614,1.349,False,False,0.0,False,False,-1.0,-1.0,0.0030846900271996928,-0.0030846900271996928,2.1711855046762887
2008-05-12 00:00:00-04:00,14.634147644042969,7.047579288482666,-1.540230187296037,3.7792532765596416,1.378,False,False,0.0,False,False,-1.0,-1.0,0.00037734594865631893,-0.00037734594865631893,2.170808158727632
2008-05-13 00:00:00-04:00,14.655448913574219,7.223030090332031,-1.55115885385608,3.4513818372868066,0.903,False,False,0.0,False,False,-1.0,-1.0,-0.012678947254905268,0.012678947254905268,2.183487105982538
2008-05-14 00:00:00-04:00,14.664579391479492,7.252624034881592,-1.561823912911596,3.337257742444036,0.682,False,False,0.0,False,False,-1.0,-1.0,-0.004390755976828289,0.004390755976828289,2.187877861959366
2008-05-15 00:00:00-04:00,14.618927955627441,7.411162853240967,-1.5716981863241168,2.9708167406359465,-0.062,False,False,0.0,False,False,-1.0,-1.0,-0.013950601719053787,0.013950601719053787,2.20182846367842
2008-05-16 00:00:00-04:00,14.670662879943848,7.165956974029541,-1.5814890745251897,3.3377802169985404,0.634,False,True,0.0,False,False,-1.0,-1.0,0.014112055440952842,-0.014112055440952842,2.187716408237467
2008-05-19 00:00:00-04:00,14.749805450439453,6.9693684577941895,-1.591698569533714,3.656671645615056,1.297,False,False,0.0,False,False,-1.0,-1.0,0.012339595951786391,-0.012339595951786391,2.1753768122856805
2008-05-20 00:00:00-04:00,14.725457191467285,6.842536449432373,-1.6023570564120861,3.7612706279624213,1.517,False,False,0.0,True,False,-1.0,-1.0,0.004071640048613778,-0.004071640048613778,2.1713051722370666
2008-05-21 00:00:00-04:00,14.637187957763672,6.707249164581299,-1.6133879387902184,3.815793053167436,1.699,False,False,0.0,False,False,-1.0,-1.0,0.0021416127323263235,-0.0021416127323263235,2.1691635595047405
2008-05-22 00:00:00-04:00,14.801551818847656,6.804488658905029,-1.6246528532604734,3.7466199041790684,1.467,False,False,0.0,False,False,-1.0,-1.0,-0.0026752728523059956,0.0026752728523059956,2.1718388323570466
2008-05-23 00:00:00-04:00,14.533707618713379,6.863674640655518,-1.6353782011666669,3.3090037314848892,0.146,False,False,0.0,False,False,-1.0,-1.0,-0.01698925310643598,0.01698925310643598,2.1888280854634825
2008-05-27 00:00:00-04:00,14.658495903015137,7.045466423034668,-1.6453564517616728,3.0661922682048104,-0.663,False,False,0.0,False,True,0.0,0.0,-0.009249678773791459,0.009249678773791459,2.198077764237274
2008-05-28 00:00:00-04:00,14.625009536743164,7.14270544052124,-1.6543177869287387,2.8087048796962044,-1.421,False,False,0.0,False,False,0.0,0.0,-0.009738070756296908,-0.0,2.198077764237274
2008-05-29 00:00:00-04:00,14.68588924407959,7.178638935089111,-1.6623660068757067,2.7523639027530287,-1.606,True,False,1.0,False,False,0.0,1.0,-0.0021165370396261144,-0.0,2.198077764237274
2008-05-30 00:00:00-04:00,14.62197208404541,7.223030090332031,-1.669341986905871,2.564264681569645,-2.033,False,False,1.0,False,False,0.0,1.0,-0.007050280393301327,-0.007050280393301327,2.1910274838439725
2008-06-02 00:00:00-04:00,14.570229530334473,7.343517780303955,-1.6749342125676516,2.2703203595045185,-2.532,False,False,1.0,False,False,0.0,1.0,-0.010939441933449645,-0.010939441933449645,2.1800880419105226
2008-06-03 00:00:00-04:00,14.49413013458252,7.3984832763671875,-1.6790340285394958,2.0718249539816327,-2.64,False,False,1.0,False,False,0.0,1.0,-0.007374505695073065,-0.007374505695073065,2.1727135362154497
2008-06-04 00:00:00-04:00,14.561095237731934,7.493605136871338,-1.6817217162836668,1.9589367458005658,-2.522,False,False,1.0,False,False,0.0,1.0,-0.004155916272202278,-0.004155916272202278,2.1685576199432477
2008-06-05 00:00:00-04:00,14.664579391479492,7.584498405456543,-1.6831566877174045,1.898680177353322,-2.337,False,False,1.0,False,False,0.0,1.0,-0.0021967013158468857,-0.0021967013158468857,2.166360918627401
2008-06-06 00:00:00-04:00,14.427175521850586,7.043351173400879,-1.6848693658274119,2.56004889702289,-1.02,False,False,1.0,False,False,0.0,1.0,0.025152548867060066,0.025152548867060066,2.1915134674944605
2008-06-09 00:00:00-04:00,14.5367431640625,6.785461902618408,-1.6877750124721669,3.084410116741303,-0.034,False,False,1.0,False,False,0.0,1.0,0.02017621617072842,0.02017621617072842,2.211689683665189
2008-06-10 00:00:00-04:00,14.51848030090332,7.030667304992676,-1.6907601289128962,2.63130834197022,-0.863,False,False,1.0,False,True,0.0,1.0,-0.01715927220098482,-0.01715927220098482,2.1945304114642044
2008-06-11 00:00:00-04:00,14.402822494506836,6.772780418395996,-1.6943237365002226,2.9275398695145913,-0.322,False,False,1.0,False,False,0.0,1.0,0.01144718773559513,0.01144718773559513,2.2059775991997994
2008-06-12 00:00:00-04:00,14.375433921813965,6.806601524353027,-1.698131030948143,2.816932658011156,-0.498,False,False,1.0,False,False,0.0,1.0,-0.004264960589736455,-0.004264960589736455,2.201712638610063
2008-06-13 00:00:00-04:00,14.418039321899414,6.838308334350586,-1.7020643493089644,2.778798496418915,-0.547,False,False,1.0,False,False,0.0,1.0,-0.0014634743678754855,-0.0014634743678754855,2.2002491642421873
2008-06-16 00:00:00-04:00,14.484996795654297,6.783348560333252,-1.7063275669692586,2.910382150796437,-0.302,False,False,1.0,False,False,0.0,1.0,0.005049332937211895,0.005049332937211895,2.2052984971793994
2008-06-17 00:00:00-04:00,14.527616500854492,6.772780418395996,-1.7109005180292702,2.9400629745222844,-0.254,False,False,1.0,False,False,0.0,1.0,0.0011365357259764653,0.0011365357259764653,2.206435032905376
2008-06-18 00:00:00-04:00,14.484996795654297,6.705134868621826,-1.7157721688920355,2.9805129994054127,-0.158,False,False,1.0,False,False,0.0,1.0,0.0015563998957228184,0.0015563998957228184,2.2079914328010988
2008-06-19 00:00:00-04:00,14.478914260864258,6.927091121673584,-1.720173493312583,2.5631157276004295,-0.904,False,False,1.0,False,True,0.0,1.0,-0.01581366977017608,-0.01581366977017608,2.192177763030923
2008-06-20 00:00:00-04:00,14.256729125976562,6.705134868621826,-1.7243891249752126,2.694467477032985,-0.627,False,False,1.0,False,False,0.0,1.0,0.005087408356803282,0.005087408356803282,2.197265171387726
2008-06-23 00:00:00-04:00,14.284116744995117,6.449359893798828,-1.7291918003720368,3.131936498989914,0.195,False,False,1.0,False,False,0.0,1.0,0.01719861275844164,0.01719861275844164,2.214463784146168
2008-06-24 00:00:00-04:00,14.174546241760254,6.343667030334473,-1.7344837941958047,3.171558581870885,0.29,False,True,0.0,False,False,0.0,0.0,0.0015737078554137105,0.0015737078554137105,2.2160374920015813
2008-06-25 00:00:00-04:00,14.335860252380371,6.343667030334473,-1.7403701621477135,3.2955314341860618,0.53,False,False,0.0,False,False,0.0,0.0,0.0048854007183817575,0.0,2.2160374920015813
2008-06-26 00:00:00-04:00,13.903656005859375,6.1322832107543945,-1.7464622988297132,3.1938545725304,0.374,False,False,0.0,False,False,0.0,0.0,-0.004130945922850191,-0.0,2.2160374920015813
2008-06-27 00:00:00-04:00,13.687551498413086,6.25065803527832,-1.7519852613297957,2.7364907469928106,-0.466,False,False,0.0,False,True,0.0,0.0,-0.018562889049917278,-0.0,2.2160374920015813
2008-06-30 00:00:00-04:00,13.763650894165039,6.13862419128418,-1.7574345091287318,2.975420901829768,0.061,False,False,0.0,False,False,0.0,0.0,0.009731643613843512,0.0,2.2160374920015813
2008-07-01 00:00:00-04:00,13.751466751098633,6.178787708282471,-1.7626528890987772,2.8604087459665237,-0.145,False,False,0.0,False,False,0.0,0.0,-0.004667222900290034,-0.0,2.2160374920015813
2008-07-02 00:00:00-04:00,13.733207702636719,5.9737443923950195,-1.7681376052198596,3.170805598471823,0.527,False,True,0.0,False,False,0.0,0.0,0.012775841189975103,0.0,2.2160374920015813
2008-07-03 00:00:00-04:00,13.745383262634277,6.058295726776123,-1.773585481126292,3.000477921254687,0.162,False,False,0.0,False,False,0.0,0.0,-0.006954906900901933,-0.0,2.2160374920015813
2008-07-07 00:00:00-04:00,13.778862953186035,6.022363662719727,-1.7791000157487924,3.064475665996415,0.319,False,True,0.0,False,False,0.0,0.0,0.002612872694054786,0.0,2.2160374920015813
2008-07-08 00:00:00-04:00,13.864087104797363,6.335211753845215,-1.7839518190989152,2.5623745721483626,-0.719,False,False,0.0,False,True,0.0,0.0,-0.019951724208315362,-0.0,2.2160374920015813
2008-07-09 00:00:00-04:00,14.098450660705566,5.868051052093506,-1.7898250979395756,3.5956656116778785,1.63,False,True,0.0,True,False,-1.0,-1.0,0.04200159096564014,0.0,2.2160374920015813
2008-07-10 00:00:00-04:00,14.068017959594727,5.882846355438232,-1.7963457058106231,3.5003921710595822,1.493,False,False,0.0,False,False,-1.0,-1.0,-0.003867300631246081,0.003867300631246081,2.2199047926328275
2008-07-11 00:00:00-04:00,13.976705551147461,6.041388034820557,-1.8027740982647251,3.0854476844065317,0.594,False,False,0.0,False,False,-1.0,-1.0,-0.01668590546319392,0.01668590546319392,2.2365906980960215
2008-07-14 00:00:00-04:00,13.672333717346191,5.961059093475342,-1.8087684680401879,2.8901579929437666,0.133,False,False,0.0,False,False,-1.0,-1.0,-0.007985835574741381,0.007985835574741381,2.2445765336707626
2008-07-15 00:00:00-04:00,13.553618431091309,6.094232082366943,-1.8138173195374914,2.4997947308131145,-0.829,False,False,0.0,False,True,0.0,0.0,-0.015863626135811087,0.015863626135811087,2.2604401598065738
2008-07-16 00:00:00-04:00,13.355785369873047,6.341552257537842,-1.8170131936243745,1.833101249868351,-2.265,True,False,1.0,False,False,0.0,1.0,-0.026798010272135908,-0.0,2.2604401598065738
2008-07-17 00:00:00-04:00,13.29186725616455,6.517004489898682,-1.817965931787854,1.444175116220265,-2.713,False,False,1.0,False,False,0.0,1.0,-0.01547068218340712,-0.01547068218340712,2.2449694776231666
2008-07-18 00:00:00-04:00,13.252304077148438,6.415538787841797,-1.8172933357570955,1.5933881927123856,-2.171,False,False,1.0,False,False,0.0,1.0,0.005989794025431981,0.005989794025431981,2.2509592716485987
2008-07-21 00:00:00-04:00,13.386231422424316,6.470499038696289,-1.8153587721334958,1.639954232445655,-1.945,False,False,1.0,False,False,0.0,1.0,0.0018528209997424987,0.0018528209997424987,2.252812092648341
2008-07-22 00:00:00-04:00,13.313173294067383,6.6628594398498535,-1.811579796837809,1.242871743665308,-2.423,False,False,1.0,False,False,0.0,1.0,-0.015643346358737927,-0.015643346358737927,2.237168746289603
2008-07-23 00:00:00-04:00,13.090981483459473,7.102539539337158,-1.8041565459148254,0.27688828094546913,-3.298,False,False,1.0,False,False,0.0,1.0,-0.03728935254693085,-0.03728935254693085,2.1998793937426724
2008-07-24 00:00:00-04:00,13.300999641418457,7.939626693725586,-1.7904821279699763,-0.9147600564505574,-3.718,False,False,1.0,False,False,0.0,1.0,-0.04330627464894213,-0.04330627464894213,2.1565731190937303
2008-07-25 00:00:00-04:00,13.130550384521484,8.04954719543457,-1.770771362985702,-1.123357274155925,-3.17,False,False,1.0,False,False,0.0,1.0,-0.007617357896084934,-0.007617357896084934,2.1489557611976453
2008-07-28 00:00:00-04:00,13.27664852142334,7.8994646072387695,-1.7476892396584054,-0.52916077171027,-2.333,False,False,1.0,False,False,0.0,1.0,0.021940272427056883,0.021940272427056883,2.170896033624702
2008-07-29 00:00:00-04:00,13.234042167663574,8.3877592086792,-1.7197208114252958,-1.1905619047262146,-2.497,False,False,1.0,False,False,0.0,1.0,-0.023912997305636334,-0.023912997305636334,2.1469830363190656
2008-07-30 00:00:00-04:00,13.529275894165039,8.030519485473633,-1.6913752854379138,-0.05334629279265535,-1.546,False,False,1.0,False,False,0.0,1.0,0.041945259919864156,0.041945259919864156,2.18892829623893
2008-07-31 00:00:00-04:00,13.733207702636719,8.03475284576416,-1.6639166631585263,0.364048558209344,-1.179,False,False,1.0,False,False,0.0,1.0,0.015400678964952254,0.015400678964952254,2.2043289752038824
2008-08-01 00:00:00-04:00,13.514058113098145,8.191173553466797,-1.6364156098154419,0.10989384749765563,-1.272,False,False,1.0,False,False,0.0,1.0,-0.009441734566871333,-0.009441734566871333,2.1948872406370112
2008-08-04 00:00:00-04:00,13.465360641479492,8.123526573181152,-1.6097764697743384,0.3882987123859074,-1.022,False,False,1.0,False,False,0.0,1.0,0.010489052540249748,0.010489052540249748,2.2053762931772605
2008-08-05 00:00:00-04:00,13.879302978515625,8.605487823486328,-1.5830114488124347,0.25671723132076707,-1.047,False,False,1.0,False,False,0.0,1.0,-0.004784452528968665,-0.004784452528968665,2.200591840648292
2008-08-06 00:00:00-04:00,13.757551193237305,8.487114906311035,-1.5571574954751473,0.541776601916224,-0.809,False,False,1.0,False,False,0.0,1.0,0.010568195144799198,0.010568195144799198,2.211160035793091
2008-08-07 00:00:00-04:00,13.568846702575684,8.381420135498047,-1.5326554037933549,0.7230178404421697,-0.651,False,False,1.0,False,False,0.0,1.0,0.006861384236272407,0.006861384236272407,2.2180214200293635
2008-08-08 00:00:00-04:00,13.994967460632324,8.8380126953125,-1.50865420305612,0.6614624611857725,-0.653,False,False,1.0,False,False,0.0,1.0,-0.0022524266347603806,-0.0022524266347603806,2.215768993394603
2008-08-11 00:00:00-04:00,14.271943092346191,8.947933197021484,-1.4858588400649964,0.9765774512407734,-0.407,False,False,1.0,False,False,0.0,1.0,0.011430749120338469,0.011430749120338469,2.2271997425149417
2008-08-12 00:00:00-04:00,14.106629371643066,8.911998748779297,-1.4643240696044821,1.0565750955205129,-0.317,False,False,1.0,False,False,0.0,1.0,0.00294578105770737,0.00294578105770737,2.230145523572649
2008-08-13 00:00:00-04:00,14.158675193786621,8.45117473602295,-1.446299211251782,1.9357478389256428,0.317,False,True,0.0,False,False,0.0,0.0,0.03332522130844546,0.03332522130844546,2.2634707448810945
2008-08-14 00:00:00-04:00,14.014793395996094,8.582233428955078,-1.4302967395195667,1.7396529047658138,0.214,False,False,0.0,False,False,0.0,0.0,-0.007458935994323922,-0.0,2.2634707448810945
2008-08-15 00:00:00-04:00,14.256638526916504,8.92679500579834,-1.415344908635412,1.6221446650278004,0.156,False,False,0.0,False,False,0.0,0.0,-0.004369776550835477,-0.0,2.2634707448810945
2008-08-18 00:00:00-04:00,14.241328239440918,8.95215892791748,-1.4013920434654266,1.6958439460193784,0.241,False,True,0.0,False,False,0.0,0.0,0.0027513270159024183,0.0,2.2634707448810945
2008-08-19 00:00:00-04:00,14.216837882995605,8.626627922058105,-1.3896095586356643,2.2291932637103447,0.655,False,False,0.0,False,False,0.0,0.0,0.020353361973263276,0.0,2.2634707448810945
2008-08-20 00:00:00-04:00,14.16173267364502,8.740774154663086,-1.379106764877995,2.1072719066784185,0.602,False,False,0.0,False,False,0.0,0.0,-0.004650612504371336,-0.0,2.2634707448810945
2008-08-21 00:00:00-04:00,14.149493217468262,8.59914779663086,-1.3701941871048273,2.3669908924693743,0.827,False,False,0.0,False,False,0.0,0.0,0.010015387568829052,0.0,2.2634707448810945
2008-08-22 00:00:00-04:00,14.216837882995605,8.82533073425293,-1.3620154260167328,2.1966012832435364,0.731,False,False,0.0,False,False,0.0,0.0,-0.006494230495777206,-0.0,2.2634707448810945
2008-08-25 00:00:00-04:00,14.06377124786377,8.645652770996094,-1.3547844858615787,2.3507750035720925,0.862,False,False,0.0,False,False,0.0,0.0,0.005981111494118694,0.0,2.2634707448810945
2008-08-26 00:00:00-04:00,14.15561294555664,8.728092193603516,-1.348319001387455,2.387360395059506,0.959,False,False,0.0,False,False,0.0,0.0,0.0014112629728380147,0.0,2.2634707448810945
2008-08-27 00:00:00-04:00,14.2199068069458,8.846468925476074,-1.3423148055631202,2.3451605913251985,0.994,False,False,0.0,False,False,0.0,0.0,-0.0016171820218423164,-0.0,2.2634707448810945
2008-08-28 00:00:00-04:00,14.369900703430176,9.07687759399414,-1.3363920865013468,2.2396333166750217,0.952,False,False,0.0,False,False,0.0,0.0,-0.003982136048761898,-0.0,2.2634707448810945
2008-08-29 00:00:00-04:00,14.31786060333252,9.009233474731445,-1.330751006791544,2.328814086413569,1.067,False,False,0.0,False,False,0.0,0.0,0.003390013479383695,0.0,2.2634707448810945
2008-09-02 00:00:00-04:00,14.18010139465332,9.377045631408691,-1.3240384047651368,1.7645328554330622,0.584,False,False,0.0,False,False,0.0,0.0,-0.02121703391505134,-0.0,2.2634707448810945
2008-09-03 00:00:00-04:00,13.98417854309082,9.541923522949219,-1.315753652068604,1.4293578200110666,0.285,False,False,0.0,False,False,0.0,0.0,-0.012629528041369865,-0.0,2.2634707448810945
2008-09-04 00:00:00-04:00,13.873970985412598,9.516557693481445,-1.3063327618359835,1.4421798905155043,0.297,False,False,0.0,False,False,0.0,0.0,0.0004874244078271836,0.0,2.2634707448810945
2008-09-05 00:00:00-04:00,13.84029483795166,9.216391563415527,-1.2971381639864918,1.8853616068022507,0.699,False,False,0.0,False,False,0.0,0.0,0.017180763631922044,0.0,2.2634707448810945
2008-09-08 00:00:00-04:00,14.128061294555664,9.360135078430176,-1.288468522885071,2.067821876045997,0.85,False,False,0.0,False,False,0.0,0.0,0.006967243550579702,0.0,2.2634707448810945
2008-09-09 00:00:00-04:00,13.788249015808105,9.231186866760254,-1.2800323439851136,1.9720312529843813,0.736,False,False,0.0,False,False,0.0,0.0,-0.0037411684410298906,-0.0,2.2634707448810945
2008-09-10 00:00:00-04:00,13.635184288024902,9.336881637573242,-1.2713072566845458,1.7651389073733537,0.51,False,False,0.0,False,False,0.0,0.0,-0.008111761717053535,-0.0,2.2634707448810945
2008-09-11 00:00:00-04:00,13.742331504821777,9.42354965209961,-1.2625209270877555,1.8449028615954823,0.54,False,False,0.0,False,False,0.0,0.0,0.0031109477530818874,0.0,2.2634707448810945
2008-09-12 00:00:00-04:00,14.017850875854492,9.224845886230469,-1.255002756651435,2.4406438589506045,1.099,False,False,0.0,False,False,0.0,0.0,0.02327562609357002,0.0,2.2634707448810945
2008-09-15 00:00:00-04:00,13.68416976928711,9.0282564163208,-1.248406749568287,2.413233522319029,1.031,False,False,0.0,False,False,0.0,0.0,-0.0010983859020162522,-0.0,2.2634707448810945
2008-09-16 00:00:00-04:00,13.867847442626953,9.275579452514648,-1.2422947582541544,2.3448437089980665,0.971,False,False,0.0,False,False,0.0,0.0,-0.0026934825006936698,-0.0,2.2634707448810945
2008-09-17 00:00:00-04:00,13.54334545135498,8.821100234985352,-1.23720663249849,2.6298217346971136,1.294,False,False,0.0,False,False,0.0,0.0,0.011652269296667375,0.0,2.2634707448810945
2008-09-18 00:00:00-04:00,13.68416976928711,9.579973220825195,-1.2312399279293955,1.8889242313127568,0.252,False,False,0.0,False,False,0.0,0.0,-0.029078277285790228,-0.0,2.2634707448810945
2008-09-19 00:00:00-04:00,13.717845916748047,9.518674850463867,-1.2249762190286422,2.057695588263792,0.444,False,False,0.0,False,False,0.0,0.0,0.006650302700030623,0.0,2.2634707448810945
2008-09-22 00:00:00-04:00,13.739273071289062,9.165658950805664,-1.2195905810323246,2.5609217459318554,1.178,False,False,0.0,False,False,0.0,0.0,0.02019559126735187,0.0,2.2634707448810945
2008-09-23 00:00:00-04:00,13.4423246383667,9.24387264251709,-1.214150568082245,2.2188714181746505,0.593,False,False,0.0,False,False,0.0,0.0,-0.013867404860232992,-0.0,2.2634707448810945
2008-09-24 00:00:00-04:00,13.491303443908691,9.25444221496582,-1.2088411895433204,2.304152508209489,0.716,False,False,0.0,False,False,0.0,0.0,0.0034556900818435055,0.0,2.2634707448810945
2008-09-25 00:00:00-04:00,13.944380760192871,9.565177917480469,-1.203832457394418,2.429509122377537,0.941,False,False,0.0,False,False,0.0,0.0,0.00492381363789988,0.0,2.2634707448810945
2008-09-26 00:00:00-04:00,13.987237930297852,9.615909576416016,-1.1991082115378118,2.456721795812326,1.01,False,False,0.0,False,False,0.0,0.0,0.0010664211813352742,0.0,2.2634707448810945
2008-09-29 00:00:00-04:00,13.873970985412598,9.305171966552734,-1.1952450723944905,2.7520100446070916,1.724,False,False,0.0,True,False,-1.0,-1.0,0.01181345227160901,0.0,2.2634707448810945
2008-09-30 00:00:00-04:00,13.745392799377441,8.88874340057373,-1.1928323880958174,3.1426117817001415,2.62,False,False,0.0,False,False,-1.0,-1.0,0.016042342231820765,-0.016042342231820765,2.2474284026492737
2008-10-01 00:00:00-04:00,13.932137489318848,8.641426086425781,-1.1924176507990658,3.627948495789253,3.155,False,False,0.0,False,False,-1.0,-1.0,0.020025176440520993,-0.020025176440520993,2.227403226208753
2008-10-02 00:00:00-04:00,13.889274597167969,8.079136848449707,-1.1945677601501181,4.238198188169118,3.484,False,False,0.0,False,False,-1.0,-1.0,0.025923559602828314,-0.025923559602828314,2.201479666605924
2008-10-03 00:00:00-04:00,13.659674644470215,7.791656017303467,-1.1986471728745143,4.320228187318717,3.017,False,False,0.0,False,False,-1.0,-1.0,0.0035666579947620206,-0.0035666579947620206,2.1979130086111622
2008-10-06 00:00:00-04:00,13.261703491210938,7.988242149353027,-1.2029542855200321,3.65221336387496,1.829,False,False,0.0,False,False,-1.0,-1.0,-0.02920769394834052,0.02920769394834052,2.2271207025595032
2008-10-07 00:00:00-04:00,12.91882610321045,8.123526573181152,-1.2065115115235363,3.1176977785000446,0.984,False,False,0.0,False,False,-1.0,-1.0,-0.023526261334311578,0.023526261334311578,2.2506469638938147
2008-10-08 00:00:00-04:00,12.77188777923584,8.273616790771484,-1.208910624598882,2.769824537012486,0.448,False,False,0.0,False,False,-1.0,-1.0,-0.01527505004115309,0.01527505004115309,2.2659220139349676
2008-10-09 00:00:00-04:00,12.086153030395508,7.690188407897949,-1.210410137568924,2.777871021660806,0.441,False,False,0.0,False,False,-1.0,-1.0,0.0003761017588734163,-0.0003761017588734163,2.265545912176094
2008-10-10 00:00:00-04:00,11.639196395874023,8.072797775268555,-1.2096854083883761,1.873650722261507,-0.855,False,False,0.0,False,True,0.0,0.0,-0.042243924101674046,0.042243924101674046,2.3077898362777685
2008-10-13 00:00:00-04:00,12.661677360534668,8.288412094116211,-1.2086045756696036,2.644264578550535,0.245,False,True,0.0,False,False,0.0,0.0,0.03397904640117285,0.0,2.3077898362777685
2008-10-14 00:00:00-04:00,12.119823455810547,7.984016418457031,-1.2069798412212842,2.4832765867531528,0.009,False,False,0.0,False,False,0.0,0.0,-0.0073995794975676675,-0.0,2.3077898362777685
2008-10-15 00:00:00-04:00,11.510618209838867,7.136362075805664,-1.2057315883990658,2.906081028786849,0.592,False,True,0.0,False,False,0.0,0.0,0.021019198401279186,0.0,2.3077898362777685
2008-10-16 00:00:00-04:00,11.73409366607666,7.599296569824219,-1.2041825824903876,2.583153097515389,0.114,False,False,0.0,False,False,0.0,0.0,-0.01546216911322474,-0.0,2.3077898362777685
2008-10-17 00:00:00-04:00,11.847367286682129,7.3287200927734375,-1.2031741983537758,3.0296403641002385,0.722,False,True,0.0,False,False,0.0,0.0,0.021605866494656116,0.0,2.3077898362777685
2008-10-20 00:00:00-04:00,12.557596206665039,7.497829914093018,-1.2034128031863844,3.534611691931632,1.355,False,False,0.0,False,False,0.0,0.0,0.02339933917212357,0.0,2.3077898362777685
2008-10-21 00:00:00-04:00,12.331058502197266,7.510509967803955,-1.2041910116019365,3.2869699064209925,0.954,False,False,0.0,False,False,0.0,0.0,-0.011585500879856728,-0.0,2.3077898362777685
2008-10-22 00:00:00-04:00,12.089213371276855,7.064489364624023,-1.2058322789190004,3.5706240613332287,1.304,False,False,0.0,False,False,0.0,0.0,0.01376440561373994,0.0,2.3077898362777685
2008-10-23 00:00:00-04:00,12.35860538482666,7.4407548904418945,-1.207828946695918,3.371446242881726,0.951,False,False,0.0,False,False,0.0,0.0,-0.009331022939079852,-0.0,2.3077898362777685
2008-10-24 00:00:00-04:00,12.076963424682617,7.64579963684082,-1.2092069184914338,2.8316096064154053,0.109,False,False,0.0,False,False,0.0,0.0,-0.0253179159804883,-0.0,2.3077898362777685
2008-10-27 00:00:00-04:00,11.678996086120605,7.33929443359375,-1.2100234710284121,2.7982775606839922,0.022,False,False,0.0,False,False,0.0,0.0,-0.0016212309538905807,-0.0,2.3077898362777685
2008-10-28 00:00:00-04:00,12.725968360900879,8.182716369628906,-1.2104633539065979,2.821090060053452,0.009,False,False,0.0,False,False,0.0,0.0,0.0010080267747126909,0.0,2.3077898362777685
2008-10-29 00:00:00-04:00,12.87291431427002,8.142553329467773,-1.2109397609537593,3.0127727319310775,0.275,False,True,0.0,False,False,0.0,0.0,0.008431891988011104,0.0,2.3077898362777685
2008-10-30 00:00:00-04:00,13.408644676208496,8.360281944274902,-1.2119470844709699,3.276425348489237,0.68,False,False,0.0,False,False,0.0,0.0,0.011199785042476335,0.0,2.3077898362777685
2008-10-31 00:00:00-04:00,13.316803932189941,8.785165786743164,-1.2122097237180425,2.667340541024812,-0.365,False,False,0.0,False,True,0.0,0.0,-0.025414254094999332,-0.0,2.3077898362777685
2008-11-03 00:00:00-05:00,13.114755630493164,8.835898399353027,-1.2113383267984532,2.4114932476597364,-0.807,False,False,0.0,False,False,0.0,0.0,-0.010741754130084397,-0.0,2.3077898362777685
2008-11-04 00:00:00-05:00,13.065778732299805,8.76402759552002,-1.2096700156198188,2.46419733393458,-0.705,False,False,0.0,False,False,0.0,0.0,0.002226867972763747,0.0,2.3077898362777685
2008-11-05 00:00:00-05:00,12.833110809326172,8.159464836120605,-1.2084687685521145,2.9726523867752235,0.11,False,False,0.0,False,False,0.0,0.0,0.022405248272996597,0.0,2.3077898362777685
2008-11-06 00:00:00-05:00,12.239213943481445,8.271500587463379,-1.2061704927787182,2.262374003881284,-1.182,False,False,0.0,False,True,0.0,0.0,-0.031971401700409276,-0.0,2.3077898362777685
2008-11-07 00:00:00-05:00,13.145371437072754,8.639310836791992,-1.2039831361172109,2.743786881900526,-0.324,False,False,0.0,False,False,0.0,0.0,0.020444803064047504,0.0,2.3077898362777685
2008-11-10 00:00:00-05:00,12.588212966918945,8.284178733825684,-1.2016900793237462,2.633197567135868,-0.558,False,False,0.0,False,False,0.0,0.0,-0.004905655612663107,-0.0,2.3077898362777685
2008-11-11 00:00:00-05:00,12.646376609802246,7.694416522979736,-1.2009018083195595,3.4061378933919837,0.824,False,True,0.0,False,False,0.0,0.0,0.03531566278000069,0.0,2.3077898362777685
2008-11-12 00:00:00-05:00,12.270431518554688,7.447098255157471,-1.2010487339316944,3.3261035877328773,0.631,False,False,0.0,False,False,0.0,0.0,-0.0037725766276109542,-0.0,2.3077898362777685
2008-11-13 00:00:00-05:00,13.009988784790039,7.666937828063965,-1.2027566777157297,3.7885281144547722,1.41,False,False,0.0,False,False,0.0,0.0,0.020800466818652986,0.0,2.3077898362777685
2008-11-14 00:00:00-05:00,12.994583129882812,7.2885589599609375,-1.2063504068320194,4.202027063314775,1.977,False,False,0.0,True,False,-1.0,-1.0,0.018979038281784242,0.0,2.3077898362777685
2008-11-17 00:00:00-05:00,13.062373161315918,7.15749979019165,-1.2116416088935458,4.390048599872891,2.085,False,False,0.0,False,False,-1.0,-1.0,0.008650754611656462,-0.008650754611656462,2.299139081666112
2008-11-18 00:00:00-05:00,13.0377197265625,7.233602523803711,-1.2179254239148503,4.227731306327335,1.726,False,False,0.0,False,False,-1.0,-1.0,-0.007429488368066991,0.007429488368066991,2.306568570034179
2008-11-19 00:00:00-05:00,12.754223823547363,6.867902755737305,-1.2250361699725159,4.340794535915249,1.882,False,False,0.0,False,False,-1.0,-1.0,0.005341320976589526,-0.005341320976589526,2.3012272490575896
2008-11-20 00:00:00-05:00,12.218046188354492,6.986279487609863,-1.2315680857275215,3.6139673334413622,0.819,False,False,0.0,False,False,-1.0,-1.0,-0.034906485335361594,0.034906485335361594,2.336133734392951
2008-11-21 00:00:00-05:00,12.717249870300293,7.373112201690674,-1.237749496095761,3.5911839580001548,0.787,False,False,0.0,False,False,-1.0,-1.0,-0.0010430364907948564,0.0010430364907948564,2.3371767708837456
2008-11-24 00:00:00-05:00,13.160980224609375,7.7895426750183105,-1.2435656909162331,3.474172206028747,0.576,False,False,0.0,False,False,-1.0,-1.0,-0.00512136013893091,0.00512136013893091,2.3422981310226767
2008-11-25 00:00:00-05:00,13.241097450256348,7.802224159240723,-1.2491095530212666,3.4952647181354415,0.575,False,False,0.0,False,False,-1.0,-1.0,0.0009175871653738557,-0.0009175871653738557,2.3413805438573028
2008-11-26 00:00:00-05:00,13.173312187194824,8.07491397857666,-1.2536519431526878,3.0501805871613925,-0.162,False,False,0.0,False,False,-1.0,-1.0,-0.01910523919612384,0.01910523919612384,2.3604857830534267
2008-11-28 00:00:00-05:00,13.39208984375,8.11296272277832,-1.2576356113286524,3.188939010202118,0.001,False,False,0.0,False,False,-1.0,-1.0,0.005880780151322273,-0.005880780151322273,2.3546050029021046
2008-12-01 00:00:00-05:00,12.766555786132812,7.430188179016113,-1.26144067761106,3.393814174817038,0.327,False,True,0.0,False,False,-1.0,-1.0,0.009253914473298996,-0.009253914473298996,2.3453510884288056
2008-12-02 00:00:00-05:00,12.825098991394043,7.559131145477295,-1.2648895521366719,3.2636329822489003,0.056,False,False,0.0,False,False,-1.0,-1.0,-0.005815148173245977,0.005815148173245977,2.3511662366020514
2008-12-03 00:00:00-05:00,13.265753746032715,7.537993431091309,-1.2688925327408516,3.7008501694713622,0.809,False,True,0.0,False,False,-1.0,-1.0,0.019150442365484393,-0.019150442365484393,2.332015794236567
2008-12-04 00:00:00-05:00,12.744978904724121,7.926942825317383,-1.2714074834002345,2.6666044761298036,-1.084,False,False,0.0,False,True,0.0,0.0,-0.04531523822276045,0.04531523822276045,2.3773310324593275
2008-12-05 00:00:00-05:00,12.905220031738281,8.368741035461426,-1.2719518275820785,2.2605845771219855,-1.707,True,False,1.0,False,False,0.0,1.0,-0.017240865840687514,-0.0,2.3773310324593275
2008-12-08 00:00:00-05:00,12.587821006774902,8.698495864868164,-1.2693954889644052,1.5459895951357225,-2.558,False,False,1.0,False,False,0.0,1.0,-0.03024145126355707,-0.03024145126355707,2.34708958119577
2008-12-09 00:00:00-05:00,12.627886772155762,8.53361701965332,-1.2649549389144388,1.8332457763409806,-1.92,False,False,1.0,False,False,0.0,1.0,0.012264098224192117,0.012264098224192117,2.3593536794199625
2008-12-10 00:00:00-05:00,12.828184127807617,8.455404281616211,-1.2597833167111385,2.1762068777795847,-1.325,False,False,1.0,False,False,0.0,1.0,0.014606420114401166,0.014606420114401166,2.3739600995343633
2008-12-11 00:00:00-05:00,12.692591667175293,8.01361083984375,-1.2551143383420607,2.6345938001940397,-0.63,False,False,1.0,False,False,0.0,1.0,0.020148353594365405,0.020148353594365405,2.394108453128729
2008-12-12 00:00:00-05:00,12.886728286743164,8.23979377746582,-1.2506684157427468,2.581478457033043,-0.692,False,False,1.0,False,False,0.0,1.0,-0.0022902463470036846,-0.0022902463470036846,2.3918182067817253
2008-12-15 00:00:00-05:00,13.003819465637207,8.176376342773438,-1.2468796498499748,2.8088621943182464,-0.367,False,False,1.0,False,False,0.0,1.0,0.009801539963224692,0.009801539963224692,2.40161974674495
2008-12-16 00:00:00-05:00,13.23801326751709,8.740774154663086,-1.2426013010857202,2.376715930436303,-0.954,False,False,1.0,False,False,0.0,1.0,-0.017931893196957042,-0.017931893196957042,2.3836878535479933
2008-12-17 00:00:00-05:00,12.600149154663086,9.106471061706543,-1.235654388215883,1.3476982261044448,-2.161,True,False,1.0,False,False,0.0,1.0,-0.04314069328884965,-0.04314069328884965,2.3405471602591437
2008-12-18 00:00:00-05:00,12.664865493774414,8.064342498779297,-1.229931882624309,2.746273542123568,-0.315,False,False,1.0,False,False,0.0,1.0,0.06192919394202117,0.06192919394202117,2.4024763542011645
2008-12-19 00:00:00-05:00,12.77271556854248,7.734580039978027,-1.226271973975014,3.2880168350508807,0.368,False,True,0.0,False,False,0.0,0.0,0.024339902451193697,0.024339902451193697,2.4268162566523586
2008-12-22 00:00:00-05:00,12.825098991394043,7.294902324676514,-1.225312011818117,3.8865675479280046,1.084,False,False,0.0,False,False,0.0,0.0,0.027502337657709448,0.0,2.4268162566523586
2008-12-23 00:00:00-05:00,12.686433792114258,7.324494361877441,-1.2259292386602048,3.707121995486883,0.803,False,False,0.0,False,False,0.0,0.0,-0.008282454518175848,-0.0,2.4268162566523586
2008-12-24 00:00:00-05:00,12.717249870300293,7.326607704162598,-1.2277229295846286,3.7222055958284788,0.787,False,False,0.0,False,False,0.0,0.0,0.0006947032055213548,0.0,2.4268162566523586
2008-12-26 00:00:00-05:00,12.849748611450195,7.297014236450195,-1.230654750497724,3.86964337691324,0.92,False,False,0.0,False,False,0.0,0.0,0.006753951818686314,0.0,2.4268162566523586
2008-12-29 00:00:00-05:00,12.840506553649902,7.015872478485107,-1.2349368942918482,4.1763467843218525,1.236,False,False,0.0,False,False,0.0,0.0,0.014262179324349556,0.0,2.4268162566523586
2008-12-30 00:00:00-05:00,12.788121223449707,7.15749979019165,-1.239793992640549,3.914295981244109,0.854,False,False,0.0,False,False,0.0,0.0,-0.012097287909617031,-0.0,2.4268162566523586
2008-12-31 00:00:00-05:00,12.936025619506836,7.639456272125244,-1.2443482786461102,3.4298813574955584,0.244,False,False,0.0,False,False,0.0,0.0,-0.021585017237904548,-0.0,2.4268162566523586
2009-01-02 00:00:00-05:00,13.108591079711914,7.7641777992248535,-1.248652898122158,3.413827969174081,0.22,False,False,0.0,False,False,0.0,0.0,-0.0007039924121488064,-0.0,2.4268162566523586
2009-01-05 00:00:00-05:00,12.97917366027832,7.578153610229492,-1.2528457449457613,3.4849161551569416,0.323,False,False,0.0,False,False,0.0,0.0,0.003163210168472571,0.0,2.4268162566523586
2009-01-06 00:00:00-05:00,12.923707008361816,7.356202125549316,-1.2572550878012025,3.6750844591209173,0.594,False,False,0.0,False,False,0.0,0.0,0.008576830119267664,0.0,2.4268162566523586
2009-01-07 00:00:00-05:00,12.997659683227539,6.967254638671875,-1.2626874999083326,4.200194342298216,1.291,False,False,0.0,False,False,0.0,0.0,0.024092997062200274,0.0,2.4268162566523586
2009-01-08 00:00:00-05:00,13.302729606628418,6.975708961486816,-1.2693303333130717,4.448250625449376,1.585,False,False,0.0,True,False,-1.0,-1.0,0.011195285821683262,0.0,2.4268162566523586
2009-01-09 00:00:00-05:00,13.182546615600586,6.861559867858887,-1.276803849965962,4.421680559546422,1.541,False,False,0.0,False,False,-1.0,-1.0,-0.0012108447441849116,0.0012108447441849116,2.4280271013965433
2009-01-12 00:00:00-05:00,13.25650405883789,6.905952453613281,-1.2848664276219448,4.38327760043679,1.422,False,False,0.0,False,False,-1.0,-1.0,-0.0017353559312309032,0.0017353559312309032,2.429762457327774
2009-01-13 00:00:00-05:00,13.0377197265625,6.944003582000732,-1.2928488880839017,4.060172416722223,0.99,False,False,0.0,False,False,-1.0,-1.0,-0.014676414470935322,0.014676414470935322,2.4444388717987096
2009-01-14 00:00:00-05:00,12.785045623779297,6.639605522155762,-1.3007919478422953,4.1483002237098425,1.056,False,False,0.0,False,False,-1.0,-1.0,0.004113932718767901,-0.004113932718767901,2.4403249390799417
2009-01-15 00:00:00-05:00,12.90213394165039,6.931318283081055,-1.308309931955979,3.8338213903473832,0.661,False,False,0.0,False,False,-1.0,-1.0,-0.01431372063664352,0.01431372063664352,2.4546386597165855
2009-01-16 00:00:00-05:00,13.191794395446777,7.2103471755981445,-1.3153881041210018,3.7073894940825145,0.485,False,False,0.0,False,False,-1.0,-1.0,-0.005575532945798764,0.005575532945798764,2.460214192662384
2009-01-20 00:00:00-05:00,12.923707008361816,6.882699012756348,-1.3221822474867109,3.823524558901063,0.598,False,False,0.0,False,False,-1.0,-1.0,0.0052731405613416354,-0.0052731405613416354,2.4549410521010424
2009-01-21 00:00:00-05:00,13.145574569702148,7.060262680053711,-1.3287211312024179,3.7644543548749674,0.513,False,False,0.0,False,False,-1.0,-1.0,-0.0026222312945201097,0.0026222312945201097,2.4575632833955625
2009-01-22 00:00:00-05:00,13.284232139587402,7.032781600952148,-1.3352749384516085,3.8935351202324178,0.64,False,False,0.0,False,False,-1.0,-1.0,0.005692664548261416,-0.005692664548261416,2.451870618847301
2009-01-23 00:00:00-05:00,13.549250602722168,7.149043083190918,-1.3419943610415068,3.955275098237168,0.7,False,False,0.0,False,False,-1.0,-1.0,0.0026677342959339394,-0.0026677342959339394,2.449202884551367
2009-01-26 00:00:00-05:00,13.906695365905762,7.383682727813721,-1.3489147047642636,3.9467371590439253,0.649,False,False,0.0,False,False,-1.0,-1.0,-0.00035773507866158227,0.00035773507866158227,2.449560619630029
2009-01-27 00:00:00-05:00,14.153213500976562,7.229371070861816,-1.3566712728295103,4.345333448513623,1.057,False,False,0.0,False,False,-1.0,-1.0,0.01663514599534965,-0.01663514599534965,2.432925473634679
2009-01-28 00:00:00-05:00,14.036115646362305,7.453441619873047,-1.364276697547793,3.867558927836633,0.443,False,False,0.0,False,False,-1.0,-1.0,-0.01973893773377671,0.01973893773377671,2.452664411368456
2009-01-29 00:00:00-05:00,13.992985725402832,7.311813831329346,-1.3718714516858408,3.962117070160433,0.524,False,False,0.0,False,False,-1.0,-1.0,0.003936010467994701,-0.003936010467994701,2.4487284009004613
2009-01-30 00:00:00-05:00,13.737213134765625,7.125792026519775,-1.3792761690180257,3.9087780072082356,0.402,False,False,0.0,False,False,-1.0,-1.0,-0.002263424386142455,0.002263424386142455,2.4509918252866036
2009-02-02 00:00:00-05:00,13.88512134552002,7.24839448928833,-1.3864420753262672,3.8356422470076286,0.249,False,False,0.0,False,False,-1.0,-1.0,-0.0030556499312208883,0.0030556499312208883,2.4540474752178243
2009-02-03 00:00:00-05:00,13.928265571594238,7.381566524505615,-1.3930947174491053,3.645044239806314,-0.098,False,False,0.0,False,False,-1.0,-1.0,-0.007872214042942137,0.007872214042942137,2.4619196892607667
2009-02-04 00:00:00-05:00,13.983736038208008,7.254736423492432,-1.399651918677216,3.829630283569342,0.157,False,False,0.0,False,False,-1.0,-1.0,0.007647164371494509,-0.007647164371494509,2.454272524889272
2009-02-05 00:00:00-05:00,13.860477447509766,7.502060890197754,-1.4052038705275864,3.3185524476702515,-0.805,False,False,0.0,False,True,0.0,0.0,-0.020943750804937922,0.020943750804937922,2.47521627569421
2009-02-06 00:00:00-05:00,13.826577186584473,7.461895942687988,-1.409909162508902,3.3059817273006775,-1.42,False,False,0.0,False,False,0.0,0.0,-0.0005163113003885985,-0.0,2.47521627569421
2009-02-09 00:00:00-05:00,13.672505378723145,7.451327800750732,-1.4136036646773118,3.1392810928699753,-2.085,True,False,1.0,False,False,0.0,1.0,-0.006886825422770007,-0.0,2.47521627569421
2009-02-10 00:00:00-05:00,13.318140983581543,7.258964538574219,-1.4162696573733067,3.0374897636500506,-2.268,False,False,1.0,False,False,0.0,1.0,-0.004313412667143679,-0.004313412667143679,2.4709028630270664
2009-02-11 00:00:00-05:00,13.441744804382324,6.952456474304199,-1.4191661176184716,3.575054141832627,-0.689,False,False,1.0,False,False,0.0,1.0,0.023063082845917567,0.023063082845917567,2.4939659458729837
2009-02-12 00:00:00-05:00,13.270926475524902,7.045466423034668,-1.421633340363041,3.2548565101304803,-1.512,True,False,1.0,False,False,0.0,1.0,-0.013750061435123667,-0.013750061435123667,2.48021588443786
2009-02-13 00:00:00-05:00,13.541125297546387,6.912294864654541,-1.424596017847063,3.6938975591748253,-0.298,False,False,1.0,False,False,0.0,1.0,0.018771781337920682,0.018771781337920682,2.498987665775781
2009-02-17 00:00:00-05:00,13.165329933166504,6.855218887329102,-1.4273370017619145,3.380622360104537,-1.101,False,False,1.0,False,False,0.0,1.0,-0.013650313163334381,-0.013650313163334381,2.4853373526124467
2009-02-18 00:00:00-05:00,13.090787887573242,6.823509693145752,-1.4298203193119237,3.3343950792915766,-1.155,False,False,1.0,False,False,0.0,1.0,-0.0020233253909243743,-0.0020233253909243743,2.4833140272215224
2009-02-19 00:00:00-05:00,13.128063201904297,6.79180383682251,-1.432226045828025,3.4006648486523847,-0.926,False,False,1.0,False,False,0.0,1.0,0.002899515689100471,0.002899515689100471,2.486213542910623
2009-02-20 00:00:00-05:00,13.112528800964355,6.876358509063721,-1.4343070674360257,3.2497191931904084,-1.294,False,False,1.0,False,False,0.0,1.0,-0.006569899114285367,-0.006569899114285367,2.4796436437963374
2009-02-23 00:00:00-05:00,12.9168701171875,6.595218181610107,-1.4364558991204461,3.4431300542272396,-0.79,False,False,1.0,False,False,0.0,1.0,0.008638034402846046,0.008638034402846046,2.4882816781991837
2009-02-24 00:00:00-05:00,12.957242965698242,6.65863037109375,-1.4385502273521384,3.378468731507475,-0.945,False,False,1.0,False,False,0.0,1.0,-0.002869243582228151,-0.002869243582228151,2.4854124346169555
2009-02-25 00:00:00-05:00,12.873393058776855,6.601557731628418,-1.4405697806620152,3.363388485297275,-0.947,False,False,1.0,False,False,0.0,1.0,-0.0006737246265271199,-0.0006737246265271199,2.4847387099904283
2009-02-26 00:00:00-05:00,12.718103408813477,6.383831024169922,-1.4427595220648466,3.50777041143934,-0.533,False,False,1.0,False,False,0.0,1.0,0.0065842326131982975,0.0065842326131982975,2.4913229426036265
2009-02-27 00:00:00-05:00,12.36715030670166,6.603671550750732,-1.4439275453728655,2.8319270539775303,-2.149,True,False,1.0,False,False,0.0,1.0,-0.030857082937979455,-0.030857082937979455,2.4604658596656472
2009-03-02 00:00:00-05:00,11.991353988647461,6.273910045623779,-1.4444506325696487,2.9290006545611202,-1.803,False,False,1.0,False,False,0.0,1.0,0.004610760427868675,0.004610760427868675,2.465076620093516
2009-03-03 00:00:00-05:00,11.600028038024902,6.2443156242370605,-1.4438971045968336,2.5838787880002414,-2.468,False,False,1.0,False,False,0.0,1.0,-0.016740342389320314,-0.016740342389320314,2.448336277704196
2009-03-04 00:00:00-05:00,11.76463508605957,6.322528839111328,-1.4426104044626773,2.6436892002422354,-2.106,False,False,1.0,False,False,0.0,1.0,0.0028637179077053506,0.0028637179077053506,2.4511999956119013
2009-03-05 00:00:00-05:00,11.454058647155762,6.178787708282471,-1.4406149674472017,2.5528045939252397,-2.124,False,False,1.0,False,False,0.0,1.0,-0.004464908383120587,-0.004464908383120587,2.4467350872287805
2009-03-06 00:00:00-05:00,11.668353080749512,6.252771854400635,-1.4382606237903706,2.6752375330203826,-1.701,False,False,1.0,False,False,0.0,1.0,0.005925664883588574,0.005925664883588574,2.452660752112369
2009-03-09 00:00:00-04:00,11.351564407348633,6.204154968261719,-1.4352504150485534,2.4470484141254563,-1.998,False,False,1.0,False,False,0.0,1.0,-0.011265215894802864,-0.011265215894802864,2.4413955362175663
2009-03-10 00:00:00-04:00,11.41368293762207,6.677656173706055,-1.4305922421480914,1.8606798197858812,-2.743,False,False,1.0,False,False,0.0,1.0,-0.027966679750371218,-0.027966679750371218,2.413428856467195
2009-03-11 00:00:00-04:00,11.441635131835938,6.912294864654541,-1.4239979204552218,1.5985416189945632,-2.744,False,False,1.0,False,False,0.0,1.0,-0.012315787772886224,-0.012315787772886224,2.4011130686943085
2009-03-12 00:00:00-04:00,11.51306438446045,7.011641502380371,-1.4157102024410462,1.5866119736814923,-2.433,False,False,1.0,False,False,0.0,1.0,-0.0005564325645492059,-0.0005564325645492059,2.4005566361297594
2009-03-13 00:00:00-04:00,11.814329147338867,6.857332706451416,-1.4072210597047128,2.16454614941852,-1.469,False,False,1.0,False,False,0.0,1.0,0.026925603622727813,0.026925603622727813,2.4274822397524876
2009-03-16 00:00:00-04:00,11.870230674743652,6.990505695343018,-1.3983741334491835,2.0948883306467785,-1.471,False,False,1.0,False,False,0.0,1.0,-0.003218109250843602,-0.003218109250843602,2.4242641305016437
2009-03-17 00:00:00-04:00,11.89818000793457,7.390024662017822,-1.388109235064556,1.6400185272328063,-1.988,True,False,1.0,False,False,0.0,1.0,-0.020530005084425526,-0.020530005084425526,2.403734125417218
2009-03-18 00:00:00-04:00,12.311245918273926,7.451327800750732,-1.3775208914946346,2.0468862033650215,-1.323,False,False,1.0,False,False,0.0,1.0,0.01802244789101823,0.01802244789101823,2.4217565733082367
2009-03-19 00:00:00-04:00,12.354730606079102,7.390024662017822,-1.367188881485574,2.251171054264148,-0.977,False,False,1.0,False,False,0.0,1.0,0.009096188955743847,0.009096188955743847,2.4308527622639806
2009-03-20 00:00:00-04:00,12.404417991638184,7.390024662017822,-1.3573611890874813,2.3734853290158604,-0.752,False,False,1.0,False,False,0.0,1.0,0.005451854826636491,0.005451854826636491,2.4363046170906166
2009-03-23 00:00:00-04:00,12.86717414855957,7.7282395362854,-1.347960329145884,2.4498138395100693,-0.594,False,False,1.0,False,False,0.0,1.0,0.0032780775854964854,0.0032780775854964854,2.4395826946761137
2009-03-24 00:00:00-04:00,12.534860610961914,7.67539119720459,-1.3385508912648103,2.260958883137631,-0.83,False,False,1.0,False,False,0.0,1.0,-0.008279930035979691,-0.008279930035979691,2.431302764640134
2009-03-25 00:00:00-04:00,12.469643592834473,7.666937828063965,-1.329208204078816,2.2786869316096325,-0.756,False,False,1.0,False,False,0.0,1.0,0.0007823291648607487,0.0007823291648607487,2.4320850938049947
2009-03-26 00:00:00-04:00,12.534860610961914,7.817019939422607,-1.3197336047922517,2.2184767075748084,-0.803,False,False,1.0,False,False,0.0,1.0,-0.002634877238174762,-0.002634877238174762,2.4294502165668197
2009-03-27 00:00:00-04:00,12.69015121459961,7.7874298095703125,-1.3108037770080556,2.482358807029721,-0.348,False,False,1.0,False,False,0.0,1.0,0.01152427064233948,0.01152427064233948,2.440974487209159
2009-03-30 00:00:00-04:00,12.634242057800293,7.65848445892334,-1.3027701396090159,2.6569971900552556,-0.043,False,False,1.0,False,False,0.0,1.0,0.007723436481668836,0.007723436481668836,2.448697923690828
2009-03-31 00:00:00-04:00,12.786425590515137,7.622547626495361,-1.2960122198222987,2.9075107203996886,0.371,False,True,0.0,False,False,0.0,0.0,0.011052714199443503,0.011052714199443503,2.4597506378902714
2009-04-01 00:00:00-04:00,12.845438957214355,7.819136619567871,-1.2898453883938086,2.7599616472435837,0.175,False,False,0.0,False,False,0.0,0.0,-0.0064345040310165155,-0.0,2.4597506378902714
2009-04-02 00:00:00-04:00,12.786425590515137,8.260932922363281,-1.282716446517345,2.1899910674231613,-0.739,False,False,0.0,False,True,0.0,0.0,-0.024375571553316582,-0.0,2.4597506378902714
2009-04-03 00:00:00-04:00,12.839226722717285,8.315892219543457,-1.2749435337230874,2.236933710272222,-0.615,False,False,0.0,False,False,0.0,0.0,0.0020025426414076127,0.0,2.4597506378902714
2009-04-06 00:00:00-04:00,12.742945671081543,8.322236061096191,-1.2666103078777626,2.201915691505077,-0.632,False,False,0.0,False,False,0.0,0.0,-0.0015039535899083261,-0.0,2.4597506378902714
2009-04-07 00:00:00-04:00,12.79263687133789,8.256705284118652,-1.2583615390485592,2.4027165025439725,-0.221,False,False,0.0,False,False,0.0,0.0,0.008661719626482156,0.0,2.4597506378902714
2009-04-08 00:00:00-04:00,12.898231506347656,8.351824760437012,-1.2502863548846306,2.456058969985662,-0.071,False,False,0.0,False,False,0.0,0.0,0.0022854131978212707,0.0,2.4597506378902714
2009-04-09 00:00:00-04:00,12.637351989746094,8.675244331359863,-1.2408827994977216,1.8723905175215272,-1.164,False,False,0.0,False,True,0.0,0.0,-0.024940630481367177,-0.0,2.4597506378902714
2009-04-13 00:00:00-04:00,12.569028854370117,8.4807710647583,-1.2311630031315999,2.127817281410712,-0.609,False,False,0.0,False,False,0.0,0.0,0.011100569100782253,0.0,2.4597506378902714
2009-04-14 00:00:00-04:00,12.283293724060059,8.370854377746582,-1.2211144651746475,2.0615223575231845,-0.711,False,False,0.0,False,False,0.0,0.0,-0.0029457779224654097,-0.0,2.4597506378902714
2009-04-15 00:00:00-04:00,12.460322380065918,8.381420135498047,-1.2113876773004448,2.3071733096457585,-0.089,False,False,0.0,False,False,0.0,0.0,0.010863035897007036,0.0,2.4597506378902714
2009-04-16 00:00:00-04:00,12.47274398803711,8.575894355773926,-1.2015229692024751,2.168609938120875,-0.388,False,False,0.0,False,True,0.0,0.0,-0.006083510272742109,-0.0,2.4597506378902714
2009-04-17 00:00:00-04:00,12.40131664276123,8.647767066955566,-1.1913858625523044,2.0984892165449622,-0.546,False,False,0.0,False,False,0.0,0.0,-0.0030884547491805505,-0.0,2.4597506378902714
2009-04-20 00:00:00-04:00,12.314351081848145,8.569551467895508,-1.1813034957289126,2.1911099759943475,-0.219,False,False,0.0,False,False,0.0,0.0,0.004127927750650125,0.0,2.4597506378902714
2009-04-21 00:00:00-04:00,12.469643592834473,8.87394905090332,-1.170902829200787,2.0791115429481355,-0.532,False,False,0.0,False,False,0.0,0.0,-0.004899281387712121,-0.0,2.4597506378902714
2009-04-22 00:00:00-04:00,12.342307090759277,9.026144981384277,-1.1597617085849288,1.8741297652137678,-1.122,False,False,0.0,False,False,0.0,0.0,-0.008986296564041752,-0.0,2.4597506378902714
2009-04-23 00:00:00-04:00,12.36715030670166,8.478653907775879,-1.1499787500269427,2.6168784839265022,1.253,False,True,0.0,False,False,0.0,0.0,0.033582065503142064,0.0,2.4597506378902714
2009-04-24 00:00:00-04:00,12.252236366271973,8.419468879699707,-1.1412704121688342,2.6433456476944155,1.346,False,False,0.0,False,False,0.0,0.0,0.0012106952978767436,0.0,2.4597506378902714
2009-04-27 00:00:00-04:00,12.385784149169922,8.237677574157715,-1.134257133238684,3.042139599361196,2.355,False,False,0.0,True,False,-1.0,-1.0,0.018352712222274165,0.0,2.4597506378902714
2009-04-28 00:00:00-04:00,12.298827171325684,8.385648727416992,-1.1280202161482065,2.839645881281836,1.636,False,False,0.0,False,False,-1.0,-1.0,-0.009306629255102988,0.009306629255102988,2.4690572671453745
2009-04-29 00:00:00-04:00,12.485169410705566,8.476540565490723,-1.1226134534236347,2.969290933394497,1.897,False,False,0.0,False,False,-1.0,-1.0,0.00589267623853839,-0.00589267623853839,2.4631645909068363
2009-04-30 00:00:00-04:00,12.410635948181152,8.535731315612793,-1.117618887629311,2.870941410123308,1.556,False,False,0.0,False,False,-1.0,-1.0,-0.004480548633782334,0.004480548633782334,2.4676451395406183
2009-05-01 00:00:00-04:00,12.503802299499512,8.256705284118652,-1.1138846489339747,3.3067850327477135,2.485,False,False,0.0,False,False,-1.0,-1.0,0.020084201027237746,-0.020084201027237746,2.447560938513381
2009-05-04 00:00:00-04:00,12.550389289855957,8.286294937133789,-1.1111542559815277,3.343037404141562,2.292,False,False,0.0,False,False,-1.0,-1.0,0.0016661826749990274,-0.0016661826749990274,2.4458947558383817
2009-05-05 00:00:00-04:00,12.565923690795898,8.237677574157715,-1.1093477746072262,3.427474405972184,2.304,False,False,0.0,False,False,-1.0,-1.0,0.003890322098936917,-0.003890322098936917,2.4420044337394446
2009-05-06 00:00:00-04:00,12.236710548400879,8.174263000488281,-1.107747433765454,3.1816916866860847,1.592,False,False,0.0,False,False,-1.0,-1.0,-0.01154357706468542,0.01154357706468542,2.45354801080413
2009-05-07 00:00:00-04:00,12.242920875549316,8.060112953186035,-1.1065861929880096,3.3237111676298383,1.769,False,False,0.0,False,False,-1.0,-1.0,0.006711019969543844,-0.006711019969543844,2.446836990834586
2009-05-08 00:00:00-04:00,12.078315734863281,7.893119812011719,-1.1058086557268347,3.350035526051757,1.687,False,False,0.0,False,False,-1.0,-1.0,0.0012651929461782619,-0.0012651929461782619,2.445571797888408
2009-05-11 00:00:00-04:00,12.131112098693848,7.768405914306641,-1.105681533705482,3.5417291329165437,1.912,False,False,0.0,False,False,-1.0,-1.0,0.009251400908537093,-0.009251400908537093,2.4363203969798706
2009-05-12 00:00:00-04:00,12.121086120605469,7.652141571044922,-1.1062481189698055,3.6559189015463716,1.948,False,False,0.0,False,False,-1.0,-1.0,0.005546894169897965,-0.005546894169897965,2.4307735028099726
2009-05-13 00:00:00-04:00,11.967578887939453,7.307583808898926,-1.107707539337598,3.872913208480753,2.123,False,False,0.0,False,False,-1.0,-1.0,0.010816053318730093,-0.010816053318730093,2.4199574494912426
2009-05-14 00:00:00-04:00,11.873589515686035,7.497829914093018,-1.109271745868813,3.5564586366526605,1.453,False,False,0.0,False,False,-1.0,-1.0,-0.015673267998444314,0.015673267998444314,2.435630717489687
2009-05-15 00:00:00-04:00,11.679351806640625,7.49149227142334,-1.1105647324846681,3.3595646963164043,1.049,False,False,0.0,False,False,-1.0,-1.0,-0.009845120890141687,0.009845120890141687,2.4454758383798287
2009-05-18 00:00:00-04:00,11.632362365722656,7.943853378295898,-1.1106777229218971,2.8093013842915475,0.095,False,False,0.0,False,False,-1.0,-1.0,-0.026900607368823888,0.026900607368823888,2.472376445748653
2009-05-19 00:00:00-04:00,11.870454788208008,8.01361083984375,-1.1101566401341598,2.974091502904388,0.374,False,True,0.0,False,False,-1.0,-1.0,0.007935260858428406,-0.007935260858428406,2.4644411848902243
2009-05-20 00:00:00-04:00,11.638626098632812,7.931171894073486,-1.1088953460183948,2.843786496822826,0.146,False,False,0.0,False,False,-1.0,-1.0,-0.00637703892192591,0.00637703892192591,2.4708182238121505
2009-05-21 00:00:00-04:00,11.575967788696289,7.7641777992248535,-1.1073214862648861,2.978526888433791,0.342,False,True,0.0,False,False,-1.0,-1.0,0.0066791088054796765,-0.0066791088054796765,2.4641391150066707
2009-05-22 00:00:00-04:00,11.632362365722656,7.72189998626709,-1.1057253993376246,3.09406141976228,0.505,False,False,0.0,False,False,-1.0,-1.0,0.005727849874999914,-0.005727849874999914,2.4584112651316707
2009-05-26 00:00:00-04:00,11.864191055297852,8.083368301391602,-1.103795928534984,2.941802035373051,0.202,False,False,0.0,False,False,-1.0,-1.0,-0.00732488864633967,0.00732488864633967,2.4657361537780105
2009-05-27 00:00:00-04:00,11.864191055297852,7.9776740074157715,-1.1018680710534414,3.0738467852534583,0.406,False,False,0.0,False,False,-1.0,-1.0,0.0063930147931429765,-0.0063930147931429765,2.4593431389848677
2009-05-28 00:00:00-04:00,12.218205451965332,7.884664058685303,-1.1008389774279659,3.538459932239169,1.169,False,False,0.0,False,False,-1.0,-1.0,0.02223247377769614,-0.02223247377769614,2.4371106652071712
2009-05-29 00:00:00-04:00,12.362316131591797,8.11296272277832,-1.1003007400553477,3.4356172436773615,0.941,False,False,0.0,False,False,-1.0,-1.0,-0.004830786603681618,0.004830786603681618,2.4419414518108526
2009-06-01 00:00:00-04:00,12.716331481933594,8.582233428955078,-1.0998296539686834,3.2773366594874638,0.603,False,False,0.0,False,False,-1.0,-1.0,-0.0071441323867393654,0.0071441323867393654,2.4490855841975923
2009-06-02 00:00:00-04:00,12.66933822631836,8.747119903564453,-1.0989594864977836,3.056607828762626,0.134,False,False,0.0,False,False,-1.0,-1.0,-0.009906119330785024,0.009906119330785024,2.458991703528377
2009-06-03 00:00:00-04:00,12.644275665283203,8.890862464904785,-1.097410205568785,2.8873524599882483,-0.245,False,False,0.0,False,True,0.0,0.0,-0.007555638863448451,0.007555638863448451,2.4665473423918254
2009-06-04 00:00:00-04:00,12.700668334960938,8.958502769470215,-1.095322756970098,2.8882163831805627,-0.3,False,False,0.0,False,False,0.0,0.0,3.837420940815665e-05,0.0,2.4665473423918254
2009-06-05 00:00:00-04:00,12.750794410705566,8.876060485839844,-1.093171486413583,3.047738175903154,-0.018,False,False,0.0,False,False,0.0,0.0,0.007104429224236629,0.0,2.4665473423918254
2009-06-08 00:00:00-04:00,12.65367603302002,8.859148979187012,-1.0908521655778,2.9896541838975104,-0.22,False,False,0.0,False,True,0.0,0.0,-0.0026025978267283363,-0.0,2.4665473423918254
2009-06-09 00:00:00-04:00,12.35291862487793,8.82744312286377,-1.0878940094588525,2.7495961326756895,-0.939,False,False,0.0,False,False,0.0,0.0,-0.010933476724988015,-0.0,2.4665473423918254
2009-06-10 00:00:00-04:00,12.415579795837402,8.580121040344238,-1.0852434653826688,3.104059504611472,-0.102,False,False,0.0,False,False,0.0,0.0,0.016314343401346774,0.0,2.4665473423918254
2009-06-11 00:00:00-04:00,12.66933822631836,8.246129035949707,-1.0841545891409785,3.729259589344812,1.842,False,True,0.0,True,False,-1.0,-1.0,0.028931835073965944,0.0,2.4665473423918254
2009-06-12 00:00:00-04:00,12.876112937927246,8.434267044067383,-1.0842098648982903,3.7315974055628462,1.742,False,False,0.0,False,False,-1.0,-1.0,0.00010616482727494756,-0.00010616482727494756,2.4664411775645507
2009-06-15 00:00:00-04:00,12.594152450561523,8.320121765136719,-1.0847840179386659,3.5686173324375687,1.139,False,False,0.0,False,False,-1.0,-1.0,-0.007538502700720899,0.007538502700720899,2.4739796802652716
2009-06-16 00:00:00-04:00,12.540892601013184,7.988242149353027,-1.0863162654447092,3.863135221859986,1.917,False,False,0.0,True,False,-1.0,-1.0,0.013880142690402587,-0.013880142690402587,2.460099537574869
2009-06-17 00:00:00-04:00,12.62547779083252,8.121414184570312,-1.0884115881718337,3.7860364800030872,1.559,False,False,0.0,False,False,-1.0,-1.0,-0.003591848704006037,0.003591848704006037,2.4636913862788754
2009-06-18 00:00:00-04:00,12.697534561157227,8.377193450927734,-1.090514982122382,3.5620795947830324,0.832,False,False,0.0,False,False,-1.0,-1.0,-0.010257728788705046,0.010257728788705046,2.4739491150675805
2009-06-19 00:00:00-04:00,12.603546142578125,8.425814628601074,-1.0923076754451069,3.3999641518795087,0.328,False,False,0.0,False,False,-1.0,-1.0,-0.007434057428962525,0.007434057428962525,2.4813831724965425
2009-06-22 00:00:00-04:00,12.675610542297363,8.298978805541992,-1.0942352847206667,3.594575106124344,0.888,False,False,0.0,False,False,-1.0,-1.0,0.008944896857604584,-0.008944896857604584,2.472438275638938
2009-06-23 00:00:00-04:00,12.434372901916504,8.144670486450195,-1.0960815868911649,3.507149550422538,0.615,False,False,0.0,False,False,-1.0,-1.0,-0.0040926508798633495,0.0040926508798633495,2.4765309265188016
2009-06-24 00:00:00-04:00,12.572220802307129,8.227109909057617,-1.097936574309008,3.5393759322927156,0.677,False,False,0.0,False,False,-1.0,-1.0,0.00149161230791644,-0.00149161230791644,2.4750393142108846
2009-06-25 00:00:00-04:00,12.778987884521484,8.516707420349121,-1.099575497608031,3.4142250848090896,0.295,False,False,0.0,False,False,-1.0,-1.0,-0.005651745689709745,0.005651745689709745,2.480691059900595
2009-06-26 00:00:00-04:00,12.747660636901855,8.679472923278809,-1.100618081139772,3.1948758027781246,-0.345,False,False,0.0,False,True,0.0,0.0,-0.009836094185470873,0.009836094185470873,2.490527154086066
2009-06-29 00:00:00-04:00,12.901175498962402,8.692159652709961,-1.101459203987503,3.327116246956198,0.068,False,False,0.0,False,False,0.0,0.0,0.005883829274458378,0.0,2.490527154086066
2009-06-30 00:00:00-04:00,12.753925323486328,8.734434127807617,-1.1017467631572007,3.130790795164499,-0.481,False,False,0.0,False,True,0.0,0.0,-0.008773514174420691,-0.0,2.490527154086066
2009-07-01 00:00:00-04:00,12.998295783996582,8.933137893676758,-1.1016596255665856,3.157018436913967,-0.355,False,False,0.0,False,False,0.0,0.0,0.0011483420289400542,0.0,2.490527154086066
2009-07-02 00:00:00-04:00,12.641143798828125,8.508249282836914,-1.1015158631812114,3.269172245883098,0.031,False,False,0.0,False,False,0.0,0.0,0.005094863093064971,0.0,2.490527154086066
2009-07-06 00:00:00-04:00,12.960695266723633,8.590690612792969,-1.1017875519447187,3.495579286939993,0.747,False,True,0.0,False,False,0.0,0.0,0.010095823895430171,0.0,2.490527154086066
2009-07-07 00:00:00-04:00,12.80405330657959,8.529390335083008,-1.1021850612726,3.4030866974882024,0.406,False,False,0.0,False,False,0.0,0.0,-0.004165390970287523,-0.0,2.490527154086066
2009-07-08 00:00:00-04:00,12.838520050048828,9.448911666870117,-1.1006897608816864,2.4381997268493816,-2.505,True,False,1.0,False,True,0.0,1.0,-0.04152044401275566,-0.0,2.490527154086066
2009-07-09 00:00:00-04:00,12.80405330657959,9.48273754119873,-1.0975968337966457,2.3958306056352736,-2.409,False,False,1.0,False,False,0.0,1.0,-0.001825289394300441,-0.001825289394300441,2.488701864691765
2009-07-10 00:00:00-04:00,12.747660636901855,9.51021957397461,-1.0931660246507573,2.3514117116642126,-2.291,False,False,1.0,False,False,0.0,1.0,-0.0019192476470667127,-0.0019192476470667127,2.4867826170446987
2009-07-13 00:00:00-04:00,12.819718360900879,9.72371768951416,-1.087446091903908,2.2456995606618086,-2.291,False,False,1.0,False,False,0.0,1.0,-0.0045188227205529875,-0.0045188227205529875,2.4822637943241457
2009-07-14 00:00:00-04:00,12.901175498962402,9.72371768951416,-1.081070523381213,2.3891509271481706,-1.821,False,False,1.0,False,False,0.0,1.0,0.006126944033823546,0.006126944033823546,2.4883907383579693
2009-07-15 00:00:00-04:00,13.045284271240234,9.80192756652832,-1.0744727923463997,2.513379788455399,-1.453,False,False,1.0,False,False,0.0,1.0,0.005269027728592979,0.005269027728592979,2.4936597660865623
2009-07-16 00:00:00-04:00,12.98262882232666,9.922416687011719,-1.0674295018851259,2.391148520613081,-1.596,True,False,1.0,False,False,0.0,1.0,-0.005184979300773243,-0.005184979300773243,2.4884747867857886
2009-07-17 00:00:00-04:00,12.87924575805664,10.053478240966797,-1.0596737412934247,2.2258388574393155,-1.787,False,False,1.0,False,False,0.0,1.0,-0.007024693117749028,-0.007024693117749028,2.4814500936680397
2009-07-20 00:00:00-04:00,12.93876838684082,10.140141487121582,-1.0514979977162007,2.2764299165735,-1.564,False,False,1.0,False,False,0.0,1.0,0.002143588410513364,0.002143588410513364,2.483593682078553
2009-07-21 00:00:00-04:00,13.064083099365234,9.958352088928223,-1.0439484079414174,2.6680772904085277,-0.77,False,False,1.0,False,False,0.0,1.0,0.016694198191896003,0.016694198191896003,2.500287880270449
2009-07-22 00:00:00-04:00,13.051555633544922,10.224695205688477,-1.0363415375733953,2.455279282862403,-1.136,False,False,1.0,False,False,0.0,1.0,-0.008998626499378727,-0.008998626499378727,2.4912892537710705
2009-07-23 00:00:00-04:00,13.424363136291504,10.12111759185791,-1.029934114015466,3.0002788564749796,-0.107,False,False,1.0,False,False,0.0,1.0,0.022852622818727648,0.022852622818727648,2.514141876589798
2009-07-24 00:00:00-04:00,13.565343856811523,10.068273544311523,-1.0249613284724781,3.2457528294096782,0.349,False,True,0.0,False,False,0.0,0.0,0.010277355752681723,0.010277355752681723,2.5244192323424794
2009-07-27 00:00:00-04:00,13.577875137329102,9.892820358276367,-1.0215483368968286,3.471880953112791,0.745,False,False,0.0,False,False,0.0,0.0,0.009547769438898318,0.0,2.5244192323424794
2009-07-28 00:00:00-04:00,13.389904022216797,9.903395652770996,-1.0188992144592492,3.2993419711292855,0.391,False,False,0.0,False,False,0.0,0.0,-0.00734819238446338,-0.0,2.5244192323424794
2009-07-29 00:00:00-04:00,13.396164894104004,9.962581634521484,-1.016734391397082,3.266865519185055,0.32,False,False,0.0,False,False,0.0,0.0,-0.0013804808089162197,-0.0,2.5244192323424794
2009-07-30 00:00:00-04:00,13.581010818481445,10.188764572143555,-1.0148578991917194,3.240862609436819,0.304,False,False,0.0,False,False,0.0,0.0,-0.0010870254956423472,-0.0,2.5244192323424794
2009-07-31 00:00:00-04:00,13.461956977844238,10.140141487121582,-1.0130922136116374,3.189058592321034,0.241,False,False,0.0,False,False,0.0,0.0,-0.0021826135581066016,-0.0,2.5244192323424794
2009-08-03 00:00:00-04:00,13.631133079528809,10.231038093566895,-1.0115980629542398,3.2814347620654996,0.446,False,False,0.0,False,False,0.0,0.0,0.0038520837003195815,0.0,2.5244192323424794
2009-08-04 00:00:00-04:00,13.606074333190918,10.013315200805664,-1.0107352203012034,3.4852639877592164,0.901,False,False,0.0,False,False,0.0,0.0,0.008590644260911436,0.0,2.5244192323424794
2009-08-05 00:00:00-04:00,13.568475723266602,9.962581634521484,-1.0103674667368077,3.502607355036485,0.976,False,False,0.0,False,False,0.0,0.0,0.000733820545648583,0.0,2.5244192323424794
2009-08-06 00:00:00-04:00,13.815966606140137,9.909735679626465,-1.0109567844391643,3.7976520888229093,1.551,False,False,0.0,True,False,-1.0,-1.0,0.012379007038565365,0.0,2.5244192323424794
2009-08-07 00:00:00-04:00,13.941290855407715,10.31136417388916,-1.0116716884706598,3.5095756511733978,0.944,False,False,0.0,False,False,-1.0,-1.0,-0.011819487384714602,0.011819487384714602,2.5362387197271943
2009-08-10 00:00:00-04:00,14.063468933105469,10.057703018188477,-1.013206702176018,3.87293682658094,1.634,False,False,0.0,True,False,-1.0,-1.0,0.014981494179612902,-0.014981494179612902,2.5212572255475814
2009-08-11 00:00:00-04:00,14.06660270690918,9.962581634521484,-1.0154880128609143,3.949720479904318,1.702,False,False,0.0,False,False,-1.0,-1.0,0.003175045016597245,-0.003175045016597245,2.518082180530984
2009-08-12 00:00:00-04:00,14.14488697052002,10.021770477294922,-1.018297727867341,3.9397408642826015,1.612,False,False,0.0,False,False,-1.0,-1.0,-0.0004098399205561,0.0004098399205561,2.51849202045154
2009-08-13 00:00:00-04:00,14.14173412322998,9.901275634765625,-1.021652650696653,4.026069625693495,1.673,False,False,0.0,False,False,-1.0,-1.0,0.003558863122980895,-0.003558863122980895,2.514933157328559
2009-08-14 00:00:00-04:00,14.154359817504883,9.759650230407715,-1.0256215212570408,4.144652501257495,1.748,False,False,0.0,False,False,-1.0,-1.0,0.004907405483837771,-0.004907405483837771,2.5100257518447213
2009-08-17 00:00:00-04:00,14.12910270690918,9.476393699645996,-1.030423577544049,4.364403208704067,1.95,False,False,0.0,False,False,-1.0,-1.0,0.009196975247394316,-0.009196975247394316,2.500828776597327
2009-08-18 00:00:00-04:00,14.002840042114258,9.558837890625,-1.0353504222787806,4.106093195561256,1.437,False,False,0.0,False,False,-1.0,-1.0,-0.010808137159278553,0.010808137159278553,2.5116369137566057
2009-08-19 00:00:00-04:00,14.148039817810059,9.7025728225708,-1.0402958524522363,4.0544935523738665,1.281,False,False,0.0,False,False,-1.0,-1.0,-0.0021285588744150044,0.0021285588744150044,2.513765472631021
2009-08-20 00:00:00-04:00,14.230116844177246,9.681440353393555,-1.0453566411183413,4.109558875166194,1.292,False,False,0.0,False,False,-1.0,-1.0,0.0022613468914012883,-0.0022613468914012883,2.5115041257396196
2009-08-21 00:00:00-04:00,14.482644081115723,9.952012062072754,-1.050392420024398,4.029126047123125,1.129,False,False,0.0,False,False,-1.0,-1.0,-0.003225549612317294,0.003225549612317294,2.514729675351937
2009-08-24 00:00:00-04:00,14.406891822814941,9.897048950195312,-1.0552669528335241,3.9628631350981056,0.994,False,False,0.0,False,False,-1.0,-1.0,-0.0026664168032301656,0.0026664168032301656,2.517396092155167
2009-08-25 00:00:00-04:00,14.451077461242676,10.004857063293457,-1.0598111083461783,3.8478188081485456,0.779,False,False,0.0,False,False,-1.0,-1.0,-0.004591793070251355,0.004591793070251355,2.5219878852254185
2009-08-26 00:00:00-04:00,14.593128204345703,10.017541885375977,-1.064269355680141,3.931765356497788,0.85,False,False,0.0,False,False,-1.0,-1.0,0.0033240245537219364,-0.0033240245537219364,2.5186638606716967
2009-08-27 00:00:00-04:00,14.602599143981934,10.032340049743652,-1.0685653061201674,3.8823886276259927,0.73,False,False,0.0,False,False,-1.0,-1.0,-0.001949891403604091,0.001949891403604091,2.5206137520753007
2009-08-28 00:00:00-04:00,14.49211597442627,10.04713249206543,-1.0724160239426952,3.717410095259998,0.434,False,False,0.0,False,False,-1.0,-1.0,-0.00652945326174994,0.00652945326174994,2.52714320533705
2009-08-31 00:00:00-04:00,14.353225708007812,9.952012062072754,-1.0757858775343412,3.6469916785785266,0.274,False,False,0.0,False,False,-1.0,-1.0,-0.0028100532660834425,0.0028100532660834425,2.529953258603134
2009-09-01 00:00:00-04:00,14.236428260803223,9.672980308532715,-1.0790687072460174,3.798617904058643,0.483,False,False,0.0,False,False,-1.0,-1.0,0.006145122766717642,-0.006145122766717642,2.523808135836416
2009-09-02 00:00:00-04:00,14.154359817504883,9.768104553222656,-1.0818910532193065,3.586334894462521,0.057,False,False,0.0,False,False,-1.0,-1.0,-0.00858667203119594,0.00858667203119594,2.532394807867612
2009-09-03 00:00:00-04:00,14.138571739196777,9.92453384399414,-1.0839900657763784,3.380475644845676,-0.428,False,False,0.0,False,True,0.0,0.0,-0.008268546256597944,0.008268546256597944,2.5406633541242103
2009-09-04 00:00:00-04:00,14.16066837310791,9.962581634521484,-1.085487311816972,3.3464124158940507,-0.635,False,False,0.0,False,False,0.0,0.0,-0.001363897183474931,-0.0,2.5406633541242103
2009-09-08 00:00:00-04:00,14.239580154418945,10.055591583251953,-1.0864778287686172,3.314402844063382,-0.809,False,False,0.0,False,False,0.0,0.0,-0.0012720000133311586,-0.0,2.5406633541242103
2009-09-09 00:00:00-04:00,14.220648765563965,9.913963317871094,-1.087333567820565,3.440863659900984,-0.659,False,False,0.0,False,False,0.0,0.0,0.00505834484669267,0.0,2.5406633541242103
2009-09-10 00:00:00-04:00,14.14173412322998,9.867457389831543,-1.088020707020004,3.405736157455701,-0.837,False,False,0.0,False,False,0.0,0.0,-0.0014120058178779444,-0.0,2.5406633541242103
2009-09-11 00:00:00-04:00,14.088066101074219,9.740625381469727,-1.0887309583355635,3.483145694718969,-0.636,False,False,0.0,False,False,0.0,0.0,0.0031348795027275234,0.0,2.5406633541242103
2009-09-14 00:00:00-04:00,14.226958274841309,9.990059852600098,-1.0891982347606286,3.345802718236257,-1.041,False,False,0.0,False,False,0.0,0.0,-0.005470063478471979,-0.0,2.5406633541242103
2009-09-15 00:00:00-04:00,14.369006156921387,10.087298393249512,-1.0895488567118,3.3784017252456042,-0.955,False,False,0.0,False,False,0.0,0.0,0.0012854695420285805,0.0,2.5406633541242103
2009-09-16 00:00:00-04:00,14.406891822814941,10.197222709655762,-1.0896505559783485,3.295482427803499,-1.219,False,False,0.0,False,False,0.0,0.0,-0.0032494050734137424,-0.0,2.5406633541242103
2009-09-17 00:00:00-04:00,14.372163772583008,10.203558921813965,-1.089487610827068,3.2555127409226987,-1.348,False,False,0.0,False,False,0.0,0.0,-0.001568126536591506,-0.0,2.5406633541242103
2009-09-18 00:00:00-04:00,14.286932945251465,10.167622566223145,-1.0890466285544214,3.2139178690922954,-1.485,False,False,0.0,False,False,0.0,0.0,-0.001640179695766176,-0.0,2.5406633541242103
2009-09-21 00:00:00-04:00,14.217489242553711,10.18242073059082,-1.088247486153064,3.136495479535405,-1.68,True,False,1.0,False,False,0.0,1.0,-0.003060357000055609,-0.0,2.5406633541242103
2009-09-22 00:00:00-04:00,14.14488697052002,10.167622566223145,-1.0870967218218242,3.0916978100572354,-1.708,False,False,1.0,False,False,0.0,1.0,-0.001777821022736251,-0.001777821022736251,2.5388855331014737
2009-09-23 00:00:00-04:00,14.148039817810059,10.087298393249512,-1.0858929607227192,3.194313499870818,-1.346,False,False,1.0,False,False,0.0,1.0,0.004087986847564471,0.004087986847564471,2.5429735199490384
2009-09-24 00:00:00-04:00,14.14173412322998,10.004857063293457,-1.0848371692643677,3.288093307792092,-1.019,False,False,1.0,False,False,0.0,1.0,0.0037518864250440562,0.0037518864250440562,2.5467254063740823
2009-09-25 00:00:00-04:00,14.043880462646484,10.0830717086792,-1.0835552325197422,3.11831535283536,-1.423,False,False,1.0,False,False,0.0,1.0,-0.006799428303846871,-0.006799428303846871,2.5399259780702357
2009-09-28 00:00:00-04:00,14.255369186401367,10.224695205688477,-1.0822413547090304,3.189781195510143,-1.155,False,False,1.0,False,False,0.0,1.0,0.002822398939123539,0.002822398939123539,2.5427483770093593
2009-09-29 00:00:00-04:00,14.38795280456543,10.235267639160156,-1.0811641599994928,3.321948265102847,-0.751,False,False,1.0,False,False,0.0,1.0,0.0051923977009301035,0.0051923977009301035,2.5479407747102893
2009-09-30 00:00:00-04:00,14.258527755737305,10.235267639160156,-1.0800309764397007,3.204121653293491,-1.009,False,False,1.0,False,False,0.0,1.0,-0.004654798707628851,-0.004654798707628851,2.5432859760026605
2009-10-01 00:00:00-04:00,14.125946044921875,10.002744674682617,-1.079114788758106,3.331836338300473,-0.619,False,False,1.0,False,False,0.0,1.0,0.005124975894127871,0.005124975894127871,2.5484109518967886
2009-10-02 00:00:00-04:00,13.97758674621582,9.8695707321167,-1.0783644681874693,3.334592352438184,-0.567,False,False,1.0,False,False,0.0,1.0,0.00011193944294167612,0.00011193944294167612,2.54852289133973
2009-10-05 00:00:00-04:00,13.889195442199707,10.305021286010742,-1.0766718780141336,2.7940688212149,-2.037,True,False,1.0,False,False,0.0,1.0,-0.02163450862730309,-0.02163450862730309,2.5268883827124267
2009-10-06 00:00:00-04:00,14.053343772888184,10.687633514404297,-1.07382209487477,2.57672676319676,-2.427,False,False,1.0,False,False,0.0,1.0,-0.00851321550663891,-0.00851321550663891,2.5183751672057877
2009-10-07 00:00:00-04:00,14.06596851348877,10.738365173339844,-1.0700985687767284,2.5748593104959383,-2.229,False,False,1.0,False,False,0.0,1.0,-7.306988387084845e-05,-7.306988387084845e-05,2.518302097321917
2009-10-08 00:00:00-04:00,14.02808952331543,11.205526351928711,-1.064698079243148,2.0975871395084518,-3.023,False,False,1.0,False,False,0.0,1.0,-0.01838590369982798,-0.01838590369982798,2.499916193622089
2009-10-09 00:00:00-04:00,14.037564277648926,11.273173332214355,-1.0580664791926426,2.109797460704492,-2.644,False,False,1.0,False,False,0.0,1.0,0.00047025478518094226,0.00047025478518094226,2.50038644840727
2009-10-12 00:00:00-04:00,14.075441360473633,11.35349178314209,-1.0506031391721282,2.1474272525395897,-2.313,False,False,1.0,False,False,0.0,1.0,0.0014471073615895138,0.0014471073615895138,2.50183355576886
2009-10-13 00:00:00-04:00,13.904979705810547,11.243573188781738,-1.042645832319102,2.181914980152472,-2.046,False,False,1.0,False,False,0.0,1.0,0.0013457026619844202,0.0013457026619844202,2.503179258430844
2009-10-14 00:00:00-04:00,14.103849411010742,11.034306526184082,-1.0354201550168793,2.6787060371654565,-0.975,False,False,1.0,False,False,0.0,1.0,0.019459876901515846,0.019459876901515846,2.52263913533236
2009-10-15 00:00:00-04:00,14.100691795349121,11.087146759033203,-1.028749291353932,2.69479742385667,-0.891,False,False,1.0,False,False,0.0,1.0,0.0006308718299641483,0.0006308718299641483,2.523270007162324
2009-10-16 00:00:00-04:00,14.214333534240723,11.070240020751953,-1.0228886789500917,2.8907103437533213,-0.427,False,False,1.0,False,False,0.0,1.0,0.007671440671952851,0.007671440671952851,2.5309414478342767
2009-10-19 00:00:00-04:00,14.305875778198242,11.171701431274414,-1.0176949286761265,2.936491886906447,-0.286,False,False,1.0,False,False,0.0,1.0,0.0017830995184647802,0.0017830995184647802,2.5327245473527418
2009-10-20 00:00:00-04:00,14.14173412322998,11.133660316467285,-1.0128486264028405,2.8650215648602764,-0.402,False,False,1.0,False,False,0.0,1.0,-0.00281175018054537,-0.00281175018054537,2.529912797172196
2009-10-21 00:00:00-04:00,14.094377517700195,10.772187232971191,-1.0090215668317875,3.2250082776822264,0.484,False,True,0.0,False,False,0.0,0.0,0.01442037993397971,0.01442037993397971,2.544333177106176
2009-10-22 00:00:00-04:00,14.179609298706055,10.059820175170898,-1.0075656502613421,4.043680042397819,2.244,False,False,0.0,True,False,-1.0,-1.0,0.033668666760694375,0.0,2.544333177106176
2009-10-23 00:00:00-04:00,14.031246185302734,9.846322059631348,-1.0078637209673833,4.107495396439456,2.173,False,False,0.0,False,False,-1.0,-1.0,0.002663968361609804,-0.002663968361609804,2.5416692087445663
2009-10-26 00:00:00-04:00,13.91760540008545,9.79981517791748,-1.009231477022017,4.027323453533009,1.861,False,False,0.0,False,False,-1.0,-1.0,-0.0033674530519722068,0.0033674530519722068,2.545036661796538
2009-10-27 00:00:00-04:00,13.873420715332031,9.72371768951416,-1.0113733414800847,4.039111864079086,1.77,False,False,0.0,False,False,-1.0,-1.0,0.0004972391182786071,-0.0004972391182786071,2.54453942267826
2009-10-28 00:00:00-04:00,13.895513534545898,9.4552583694458,-1.0145238632239124,4.302928285795513,2.076,False,False,0.0,False,False,-1.0,-1.0,0.011231918945438112,-0.011231918945438112,2.5333075037328214
2009-10-29 00:00:00-04:00,14.0186185836792,9.715256690979004,-1.0181123437905033,4.127395823500196,1.665,False,False,0.0,False,False,-1.0,-1.0,-0.007341431495546362,0.007341431495546362,2.5406489352283677
2009-10-30 00:00:00-04:00,13.785029411315918,9.448911666870117,-1.0219926058194722,4.128311554733315,1.566,False,False,0.0,False,False,-1.0,-1.0,3.906412020632114e-05,-3.906412020632114e-05,2.5406098711081615
2009-11-02 00:00:00-05:00,13.652453422546387,9.5820894241333,-1.0255677031046302,3.825371980894829,1.032,False,False,0.0,False,False,-1.0,-1.0,-0.012902281735589854,0.012902281735589854,2.5535121528437514
2009-11-03 00:00:00-05:00,13.630352020263672,9.73851490020752,-1.028559676328909,3.613708286581968,0.67,False,False,0.0,False,False,-1.0,-1.0,-0.008950976120404054,0.008950976120404054,2.5624631289641555
2009-11-04 00:00:00-05:00,13.822911262512207,9.708916664123535,-1.0314669078720486,3.8084850121812988,0.944,False,False,0.0,False,False,-1.0,-1.0,0.008171077222629785,-0.008171077222629785,2.554292051741526
2009-11-05 00:00:00-05:00,14.110162734985352,9.787131309509277,-1.0346374433709145,3.9840302189792425,1.16,False,False,0.0,False,False,-1.0,-1.0,0.007243070980114525,-0.007243070980114525,2.547048980761411
2009-11-06 00:00:00-05:00,14.081756591796875,10.070388793945312,-1.037392908728779,3.634806668816246,0.594,False,False,0.0,False,False,-1.0,-1.0,-0.014237340642182007,0.014237340642182007,2.5612863214035935
2009-11-09 00:00:00-05:00,14.277460098266602,10.171853065490723,-1.0399592361585472,3.699147553961893,0.661,False,False,0.0,False,False,-1.0,-1.0,0.002588569105087817,-0.002588569105087817,2.5586977522985057
2009-11-10 00:00:00-05:00,14.384963989257812,10.148597717285156,-1.042575648007105,3.8042831477958146,0.787,False,False,0.0,False,False,-1.0,-1.0,0.0042112108277913875,-0.0042112108277913875,2.5544865414707143
2009-11-11 00:00:00-05:00,14.359519004821777,10.159171104431152,-1.045110206041174,3.742065598662194,0.668,False,False,0.0,False,False,-1.0,-1.0,-0.0024909964310272543,0.0024909964310272543,2.5569775379017416
2009-11-12 00:00:00-05:00,14.13689136505127,10.025996208190918,-1.0473702307838,3.635961402640845,0.484,False,False,0.0,False,False,-1.0,-1.0,-0.004306557573054697,0.004306557573054697,2.561284095474796
2009-11-13 00:00:00-05:00,14.152789115905762,10.11689281463623,-1.0492461143086382,3.5376786412717145,0.32,False,False,0.0,False,False,-1.0,-1.0,-0.003968150832082268,0.003968150832082268,2.5652522463068785
2009-11-16 00:00:00-05:00,14.283185958862305,10.353641510009766,-1.0505937684283766,3.405714707904677,0.118,False,False,0.0,False,False,-1.0,-1.0,-0.005244852400577741,0.005244852400577741,2.570497098707456
2009-11-17 00:00:00-05:00,14.26092529296875,10.140141487121582,-1.0519019546745931,3.5944906419886227,0.384,False,True,0.0,False,False,-1.0,-1.0,0.0075730416100390635,-0.0075730416100390635,2.562924057097417
2009-11-18 00:00:00-05:00,14.235483169555664,10.218356132507324,-1.0529548064351482,3.476015965966006,0.2,False,False,0.0,False,False,-1.0,-1.0,-0.004739944438933802,0.004739944438933802,2.567664001536351
2009-11-19 00:00:00-05:00,14.133713722229004,10.036568641662598,-1.0539668813413452,3.555502771607534,0.309,False,False,0.0,False,False,-1.0,-1.0,0.0032165364168844092,-0.0032165364168844092,2.564447465119467
2009-11-20 00:00:00-05:00,14.343620300292969,10.085186004638672,-1.0552319183604209,3.7014101255964356,0.491,False,False,0.0,False,False,-1.0,-1.0,0.00583960393611703,-0.00583960393611703,2.55860786118335
2009-11-23 00:00:00-05:00,14.534439086914062,10.222583770751953,-1.0567474268999348,3.7317499909029035,0.495,False,False,0.0,False,False,-1.0,-1.0,0.0011974468885117798,-0.0011974468885117798,2.5574104142948375
2009-11-24 00:00:00-05:00,14.537619590759277,10.142261505126953,-1.058577295760763,3.8012518337634997,0.558,False,False,0.0,False,False,-1.0,-1.0,0.002749935809664386,-0.002749935809664386,2.5546604784851734
2009-11-25 00:00:00-05:00,14.515366554260254,10.190882682800293,-1.0604611195185145,3.708331695576012,0.363,False,False,0.0,False,False,-1.0,-1.0,-0.0036694836588439814,0.0036694836588439814,2.5583299621440174
2009-11-27 00:00:00-05:00,14.3181734085083,9.987945556640625,-1.0623698924192866,3.707280762010308,0.309,False,False,0.0,False,False,-1.0,-1.0,-4.215695699891736e-05,4.215695699891736e-05,2.5583721191010165
2009-11-30 00:00:00-05:00,14.343620300292969,9.8695707321167,-1.0645386542322164,3.837080755275787,0.512,False,False,0.0,False,False,-1.0,-1.0,0.005223306170804188,-0.005223306170804188,2.5531488129302122
2009-12-01 00:00:00-05:00,14.566247940063477,10.025996208190918,-1.066970126072754,3.8688095018050586,0.551,False,False,0.0,False,False,-1.0,-1.0,0.0012559032776981072,-0.0012559032776981072,2.551892909652514
2009-12-02 00:00:00-05:00,14.680740356445312,10.376895904541016,-1.069078791778297,3.5870210204094466,-0.208,False,False,0.0,False,True,0.0,0.0,-0.010932856973828791,0.010932856973828791,2.5628257666263425
2009-12-03 00:00:00-05:00,14.671201705932617,10.816574096679688,-1.0700012322143402,3.097454094147638,-1.638,True,False,1.0,False,False,0.0,1.0,-0.01865375773201851,-0.0,2.5628257666263425
2009-12-04 00:00:00-05:00,14.728452682495117,10.835599899291992,-1.0700905093922781,3.1333800666908314,-1.621,False,False,1.0,False,False,0.0,1.0,0.0013647857623961274,0.0013647857623961274,2.5641905523887387
2009-12-07 00:00:00-05:00,14.782511711120605,10.660154342651367,-1.0700430728728954,3.3756874010105964,-1.012,False,False,1.0,False,False,0.0,1.0,0.009252137363212891,0.009252137363212891,2.5734426897519516
2009-12-08 00:00:00-05:00,14.718901634216309,10.575592994689941,-1.0699511750740622,3.4035334824427856,-1.078,False,False,1.0,False,False,0.0,1.0,0.0010695933345199655,0.0010695933345199655,2.5745122830864715
2009-12-09 00:00:00-05:00,14.760250091552734,10.48892879486084,-1.070091404418079,3.5361375466188694,-0.676,False,False,1.0,False,False,0.0,1.0,0.005103225583447037,0.005103225583447037,2.5796155086699186
2009-12-10 00:00:00-05:00,14.947894096374512,10.414946556091309,-1.0709111623018361,3.7944115746792626,0.29,False,True,0.0,False,False,0.0,0.0,0.009895034727079963,0.009895034727079963,2.5895105433969983
2009-12-11 00:00:00-05:00,15.33908462524414,10.543888092041016,-1.0726919862281152,4.028740365225691,1.177,False,False,0.0,False,False,0.0,0.0,0.008793013597226252,0.0,2.5895105433969983
2009-12-14 00:00:00-05:00,15.361344337463379,10.60096263885498,-1.0750508856455097,3.9647700638673733,0.952,False,False,0.0,False,False,0.0,0.0,-0.002390705431470949,-0.0,2.5895105433969983
2009-12-15 00:00:00-05:00,15.224589347839355,10.584056854248047,-1.077542480381166,3.8198184726176336,0.441,False,False,0.0,False,False,0.0,0.0,-0.005443299802757233,-0.0,2.5895105433969983
2009-12-16 00:00:00-05:00,15.291379928588867,10.569257736206055,-1.0802353370275923,3.8740942357868313,0.756,False,False,0.0,False,False,0.0,0.0,0.002032140577091518,0.0,2.5895105433969983
2009-12-17 00:00:00-05:00,15.256390571594238,10.662266731262207,-1.082760135628015,3.711713199550699,0.138,False,False,0.0,False,False,0.0,0.0,-0.006058752456343045,-0.0,2.5895105433969983
2009-12-18 00:00:00-05:00,15.450399398803711,10.926494598388672,-1.0849472436028473,3.5957292020405216,-0.322,False,False,0.0,False,True,0.0,0.0,-0.004247709279928297,-0.0,2.5895105433969983
2009-12-21 00:00:00-05:00,15.53945255279541,11.101946830749512,-1.0866488867765407,3.475534388109109,-0.835,False,False,0.0,False,False,0.0,0.0,-0.004354352776753134,-0.0,2.5895105433969983
2009-12-22 00:00:00-05:00,15.583972930908203,11.239348411560059,-1.0877553205764852,3.358311896420883,-1.311,False,False,0.0,False,False,0.0,0.0,-0.004215175641437425,-0.0,2.5895105433969983
2009-12-23 00:00:00-05:00,15.742985725402832,11.349266052246094,-1.0884854220457978,3.3894750766136976,-1.101,False,False,0.0,False,False,0.0,0.0,0.001109148264530223,0.0,2.5895105433969983
2009-12-24 00:00:00-05:00,15.892473220825195,11.42113971710205,-1.089070272244528,3.4540494797780728,-0.764,False,False,0.0,False,False,0.0,0.0,0.0022792925776857426,0.0,2.5895105433969983
2009-12-28 00:00:00-05:00,15.882933616638184,11.438051223754883,-1.08948079881726,3.421396432468976,-0.876,False,False,0.0,False,False,0.0,0.0,-0.0011520076539289906,-0.0,2.5895105433969983
2009-12-29 00:00:00-05:00,15.987887382507324,11.454961776733398,-1.0899309098754024,3.502770470604334,-0.476,False,False,0.0,False,False,0.0,0.0,0.0028579364964073433,0.0,2.5895105433969983
2009-12-30 00:00:00-05:00,16.03559112548828,11.374629020690918,-1.0906669261285329,3.6296594556389135,0.13,False,False,0.0,False,False,0.0,0.0,0.004461399129282204,0.0,2.5895105433969983
2009-12-31 00:00:00-05:00,15.84794807434082,11.197071075439453,-1.0915940067201837,3.6252923955711918,0.126,False,False,0.0,False,False,0.0,0.0,-0.00015557414105272995,-0.0,2.5895105433969983
2010-01-04 00:00:00-05:00,15.816139221191406,11.27527904510498,-1.0924045864430398,3.4989726788936277,-0.443,False,False,0.0,False,True,0.0,0.0,-0.004490041722771844,-0.0,2.5895105433969983
2010-01-05 00:00:00-05:00,15.609421730041504,11.156903266906738,-1.0929620186159705,3.4153502139399983,-0.808,False,False,0.0,False,False,0.0,0.0,-0.003007624409397903,-0.0,2.5895105433969983
2010-01-06 00:00:00-05:00,15.768436431884766,11.133660316467285,-1.0936886589912131,3.591678410703974,-0.021,False,False,0.0,False,False,0.0,0.0,0.006309786001314891,0.0,2.5895105433969983
2010-01-07 00:00:00-05:00,15.73663330078125,11.285849571228027,-1.094136548606119,3.3883728028299682,-0.928,False,False,0.0,False,True,0.0,0.0,-0.007238966589333545,-0.0,2.5895105433969983
2010-01-08 00:00:00-05:00,15.828863143920898,11.279508590698242,-1.09456983810449,3.4826532519021196,-0.495,False,False,0.0,False,False,0.0,0.0,0.0033462361908304103,0.0,2.5895105433969983
2010-01-11 00:00:00-05:00,16.06421661376953,11.188615798950195,-1.0956265435017882,3.805672159396231,0.945,False,True,0.0,False,False,0.0,0.0,0.011404922942256493,0.0,2.5895105433969983
2010-01-12 00:00:00-05:00,15.997424125671387,11.192843437194824,-1.0969596996669968,3.7193259503864358,0.55,False,False,0.0,False,False,0.0,0.0,-0.003053744086165816,-0.0,2.5895105433969983
2010-01-13 00:00:00-05:00,16.105560302734375,11.264711380004883,-1.0985162932268215,3.731091313301418,0.603,False,False,0.0,False,False,0.0,0.0,0.0004131092280237872,0.0,2.5895105433969983
2010-01-14 00:00:00-05:00,16.06739616394043,11.169590950012207,-1.1003183138639125,3.7772906832733817,0.818,False,False,0.0,False,False,0.0,0.0,0.001629176312884009,0.0,2.5895105433969983
2010-01-15 00:00:00-05:00,15.991069793701172,11.087146759033203,-1.1022771898050103,3.7699608211983247,0.772,False,False,0.0,False,False,0.0,0.0,-0.00025981198176149505,-0.0,2.5895105433969983
2010-01-19 00:00:00-05:00,16.12782096862793,11.175931930541992,-1.1043828728081877,3.7853131568672094,0.826,False,False,0.0,False,False,0.0,0.0,0.0005392398446574998,0.0,2.5895105433969983
2010-01-20 00:00:00-05:00,16.07056999206543,10.808123588562012,-1.107182086452567,4.104009166644136,2.1,False,False,0.0,True,False,-1.0,-1.0,0.011366926660632357,0.0,2.5895105433969983
2010-01-21 00:00:00-05:00,15.956077575683594,10.727794647216797,-1.1103547661280653,4.044419659103276,1.768,False,False,0.0,False,False,-1.0,-1.0,-0.002138297442840376,0.002138297442840376,2.591648840839839
2010-01-22 00:00:00-05:00,15.590338706970215,10.592507362365723,-1.1133192005122754,3.7974968788808177,0.721,False,False,0.0,False,False,-1.0,-1.0,-0.0090173155710059,0.0090173155710059,2.6006661564108446
2010-01-25 00:00:00-05:00,15.685749053955078,10.83348560333252,-1.1157826987168569,3.597933250958503,-0.165,False,False,0.0,False,False,-1.0,-1.0,-0.007185380376994142,0.007185380376994142,2.6078515367878388
2010-01-26 00:00:00-05:00,15.583972930908203,10.700318336486816,-1.1179212800258862,3.6218593594983997,-0.133,False,False,0.0,False,False,-1.0,-1.0,0.0008685846731034964,-0.0008685846731034964,2.606982952114735
2010-01-27 00:00:00-05:00,15.568070411682129,11.038531303405762,-1.1190769768520297,3.2151041717803146,-1.979,True,False,1.0,False,True,0.0,1.0,-0.014568054646173393,0.014568054646173393,2.6215510067609085
2010-01-28 00:00:00-05:00,15.552164077758789,10.886331558227539,-1.119787450037252,3.3617866219111097,-1.289,False,False,1.0,False,False,0.0,1.0,0.005287275138548803,0.005287275138548803,2.626838281899458
2010-01-29 00:00:00-05:00,15.564896583557129,10.668604850769043,-1.1206385514142303,3.6092466979804776,-0.168,False,False,1.0,False,False,0.0,1.0,0.00899183002586492,0.00899183002586492,2.6358301119253227
2010-02-01 00:00:00-05:00,15.62531566619873,11.025854110717773,-1.1209501131001849,3.265883253763503,-1.614,True,False,1.0,False,True,0.0,1.0,-0.012269663577180049,-0.012269663577180049,2.6235604483481425
2010-02-02 00:00:00-05:00,15.774797439575195,11.186500549316406,-1.1208107864388646,3.2368469613970845,-1.651,False,False,1.0,False,False,0.0,1.0,-0.0010255554300404623,-0.0010255554300404623,2.622534892918102
2010-02-03 00:00:00-05:00,15.606236457824707,11.02161979675293,-1.1203829643964174,3.2578013974884197,-1.474,False,False,1.0,False,False,0.0,1.0,0.0007495862034265705,0.0007495862034265705,2.6232844791215286
2010-02-04 00:00:00-05:00,15.32318115234375,10.740479469299316,-1.1198232905944399,3.2957420904709664,-1.226,False,False,1.0,False,False,0.0,1.0,0.0013871968052419387,0.0013871968052419387,2.6246716759267708
2010-02-05 00:00:00-05:00,15.475844383239746,10.696086883544922,-1.1195579556722837,3.500955218205066,-0.27,False,False,1.0,False,False,0.0,1.0,0.007475688304402314,0.007475688304402314,2.632147364231173
2010-02-08 00:00:00-05:00,15.300928115844727,10.598849296569824,-1.1193828015528091,3.4367584970143774,-0.529,False,False,1.0,False,False,0.0,1.0,-0.0023632059717843047,-0.0023632059717843047,2.6297841582593886
2010-02-09 00:00:00-05:00,15.297735214233398,10.85673999786377,-1.118733521961669,3.1519362394011416,-1.698,True,False,1.0,False,False,0.0,1.0,-0.01037848316660023,-0.01037848316660023,2.6194056750927883
2010-02-10 00:00:00-05:00,15.310567855834961,10.772187232971191,-1.1179601715565948,3.2676915688227286,-1.141,False,False,1.0,False,False,0.0,1.0,0.004231837454072724,0.004231837454072724,2.6236375125468605
2010-02-11 00:00:00-05:00,15.480538368225098,10.966666221618652,-1.1170216131345474,3.230535174644478,-1.263,False,False,1.0,False,False,0.0,1.0,-0.001339908710236922,-0.001339908710236922,2.622297603836624
2010-02-12 00:00:00-05:00,15.352259635925293,10.94129467010498,-1.1157987797302642,3.1439763943529115,-1.547,True,False,1.0,False,False,0.0,1.0,-0.0031406776229447628,-0.0031406776229447628,2.6191569262136793
2010-02-16 00:00:00-05:00,15.647303581237793,11.08292293548584,-1.114651178320593,3.293710471962175,-0.904,False,False,1.0,False,False,0.0,1.0,0.005347474377847078,0.005347474377847078,2.624504400591526
2010-02-17 00:00:00-05:00,15.60561466217041,11.35349178314209,-1.1129237904989746,2.9700435514769534,-2.022,True,False,1.0,False,False,0.0,1.0,-0.011460811988858618,-0.011460811988858618,2.6130435886026673
2010-02-18 00:00:00-05:00,15.682589530944824,11.25202751159668,-1.1111866546959581,3.179486721786823,-1.167,False,False,1.0,False,False,0.0,1.0,0.007430832912763764,0.007430832912763764,2.620474421515431
2010-02-19 00:00:00-05:00,15.971222877502441,11.292192459106445,-1.1099466520052084,3.437491663718781,-0.19,False,False,1.0,False,False,0.0,1.0,0.009051231624710086,0.009051231624710086,2.629525653140141
2010-02-22 00:00:00-05:00,15.9263277053833,11.279508590698242,-1.1090291229500904,3.4170241857332186,-0.244,False,False,1.0,False,True,0.0,1.0,-0.0007197827902460508,-0.0007197827902460508,2.628805870349895
2010-02-23 00:00:00-05:00,15.746726989746094,11.29853343963623,-1.1079753392061586,3.2282305694330145,-0.907,False,False,1.0,False,False,0.0,1.0,-0.0066793604834206035,-0.0066793604834206035,2.6221265098664746
2010-02-24 00:00:00-05:00,15.676173210144043,11.571221351623535,-1.1061226344960875,2.87698336434884,-2.005,True,False,1.0,False,False,0.0,1.0,-0.012335126487910152,-0.012335126487910152,2.6097913833785644
2010-02-25 00:00:00-05:00,15.602410316467285,11.60504150390625,-1.1035284650387767,2.7959166789503254,-2.059,False,False,1.0,False,False,0.0,1.0,-0.002853566104831911,-0.002853566104831911,2.6069378172737325
2010-02-26 00:00:00-05:00,15.531855583190918,11.566996574401855,-1.1004188386275442,2.803314646378846,-1.87,False,False,1.0,False,False,0.0,1.0,0.00026177861387345175,0.00026177861387345175,2.607199595887606
2010-03-01 00:00:00-05:00,15.814074516296387,12.118707656860352,-1.0963383216557325,2.527870903137634,-2.38,False,False,1.0,False,False,0.0,1.0,-0.00946533026302622,-0.00946533026302622,2.5977342656245797
2010-03-02 00:00:00-05:00,16.012914657592773,12.036267280578613,-1.092253996319266,2.8662536196139605,-1.358,False,False,1.0,False,False,0.0,1.0,0.011604514414375242,0.011604514414375242,2.609338780038955
2010-03-03 00:00:00-05:00,15.987260818481445,12.000335693359375,-1.0883035715438614,2.927252623673157,-1.122,False,False,1.0,False,False,0.0,1.0,0.0020999910191656234,0.0020999910191656234,2.6114387710581206
2010-03-04 00:00:00-05:00,15.948775291442871,11.958054542541504,-1.084565238670129,2.979485012480925,-0.923,False,False,1.0,False,False,0.0,1.0,0.001806220014288358,0.001806220014288358,2.613244991072409
2010-03-05 00:00:00-05:00,16.0161190032959,12.150419235229492,-1.0807734317576219,2.8842687091431003,-1.118,False,False,1.0,False,False,0.0,1.0,-0.0032666530682176564,-0.0032666530682176564,2.609978338004191
2010-03-08 00:00:00-05:00,16.054611206054688,12.19692325592041,-1.0770155011650173,2.9183357929083122,-0.968,False,False,1.0,False,False,0.0,1.0,0.0011670451880965971,0.0011670451880965971,2.6111453831922877
2010-03-09 00:00:00-05:00,15.990461349487305,12.133505821228027,-1.0733912717202143,2.9664621056147293,-0.786,False,False,1.0,False,False,0.0,1.0,0.0016587009278204907,0.0016587009278204907,2.612804084120108
2010-03-10 00:00:00-05:00,15.996882438659668,12.21594524383545,-1.0697829763412066,2.9284721768881745,-0.873,False,False,1.0,False,False,0.0,1.0,-0.0013070547445748334,-0.0013070547445748334,2.611497029375533
2010-03-11 00:00:00-05:00,16.080265045166016,12.2837495803833,-1.066293424218884,2.982183642851826,-0.68,False,False,1.0,False,False,0.0,1.0,0.0018407988286906485,0.0018407988286906485,2.613337828204224
2010-03-12 00:00:00-05:00,16.03215980529785,12.353680610656738,-1.062730072362093,2.9035319159964317,-0.924,False,False,1.0,False,False,0.0,1.0,-0.0026971742903214185,-0.0026971742903214185,2.6106406539139027
2010-03-15 00:00:00-04:00,16.10271453857422,12.296468734741211,-1.0594678683443013,3.0750010200156,-0.232,False,False,1.0,False,False,0.0,1.0,0.005886254183524872,0.005886254183524872,2.6165269080974274
2010-03-16 00:00:00-04:00,16.27589225769043,12.77324104309082,-1.0558133842814643,2.78973340374181,-1.301,False,False,1.0,False,False,0.0,1.0,-0.009584944774260895,-0.009584944774260895,2.6069419633231665
2010-03-17 00:00:00-04:00,16.417003631591797,12.497770309448242,-1.0528546126089167,3.258668513962448,0.599,False,True,0.0,False,False,0.0,0.0,0.015855612481631753,0.015855612481631753,2.6227975758047983
2010-03-18 00:00:00-04:00,16.365692138671875,12.627030372619629,-1.0500757694904446,3.106353503764103,0.012,False,False,0.0,False,False,0.0,0.0,-0.005141429602638031,-0.0,2.6227975758047983
2010-03-19 00:00:00-04:00,16.2149658203125,12.563460350036621,-1.0473332347408404,3.0568362523703545,-0.134,False,False,0.0,False,False,0.0,0.0,-0.0016858029683023685,-0.0,2.6227975758047983
2010-03-22 00:00:00-04:00,16.10592269897461,12.779597282409668,-1.0440208022818003,2.7637572913549526,-1.342,False,False,0.0,False,True,0.0,0.0,-0.00995239351208587,-0.0,2.6227975758047983
2010-03-23 00:00:00-04:00,16.144405364990234,12.692718505859375,-1.0406619901405556,2.9355756643887574,-0.558,False,False,0.0,False,False,0.0,0.0,0.005853473140179113,0.0,2.6227975758047983
2010-03-24 00:00:00-04:00,16.000083923339844,12.453274726867676,-1.0375753009218334,3.0788736511478536,0.091,False,False,0.0,False,False,0.0,0.0,0.004954757065513164,0.0,2.6227975758047983
2010-03-25 00:00:00-04:00,15.907081604003906,12.309179306030273,-1.0348624867313165,3.168773697743756,0.511,False,True,0.0,False,False,0.0,0.0,0.0031383775236740927,0.0,2.6227975758047983
2010-03-26 00:00:00-04:00,15.900671005249023,12.338848114013672,-1.0323930922011628,3.1621294466219627,0.559,False,False,0.0,False,False,0.0,0.0,-0.00023199838707066694,-0.0,2.6227975758047983
2010-03-29 00:00:00-04:00,15.942358016967773,12.34732437133789,-1.0302085081067065,3.222039397262188,0.914,False,False,0.0,False,False,0.0,0.0,0.002090172924170374,0.0,2.6227975758047983
2010-03-30 00:00:00-04:00,15.862188339233398,12.499889373779297,-1.0278155920125451,3.0146071424311085,-0.098,False,False,0.0,False,False,0.0,0.0,-0.007225145244399003,-0.0,2.6227975758047983
2010-03-31 00:00:00-04:00,15.84614086151123,12.300705909729004,-1.02570187159204,3.2292837879989236,0.987,False,True,0.0,False,False,0.0,0.0,0.007542306191986081,0.0,2.6227975758047983
2010-04-01 00:00:00-04:00,16.006498336791992,12.586767196655273,-1.0235657667739544,3.1231143199422817,0.475,False,False,0.0,False,False,0.0,0.0,-0.0036749705920231515,-0.0,2.6227975758047983
2010-04-05 00:00:00-04:00,16.170061111450195,12.92156982421875,-1.0211141242131707,2.9756636569337314,-0.252,False,False,0.0,False,True,0.0,0.0,-0.005021399004422488,-0.0,2.6227975758047983
2010-04-06 00:00:00-04:00,16.327207565307617,13.027518272399902,-1.0185973717364187,3.057411692792906,0.208,False,True,0.0,False,False,0.0,0.0,0.0027620375836665866,0.0,2.6227975758047983
2010-04-07 00:00:00-04:00,16.198923110961914,14.10184097290039,-1.013670651060132,1.9043007908155278,-4.017,True,False,1.0,False,True,0.0,1.0,-0.037814917408751696,-0.0,2.6227975758047983
2010-04-08 00:00:00-04:00,16.09309196472168,14.087013244628906,-1.0070330540753671,1.907003994182885,-3.211,False,False,1.0,False,False,0.0,1.0,8.927597686386359e-05,8.927597686386359e-05,2.6228868517816624
2010-04-09 00:00:00-04:00,16.189306259155273,14.082772254943848,-0.9996310001871336,2.1117305445381405,-2.326,False,False,1.0,False,False,0.0,1.0,0.006764044956221793,0.006764044956221793,2.6296508967378838
2010-04-12 00:00:00-04:00,16.304758071899414,14.048868179321289,-0.9922429461986862,2.3648677188926843,-1.497,False,False,1.0,False,False,0.0,1.0,0.008369651741300723,0.008369651741300723,2.6380205484791848
2010-04-13 00:00:00-04:00,16.343242645263672,14.15905475616455,-0.9849367758604541,2.39746890449533,-1.316,False,False,1.0,False,False,0.0,1.0,0.0010763368868485297,0.0010763368868485297,2.6390968853660333
2010-04-14 00:00:00-04:00,16.4747371673584,14.184481620788574,-0.978116967333103,2.6006550212405397,-0.703,False,False,1.0,False,False,0.0,1.0,0.00669502541915974,0.00669502541915974,2.645791910785193
2010-04-15 00:00:00-04:00,16.33683204650879,14.186601638793945,-0.971553467985681,2.553790025407187,-0.808,False,False,1.0,False,False,0.0,1.0,-0.0015559492622098808,-0.0015559492622098808,2.644235961522983
2010-04-16 00:00:00-04:00,16.2149658203125,14.18024730682373,-0.9651307493531921,2.5291731110641287,-0.845,False,False,1.0,False,False,0.0,1.0,-0.00082328728613092,-0.00082328728613092,2.6434126742368522
2010-04-19 00:00:00-04:00,16.282306671142578,14.438759803771973,-0.9586093984216433,2.4411758216941237,-1.077,False,False,1.0,False,False,0.0,1.0,-0.0029212233600449467,-0.0029212233600449467,2.6404914508768074
2010-04-20 00:00:00-04:00,16.477937698364258,14.394267082214355,-0.9526895934249084,2.7646692441599203,-0.17,False,False,1.0,False,False,0.0,1.0,0.01071482274775811,0.01071482274775811,2.6512062736245654
2010-04-21 00:00:00-04:00,16.567739486694336,14.659138679504395,-0.9470066838746563,2.685437177358171,-0.37,False,False,1.0,False,True,0.0,1.0,-0.002602034747028754,-0.002602034747028754,2.6486042388775366
2010-04-22 00:00:00-04:00,16.619050979614258,14.805346488952637,-0.941477280597902,2.6801536288854333,-0.361,False,False,1.0,False,False,0.0,1.0,-0.00017290259200718075,-0.00017290259200718075,2.6484313362855296
2010-04-23 00:00:00-04:00,16.670366287231445,14.784152030944824,-0.9363630701598898,2.82703230182538,0.052,False,False,1.0,False,False,0.0,1.0,0.004813532007839007,0.004813532007839007,2.6532448682933687
2010-04-26 00:00:00-04:00,16.628677368164062,14.875271797180176,-0.9314279301668186,2.7734337474476796,-0.085,False,False,1.0,False,False,0.0,1.0,-0.0017582565706442835,-0.0017582565706442835,2.6514866117227243
2010-04-27 00:00:00-04:00,16.31758689880371,14.33281135559082,-0.9271693035782966,3.0286441759214675,0.618,False,True,0.0,False,False,0.0,0.0,0.008620072387236275,0.008620072387236275,2.6601066841099605
2010-04-28 00:00:00-04:00,16.356075286865234,14.20355224609375,-0.923767710470185,3.2352923479475564,1.144,False,False,0.0,False,False,0.0,0.0,0.007010522303402647,0.0,2.6601066841099605
2010-04-29 00:00:00-04:00,16.73771095275879,14.756616592407227,-0.9207444896317606,3.1506375396912265,0.892,False,False,0.0,False,False,0.0,0.0,-0.0027916046239632683,-0.0,2.6601066841099605
2010-04-30 00:00:00-04:00,16.840341567993164,14.233217239379883,-0.9191728563854487,3.7575546225177465,2.258,False,False,0.0,True,False,-1.0,-1.0,0.020282541063623843,0.0,2.6601066841099605
2010-05-03 00:00:00-04:00,17.138593673706055,14.394267082214355,-0.9188621065155775,3.912247100794737,2.357,False,False,0.0,False,False,-1.0,-1.0,0.005094443691329934,-0.005094443691329934,2.655012240418631
2010-05-04 00:00:00-04:00,16.98786735534668,14.089129447937012,-0.9196217722450387,4.03119716304508,2.321,False,False,0.0,False,False,-1.0,-1.0,0.003972345943264877,-0.003972345943264877,2.6510398944753657
2010-05-05 00:00:00-04:00,16.86600112915039,13.964110374450684,-0.9210430518034688,4.004454294145853,2.082,False,False,0.0,False,False,-1.0,-1.0,-0.0008995988815314678,0.0008995988815314678,2.651939493356897
2010-05-06 00:00:00-04:00,16.18610191345215,13.574213027954102,-0.9222685867344712,3.6670316481282725,1.359,False,False,0.0,False,False,-1.0,-1.0,-0.011754768231875084,0.011754768231875084,2.6636942615887724
2010-05-07 00:00:00-04:00,16.09309196472168,13.36655330657959,-0.923512380668804,3.7489144992258883,1.428,False,False,0.0,False,False,-1.0,-1.0,0.0028794203078656676,-0.0028794203078656676,2.6608148412809065
2010-05-10 00:00:00-04:00,16.622262954711914,14.148456573486328,-0.9244075601681604,3.543322733470246,0.998,False,False,0.0,False,False,-1.0,-1.0,-0.006922001258255135,0.006922001258255135,2.6677368425391617
2010-05-11 00:00:00-04:00,16.731300354003906,14.375190734863281,-0.9248643417029475,3.436199038150267,0.772,False,False,0.0,False,False,-1.0,-1.0,-0.0035676501133173324,0.0035676501133173324,2.671304492652479
2010-05-12 00:00:00-04:00,16.773311614990234,14.786274909973145,-0.9243940223659062,3.1049674751520815,0.181,False,False,0.0,False,False,-1.0,-1.0,-0.010880865537205499,0.010880865537205499,2.6821853581896846
2010-05-13 00:00:00-04:00,16.569704055786133,14.765042304992676,-0.9229753434835624,2.9419340627861885,-0.098,False,False,0.0,False,False,-1.0,-1.0,-0.005398908932002107,0.005398908932002107,2.6875842671216867
2010-05-14 00:00:00-04:00,16.4404354095459,14.525117874145508,-0.9211452147842653,3.060692585599364,0.12,False,False,0.0,False,False,-1.0,-1.0,0.003982488698870093,-0.003982488698870093,2.6836017784228163
2010-05-17 00:00:00-04:00,16.53092384338379,14.765042304992676,-0.9188462505780105,2.9641200818155635,-0.039,False,False,0.0,False,False,-1.0,-1.0,-0.00320863106515428,0.00320863106515428,2.686810409487971
2010-05-18 00:00:00-04:00,16.38225555419922,14.174779891967773,-0.9170487795811034,3.3832909534394062,0.686,False,True,0.0,False,False,-1.0,-1.0,0.01426662573620497,-0.01426662573620497,2.672543783751766
2010-05-19 00:00:00-04:00,16.356407165527344,14.238479614257812,-0.9154659666450373,3.3215636619051576,0.57,False,False,0.0,False,False,-1.0,-1.0,-0.0021001927488250964,0.0021001927488250964,2.674643976500591
2010-05-20 00:00:00-04:00,15.777898788452148,13.843551635742188,-0.9136792376820009,3.12933308309581,0.229,False,False,0.0,False,False,-1.0,-1.0,-0.006762380838855877,0.006762380838855877,2.681406357339447
2010-05-21 00:00:00-04:00,15.742353439331055,13.958207130432129,-0.9115458323797123,3.0188079020928633,0.031,False,False,0.0,False,False,-1.0,-1.0,-0.003882722309030955,0.003882722309030955,2.685289079648478
2010-05-24 00:00:00-04:00,15.651865005493164,13.975193977355957,-0.909046232754811,2.9477675683600086,-0.089,False,False,0.0,False,False,-1.0,-1.0,-0.0025053049733929234,0.0025053049733929234,2.6877943846218706
2010-05-25 00:00:00-04:00,15.580765724182129,14.011292457580566,-0.9061792738973149,2.884022898608846,-0.269,False,False,0.0,False,True,0.0,0.0,-0.0022542533985623757,0.0022542533985623757,2.690048638020433
2010-05-26 00:00:00-04:00,15.619546890258789,13.726778030395508,-0.9036869841060964,3.21483625047685,0.303,False,True,0.0,False,False,0.0,0.0,0.011804535820918262,0.0,2.690048638020433
2010-05-27 00:00:00-04:00,15.832844734191895,14.533605575561523,-0.9005375021813459,2.744787871486839,-0.725,False,False,0.0,False,True,0.0,0.0,-0.01625289507020226,-0.0,2.690048638020433
2010-05-28 00:00:00-04:00,15.836076736450195,14.387109756469727,-0.8972904159686824,2.9266610384803844,-0.385,False,False,0.0,False,False,0.0,0.0,0.006327015180152896,0.0,2.690048638020433
2010-06-01 00:00:00-04:00,15.613081932067871,14.072860717773438,-0.8941888853486087,3.0292862931758187,-0.206,False,False,0.0,False,False,0.0,0.0,0.0036395964211699957,0.0,2.690048638020433
2010-06-02 00:00:00-04:00,15.894251823425293,14.342517852783203,-0.8913213012633674,3.1104601474894906,-0.055,False,False,0.0,False,False,0.0,0.0,0.0028305227417442336,0.0,2.690048638020433
2010-06-03 00:00:00-04:00,15.916873931884766,14.353130340576172,-0.8887091059538633,3.161116299272047,0.023,False,False,0.0,False,False,0.0,0.0,0.001766707449527545,0.0,2.690048638020433
2010-06-04 00:00:00-04:00,15.541979789733887,13.639721870422363,-0.8868280758860633,3.4458914877661666,0.669,False,True,0.0,False,False,0.0,0.0,0.01030372989708438,0.0,2.690048638020433
2010-06-07 00:00:00-04:00,15.403008460998535,13.266035079956055,-0.8858141141658031,3.6517673481547934,1.134,False,False,0.0,False,False,0.0,0.0,0.007581717912283876,0.0,2.690048638020433
2010-06-08 00:00:00-04:00,15.687409400939941,13.54417610168457,-0.8854491216657417,3.6947305680172082,1.175,False,False,0.0,False,False,0.0,0.0,0.0015521344982511787,0.0,2.690048638020433
2010-06-09 00:00:00-04:00,15.512895584106445,13.641844749450684,-0.8850568964396587,3.4390868084459694,0.468,False,False,0.0,False,False,0.0,0.0,-0.0092669191737189,-0.0,2.690048638020433
2010-06-10 00:00:00-04:00,15.975043296813965,13.87540340423584,-0.8851108994285769,3.6937725097564424,1.091,False,False,0.0,False,False,0.0,0.0,0.009013408491797801,0.0,2.690048638020433
2010-06-11 00:00:00-04:00,16.062305450439453,14.119576454162598,-0.8852313059017444,3.5632143471415763,0.689,False,False,0.0,False,False,0.0,0.0,-0.004571140713277983,-0.0,2.690048638020433
2010-06-14 00:00:00-04:00,16.042911529541016,14.412580490112305,-0.8848873656880444,3.2894011468786353,-0.118,False,False,0.0,False,False,0.0,0.0,-0.009508584125408441,-0.0,2.690048638020433
2010-06-15 00:00:00-04:00,16.356407165527344,14.525117874145508,-0.8846313313559822,3.5070328024194293,0.472,False,True,0.0,False,False,0.0,0.0,0.007451663477226716,0.0,2.690048638020433
2010-06-16 00:00:00-04:00,16.550315856933594,14.442305564880371,-0.8849318851167681,3.7698591679716156,1.166,False,False,0.0,False,False,0.0,0.0,0.00896077200629225,0.0,2.690048638020433
2010-06-17 00:00:00-04:00,16.795940399169922,14.130188941955566,-0.8865442713048577,4.268902340223967,2.293,False,False,0.0,True,False,-1.0,-1.0,0.01701884319033862,0.0,2.690048638020433
2010-06-18 00:00:00-04:00,16.731300354003906,14.266081809997559,-0.8886424995587736,4.053853755457723,1.656,False,False,0.0,False,False,-1.0,-1.0,-0.007312402160935881,0.007312402160935881,2.6973610401813692
2010-06-21 00:00:00-04:00,16.569704055786133,13.994306564331055,-0.8911411793562547,4.098801199775179,1.719,False,False,0.0,False,False,-1.0,-1.0,0.0015477446616033825,-0.0015477446616033825,2.6958132955197653
2010-06-22 00:00:00-04:00,16.265911102294922,13.44225788116455,-0.8941554415212442,4.24644307151981,2.012,False,False,0.0,False,False,-1.0,-1.0,0.005219723980012484,-0.005219723980012484,2.690593571539753
2010-06-23 00:00:00-04:00,16.08169937133789,13.669448852539062,-0.8967549086147569,3.8235540147651292,1.02,False,False,0.0,False,False,-1.0,-1.0,-0.014922066821989183,0.014922066821989183,2.7055156383617422
2010-06-24 00:00:00-04:00,16.395187377929688,13.270276069641113,-0.9001995820849094,4.449290405887384,2.299,False,False,0.0,True,False,-1.0,-1.0,0.022078773818083385,-0.022078773818083385,2.683436864543659
2010-06-25 00:00:00-04:00,16.57940101623535,13.172608375549316,-0.904597468425691,4.663492827150385,2.469,False,False,0.0,False,False,-1.0,-1.0,0.007517111666330266,-0.007517111666330266,2.675919752877329
2010-06-28 00:00:00-04:00,16.731300354003906,13.384930610656738,-0.9094738134874508,4.558056468265008,2.045,False,False,0.0,False,False,-1.0,-1.0,-0.0036477433448130953,0.0036477433448130953,2.6795674962221416
2010-06-29 00:00:00-04:00,16.624643325805664,13.019733428955078,-0.9149221469529861,4.71260086423052,2.106,False,False,0.0,False,False,-1.0,-1.0,0.005415639262280884,-0.005415639262280884,2.6741518569598606
2010-06-30 00:00:00-04:00,16.398418426513672,12.945423126220703,-0.9203481351970247,4.484122392960009,1.578,False,False,0.0,False,False,-1.0,-1.0,-0.008069818653127055,0.008069818653127055,2.682221675612988
2010-07-01 00:00:00-04:00,16.133413314819336,13.002748489379883,-0.9250921500801953,4.104672757826888,0.872,False,False,0.0,False,False,-1.0,-1.0,-0.013473743409694287,0.013473743409694287,2.695695419022682
2010-07-02 00:00:00-04:00,16.33378028869629,13.051584243774414,-0.9295529298081374,4.201641916258058,0.981,False,False,0.0,False,False,-1.0,-1.0,0.0034065002287653307,-0.0034065002287653307,2.692288918793917
2010-07-06 00:00:00-04:00,16.602025985717773,13.009119033813477,-0.9342626164638107,4.448092399298034,1.322,False,False,0.0,False,False,-1.0,-1.0,0.008570414157862721,-0.008570414157862721,2.683718504636054
2010-07-07 00:00:00-04:00,17.051254272460938,13.537809371948242,-0.938999961928775,4.3392517876025245,1.072,False,False,0.0,False,False,-1.0,-1.0,-0.003656878431784627,0.003656878431784627,2.6873753830678386
2010-07-08 00:00:00-04:00,17.122352600097656,13.888140678405762,-0.9431977975589375,4.023088900036653,0.503,False,False,0.0,False,False,-1.0,-1.0,-0.01046148175616312,0.01046148175616312,2.6978368648240014
2010-07-09 00:00:00-04:00,17.157899856567383,13.958207130432129,-0.9468595419102676,3.9414382471577873,0.329,False,False,0.0,False,False,-1.0,-1.0,-0.002688143846919192,0.002688143846919192,2.7005250086709207
2010-07-12 00:00:00-04:00,17.20638084411621,13.996431350708008,-0.9500815242015639,3.908630013052994,0.233,False,False,0.0,False,False,-1.0,-1.0,-0.0010755341097445127,0.0010755341097445127,2.7016005427806657
2010-07-13 00:00:00-04:00,17.338891983032227,14.304295539855957,-0.9526373405799776,3.712085921073813,-0.158,False,False,0.0,False,False,-1.0,-1.0,-0.006347155219740838,0.006347155219740838,2.7079476980004067
2010-07-14 00:00:00-04:00,17.371204376220703,14.423202514648438,-0.954521675825254,3.6039449411714575,-0.412,False,False,0.0,False,True,0.0,0.0,-0.003472906709778531,0.003472906709778531,2.711420604710185
2010-07-15 00:00:00-04:00,17.419681549072266,14.61216926574707,-0.9556562399261591,3.455470811403835,-0.717,False,False,0.0,False,False,0.0,0.0,-0.004730902349876822,-0.0,2.711420604710185
2010-07-16 00:00:00-04:00,17.083572387695312,14.172656059265137,-0.9564069681438646,3.5287453755077713,-0.663,False,False,0.0,False,False,0.0,0.0,0.002391592431039876,0.0,2.711420604710185
2010-07-19 00:00:00-04:00,17.38090705871582,14.446554183959961,-0.9569535388488357,3.5562259082038814,-0.68,False,False,0.0,False,False,0.0,0.0,0.0008806285756210752,0.0,2.711420604710185
2010-07-20 00:00:00-04:00,17.55866050720215,14.620664596557617,-0.9573711926778448,3.561257404653043,-0.736,False,False,0.0,False,False,0.0,0.0,0.00015944626400127943,0.0,2.711420604710185
2010-07-21 00:00:00-04:00,17.258092880249023,14.28306770324707,-0.957731652646119,3.578746843961799,-0.759,False,False,0.0,False,False,0.0,0.0,0.0005653163261490173,0.0,2.711420604710185
2010-07-22 00:00:00-04:00,17.613595962524414,14.533605575561523,-0.9582617284682278,3.6865979628113568,-0.564,False,False,0.0,False,False,0.0,0.0,0.0034194384220755172,0.0,2.711420604710185
2010-07-23 00:00:00-04:00,17.784887313842773,14.801135063171387,-0.9587321196220755,3.594563721915847,-0.813,False,False,0.0,False,False,0.0,0.0,-0.0028782997293351014,-0.0,2.711420604710185
2010-07-26 00:00:00-04:00,17.855987548828125,14.894559860229492,-0.9591149299142575,3.570392812380403,-0.863,False,False,0.0,False,False,0.0,0.0,-0.0007520136787577151,-0.0,2.711420604710185
2010-07-27 00:00:00-04:00,17.994953155517578,14.656754493713379,-0.9601128213498312,3.922815246726609,0.001,False,False,0.0,False,False,0.0,0.0,0.01099015915224255,0.0,2.711420604710185
2010-07-28 00:00:00-04:00,17.891538619995117,14.463539123535156,-0.9616326573686769,3.982927057674182,0.115,False,False,0.0,False,False,0.0,0.0,0.0018902995930189374,0.0,2.711420604710185
2010-07-29 00:00:00-04:00,17.720245361328125,14.733198165893555,-0.9626596771083599,3.5371895721755564,-1.01,False,False,0.0,False,True,0.0,0.0,-0.013971516094719545,-0.0,2.711420604710185
2010-07-30 00:00:00-04:00,17.542495727539062,14.758674621582031,-0.9629596351643432,3.3304877984311787,-1.486,False,False,0.0,False,False,0.0,0.0,-0.006509368749056491,-0.0,2.711420604710185
2010-08-02 00:00:00-04:00,17.894763946533203,14.968877792358398,-0.9630526171577295,3.4789470126882307,-1.153,False,False,0.0,False,False,0.0,0.0,0.004594755346760401,0.0,2.711420604710185
2010-08-03 00:00:00-04:00,17.81073760986328,14.703468322753906,-0.9633243508568406,3.6465285325022556,-0.745,False,False,0.0,False,False,0.0,0.0,0.005241025777252746,0.0,2.711420604710185
2010-08-04 00:00:00-04:00,17.84305191040039,14.832987785339355,-0.9635348084279274,3.5509518662396484,-0.962,False,False,0.0,False,False,0.0,0.0,-0.0029742092521532772,-0.0,2.711420604710185
2010-08-05 00:00:00-04:00,17.923852920532227,14.91792106628418,-0.9636976223416737,3.5474878586733976,-0.916,False,False,0.0,False,False,0.0,0.0,-0.00010724409253644437,-0.0,2.711420604710185
2010-08-06 00:00:00-04:00,18.04666519165039,14.947638511657715,-0.963998448394053,3.6371648592571617,-0.654,False,False,0.0,False,False,0.0,0.0,0.002763018956054164,0.0,2.711420604710185
2010-08-09 00:00:00-04:00,18.08221435546875,15.291604995727539,-0.9638344276026639,3.3436390072856614,-1.308,False,False,0.0,False,False,0.0,0.0,-0.008943290354127,-0.0,2.711420604710185
2010-08-10 00:00:00-04:00,18.13715171813965,15.102635383605957,-0.9638100247592408,3.5810803351366047,-0.679,False,False,0.0,False,False,0.0,0.0,0.007262707843652291,0.0,2.711420604710185
2010-08-11 00:00:00-04:00,17.96463966369629,14.47840404510498,-0.964661237029442,3.997884507333243,0.341,False,True,0.0,False,False,0.0,0.0,0.013053115109609976,0.0,2.711420604710185
2010-08-12 00:00:00-04:00,17.919063568115234,14.661382675170898,-0.965650355848997,3.761294170598136,-0.201,False,False,0.0,False,True,0.0,0.0,-0.007375738651898518,-0.0,2.711420604710185
2010-08-13 00:00:00-04:00,17.974401473999023,14.584783554077148,-0.9669358964039956,3.8718507142791836,0.153,False,False,0.0,False,False,0.0,0.0,0.0034466037445051298,0.0,2.711420604710185
2010-08-16 00:00:00-04:00,18.019973754882812,14.729461669921875,-0.9682119280397994,3.7587332724594305,-0.101,False,False,0.0,False,False,0.0,0.0,-0.0035041259906830745,-0.0,2.711420604710185
2010-08-17 00:00:00-04:00,18.251081466674805,14.746482849121094,-0.9698364719394176,3.949404566768072,0.599,False,True,0.0,False,False,0.0,0.0,0.005857300698191631,0.0,2.711420604710185
2010-08-18 00:00:00-04:00,18.28689193725586,14.963493347167969,-0.9713324924865497,3.752364648045292,0.012,False,False,0.0,False,False,0.0,0.0,-0.006003394227507732,-0.0,2.711420604710185
2010-08-19 00:00:00-04:00,18.08507537841797,14.906049728393555,-0.9724354489953897,3.589904218039976,-0.545,False,False,0.0,False,True,0.0,0.0,-0.00498647024699034,-0.0,2.711420604710185
2010-08-20 00:00:00-04:00,18.107860565185547,15.063491821289062,-0.9730161355967046,3.450839964642297,-1.022,False,False,0.0,False,False,0.0,0.0,-0.004244308187607184,-0.0,2.711420604710185
2010-08-23 00:00:00-04:00,18.130647659301758,15.110302925109863,-0.9731977746470708,3.425334478341714,-1.143,False,False,0.0,False,False,0.0,0.0,-0.0007767546813891085,-0.0,2.711420604710185
2010-08-24 00:00:00-04:00,18.179468154907227,14.640101432800293,-0.9740329015366995,3.9195276775251653,1.271,False,True,0.0,False,False,0.0,0.0,0.015234346741190128,0.0,2.711420604710185
2010-08-25 00:00:00-04:00,18.185977935791016,14.467763900756836,-0.9755780612527133,4.07154487882867,2.007,False,False,0.0,True,False,-1.0,-1.0,0.004706355016275478,0.0,2.711420604710185
2010-08-26 00:00:00-04:00,18.032997131347656,14.269896507263184,-0.9776078603668442,4.082634139225792,1.972,False,False,0.0,False,False,-1.0,-1.0,0.0003467196803060512,-0.0003467196803060512,2.711073885029879
2010-08-27 00:00:00-04:00,18.39755630493164,14.60393238067627,-0.9799803582127008,4.08598941920245,1.888,False,False,0.0,False,False,-1.0,-1.0,0.00010257933106613693,-0.00010257933106613693,2.7109713056988127
2010-08-30 00:00:00-04:00,18.11436653137207,14.52734088897705,-0.9821386579515161,3.846503447067965,0.749,False,False,0.0,False,False,-1.0,-1.0,-0.007395598603826538,0.007395598603826538,2.7183669043026395
2010-08-31 00:00:00-04:00,18.143659591674805,14.463509559631348,-0.9842641692141094,3.9077453710439265,0.978,False,False,0.0,False,False,-1.0,-1.0,0.0018913752333789748,-0.0018913752333789748,2.7164755290692604
2010-09-01 00:00:00-04:00,18.54729461669922,14.94222354888916,-0.9862068800566776,3.8111709494398234,0.498,False,False,0.0,False,False,-1.0,-1.0,-0.0029015776198278425,0.0029015776198278425,2.7193771066890884
2010-09-02 00:00:00-04:00,18.557058334350586,15.193282127380371,-0.987548434917101,3.5529563482021373,-0.701,False,False,0.0,False,True,0.0,0.0,-0.0076938520233452564,0.0076938520233452564,2.7270709587124333
2010-09-03 00:00:00-04:00,18.677494049072266,15.45071792602539,-0.9882122533653963,3.4089052712815917,-1.321,False,False,0.0,False,False,0.0,0.0,-0.004243525759813208,-0.0,2.7270709587124333
2010-09-07 00:00:00-04:00,18.56682777404785,15.599655151367188,-0.9879352517313643,3.1553785351594357,-2.234,True,False,1.0,False,False,0.0,1.0,-0.007461435905818088,-0.0,2.7270709587124333
2010-09-08 00:00:00-04:00,18.436616897583008,15.846456527709961,-0.9863551061640495,2.8063835868696536,-3.047,False,False,1.0,False,False,0.0,1.0,-0.010244414912324085,-0.010244414912324085,2.7168265438001096
2010-09-09 00:00:00-04:00,18.57659149169922,15.629446029663086,-0.9846364116037304,3.1872698376975865,-1.578,False,False,1.0,False,False,0.0,1.0,0.011213779214298633,0.011213779214298633,2.728040323014408
2010-09-10 00:00:00-04:00,18.59937286376953,15.66773796081543,-0.9828517362287587,3.2003094062048554,-1.446,False,False,1.0,False,False,0.0,1.0,0.00038353435975778795,0.00038353435975778795,2.7284238573741657
2010-09-13 00:00:00-04:00,18.775142669677734,15.808159828186035,-0.9811449674193845,3.2650462100917235,-1.177,False,False,1.0,False,False,0.0,1.0,0.001888182947850954,0.001888182947850954,2.730312040322017
2010-09-14 00:00:00-04:00,18.807695388793945,16.059221267700195,-0.9791396170537987,3.0834756265557566,-1.635,True,False,1.0,False,False,0.0,1.0,-0.005258051363263004,-0.005258051363263004,2.725053988958754
2010-09-15 00:00:00-04:00,18.661218643188477,16.233678817749023,-0.9764120121990705,2.810459643356726,-2.237,False,False,1.0,False,False,0.0,1.0,-0.00791076031698363,-0.00791076031698363,2.7171432286417705
2010-09-16 00:00:00-04:00,18.54729461669922,16.05071258544922,-0.9734358853399081,2.922955000746054,-1.761,False,False,1.0,False,False,0.0,1.0,0.0032920684045550873,0.0032920684045550873,2.7204352970463255
2010-09-17 00:00:00-04:00,18.43987464904785,16.03794288635254,-0.9702186763081591,2.879562931145035,-1.764,False,False,1.0,False,False,0.0,1.0,-0.001276230345701799,-0.001276230345701799,2.719159066700623
2010-09-20 00:00:00-04:00,18.918371200561523,16.454952239990234,-0.9670661412076672,3.005344034077707,-1.351,False,False,1.0,False,False,0.0,1.0,0.0036111413503190277,0.0036111413503190277,2.7227702080509424
2010-09-21 00:00:00-04:00,18.79141616821289,16.433677673339844,-0.9638633174335114,2.9515970883545197,-1.395,False,False,1.0,False,False,0.0,1.0,-0.0015519788808624874,-0.0015519788808624874,2.7212182291700797
2010-09-22 00:00:00-04:00,18.83048439025879,16.165599822998047,-0.9612893951648105,3.29066471393263,-0.519,False,False,1.0,False,False,0.0,1.0,0.009865133137060434,0.009865133137060434,2.7310833623071407
2010-09-23 00:00:00-04:00,18.563562393188477,16.157087326049805,-0.9587164039841397,3.0734977331002877,-1.013,False,False,1.0,False,False,0.0,1.0,-0.006377205590834303,-0.006377205590834303,2.724706156716306
2010-09-24 00:00:00-04:00,18.905349731445312,16.420909881591797,-0.9563761777983781,3.200782702916932,-0.664,False,False,1.0,False,False,0.0,1.0,0.00367770228109445,0.00367770228109445,2.7283838589974008
2010-09-27 00:00:00-04:00,18.898839950561523,16.318790435791016,-0.9544268737960387,3.3237478107968084,-0.36,False,False,1.0,False,False,0.0,1.0,0.0035669011459931984,0.0035669011459931984,2.731950760143394
2010-09-28 00:00:00-04:00,19.02904510498047,16.85069465637207,-0.9520819168440017,2.985803436388771,-1.126,False,False,1.0,False,False,0.0,1.0,-0.009635652690393907,-0.009635652690393907,2.722315107453
2010-09-29 00:00:00-04:00,18.85651969909668,16.688993453979492,-0.9495348126189033,3.009739426974159,-1.01,False,False,1.0,False,False,0.0,1.0,0.000689732406002853,0.000689732406002853,2.7230048398590028
2010-09-30 00:00:00-04:00,18.814207077026367,16.87622833251953,-0.946533117811012,2.8402980565561187,-1.333,False,False,1.0,False,False,0.0,1.0,-0.004870668188618393,-0.004870668188618393,2.7181341716703846
2010-10-01 00:00:00-04:00,18.96393394470215,16.680477142333984,-0.9439617311862544,3.2182018644118155,-0.388,False,False,1.0,False,False,0.0,1.0,0.01088756681160774,0.01088756681160774,2.7290217384819924
2010-10-04 00:00:00-04:00,18.84349822998047,16.433677673339844,-0.9419506995719027,3.363784049038845,-0.004,False,False,1.0,False,False,0.0,1.0,0.004241508134031859,0.004241508134031859,2.733263246616024
2010-10-05 00:00:00-04:00,19.064847946166992,16.56559181213379,-0.9405218398977423,3.4845470560239455,0.339,False,True,0.0,False,False,0.0,0.0,0.003485711882944325,0.003485711882944325,2.7367489584989686
2010-10-06 00:00:00-04:00,18.937896728515625,16.616653442382812,-0.9391850982773472,3.3317834321907043,-0.02,False,False,0.0,False,False,0.0,0.0,-0.004422289818796057,-0.0,2.7367489584989686
2010-10-07 00:00:00-04:00,18.928131103515625,16.603893280029297,-0.9379514537539365,3.3544852635369296,0.057,False,False,0.0,False,False,0.0,0.0,0.000657990206806028,0.0,2.7367489584989686
2010-10-08 00:00:00-04:00,18.950918197631836,16.41666030883789,-0.937178461982461,3.5655777385066276,0.598,False,True,0.0,False,False,0.0,0.0,0.006147800698960459,0.0,2.7367489584989686
2010-10-11 00:00:00-04:00,18.944406509399414,16.540054321289062,-0.9364962870031646,3.4547070506815594,0.307,False,False,0.0,False,False,0.0,0.0,-0.00321979283933563,-0.0,2.7367489584989686
2010-10-12 00:00:00-04:00,18.86954116821289,17.00813865661621,-0.9349651785370875,2.9675237725461763,-0.91,False,False,0.0,False,True,0.0,0.0,-0.014010970409634293,-0.0,2.7367489584989686
2010-10-13 00:00:00-04:00,18.918371200561523,16.923032760620117,-0.9331807730291136,3.126122407009028,-0.441,False,False,0.0,False,False,0.0,0.0,0.004569167433187469,0.0,2.7367489584989686
2010-10-14 00:00:00-04:00,18.89558219909668,16.897504806518555,-0.9312964765832925,3.1589955097367,-0.295,False,False,0.0,False,False,0.0,0.0,0.0009492071615136151,0.0,2.7367489584989686
2010-10-15 00:00:00-04:00,19.064847946166992,16.86771583557129,-0.9297630842713729,3.3818684462731525,0.518,False,True,0.0,False,False,0.0,0.0,0.006414010685485847,0.0,2.7367489584989686
2010-10-18 00:00:00-04:00,19.116928100585938,16.450702667236328,-0.9292868660760619,3.8295061742007768,2.086,False,False,0.0,True,False,-1.0,-1.0,0.013011079342487247,0.0,2.7367489584989686
2010-10-19 00:00:00-04:00,19.09739875793457,16.250707626342773,-0.9297731881388638,3.987926518677302,2.577,False,False,0.0,False,False,-1.0,-1.0,0.004631243368898908,-0.004631243368898908,2.7321177151300695
2010-10-20 00:00:00-04:00,19.387100219726562,16.165599822998047,-0.9314925655711561,4.328964166605484,3.233,False,False,0.0,False,False,-1.0,-1.0,0.009900865397663541,-0.009900865397663541,2.7222168497324057
2010-10-21 00:00:00-04:00,19.387100219726562,15.948580741882324,-0.9342804245005423,4.486653434019571,3.08,False,False,0.0,False,False,-1.0,-1.0,0.004599024461828599,-0.004599024461828599,2.7176178252705774
2010-10-22 00:00:00-04:00,19.36430549621582,16.306028366088867,-0.9370458351689861,4.0848095276249,1.893,False,False,0.0,False,False,-1.0,-1.0,-0.011599301733757136,0.011599301733757136,2.7292171270043344
2010-10-25 00:00:00-04:00,19.387100219726562,16.791118621826172,-0.9389677148500075,3.6207819376150336,0.739,False,False,0.0,False,False,-1.0,-1.0,-0.013200070143551006,0.013200070143551006,2.7424171971478857
2010-10-26 00:00:00-04:00,19.40011215209961,16.969846725463867,-0.94002044162399,3.4481093389376447,0.288,False,False,0.0,False,False,-1.0,-1.0,-0.004884364028773499,0.004884364028773499,2.747301561176659
2010-10-27 00:00:00-04:00,19.286190032958984,16.612396240234375,-0.940882664896109,3.655874388137164,0.756,False,False,0.0,False,False,-1.0,-1.0,0.005950339106577067,-0.005950339106577067,2.741351222070082
2010-10-28 00:00:00-04:00,19.429414749145508,16.578353881835938,-0.9419113785240496,3.814074590645891,1.078,False,False,0.0,False,False,-1.0,-1.0,0.00451423338315929,-0.00451423338315929,2.736836988686923
2010-10-29 00:00:00-04:00,19.380582809448242,16.84218406677246,-0.9424878539173334,3.5070288930751587,0.329,False,False,0.0,False,False,-1.0,-1.0,-0.008709494149826724,0.008709494149826724,2.7455464828367493
2010-11-01 00:00:00-04:00,19.409887313842773,16.625165939331055,-0.9431773323852974,3.7294076527216014,0.811,False,False,0.0,False,False,-1.0,-1.0,0.006337316443715281,-0.006337316443715281,2.7392091663930342
2010-11-02 00:00:00-04:00,19.491260528564453,16.906002044677734,-0.9435925125108816,3.538883582712888,0.316,False,False,0.0,False,False,-1.0,-1.0,-0.005375409624540872,0.005375409624540872,2.7445845760175747
2010-11-03 00:00:00-04:00,19.36756706237793,16.880483627319336,-0.9436451264924115,3.438380954623094,0.034,False,False,0.0,False,False,-1.0,-1.0,-0.002847361841055592,0.002847361841055592,2.7474319378586305
2010-11-04 00:00:00-04:00,19.530319213867188,17.476215362548828,-0.9427520146302348,3.0545819727124197,-0.953,False,False,0.0,False,True,0.0,0.0,-0.010659289566745755,0.010659289566745755,2.758091227425376
2010-11-05 00:00:00-04:00,19.689817428588867,17.740032196044922,-0.9411281153146771,2.9941743623034185,-1.104,False,False,0.0,False,False,0.0,0.0,-0.0016602128868895571,-0.0,2.758091227425376
2010-11-08 00:00:00-05:00,19.49451446533203,17.80385971069336,-0.9386391201699963,2.7831152508567705,-1.598,True,False,1.0,False,False,0.0,1.0,-0.0058294098945598375,-0.0,2.758091227425376
2010-11-09 00:00:00-05:00,19.320837020874023,17.599618911743164,-0.9357364996195551,2.8522312257613507,-1.356,False,False,1.0,False,False,0.0,1.0,0.0019311833173805929,0.0019311833173805929,2.7600224107427564
2010-11-10 00:00:00-05:00,19.373268127441406,17.736005783081055,-0.9325341668352441,2.8338367515308427,-1.357,False,False,1.0,False,False,0.0,1.0,-0.000512199708874325,-0.000512199708874325,2.7595102110338825
2010-11-11 00:00:00-05:00,19.461742401123047,17.791418075561523,-0.929318598640498,2.927846687314986,-1.097,False,False,1.0,False,False,0.0,1.0,0.002611703548190403,0.002611703548190403,2.762121914582073
2010-11-12 00:00:00-05:00,19.36670684814453,17.339603424072266,-0.9267989515507811,3.2963805744080226,-0.233,False,False,1.0,False,False,0.0,1.0,0.010399682327397795,0.010399682327397795,2.7725215969094705
2010-11-15 00:00:00-05:00,19.455188751220703,17.275665283203125,-0.9250457610298753,3.4744078120226707,0.153,False,False,1.0,False,False,0.0,1.0,0.0050239132488812226,0.0050239132488812226,2.777545510158352
2010-11-16 00:00:00-05:00,19.21925926208496,17.245826721191406,-0.9234459249409306,3.293670854163347,-0.3,False,False,1.0,False,True,0.0,1.0,-0.005142630281296366,-0.005142630281296366,2.7724028798770552
2010-11-17 00:00:00-05:00,19.271677017211914,17.356651306152344,-0.9218988484668613,3.2706001648292222,-0.397,False,False,1.0,False,False,0.0,1.0,-0.0006540654415421674,-0.0006540654415421674,2.7717488144355134
2010-11-18 00:00:00-05:00,19.42897605895996,17.43337631225586,-0.920584616198614,3.3800780174958938,-0.139,False,False,1.0,False,False,0.0,1.0,0.0030858064481761906,0.0030858064481761906,2.7748346208836896
2010-11-19 00:00:00-05:00,19.612485885620117,17.684860229492188,-0.9193671594525952,3.3536061711157146,-0.204,False,False,1.0,False,True,0.0,1.0,-0.0007379659496455662,-0.0007379659496455662,2.774096654934044
2010-11-22 00:00:00-05:00,19.750118255615234,17.88519287109375,-0.9181643082860798,3.3285725145643177,-0.254,False,False,1.0,False,False,0.0,1.0,-0.0006920792074620668,-0.0006920792074620668,2.7734045757265817
2010-11-23 00:00:00-05:00,19.5600528717041,17.834041595458984,-0.9167569094339828,3.2105720159340265,-0.536,False,False,1.0,False,False,0.0,1.0,-0.003286049312860046,-0.003286049312860046,2.7701185264137216
2010-11-24 00:00:00-05:00,19.76322364807129,18.0684757232666,-0.9152455722472873,3.2261312450939315,-0.487,False,False,1.0,False,False,0.0,1.0,0.000428625170591468,0.000428625170591468,2.7705471515843128
2010-11-26 00:00:00-05:00,19.727176666259766,18.02585220336914,-0.9137275648809483,3.256458627571405,-0.39,False,False,1.0,False,False,0.0,1.0,0.0008378217220828541,0.0008378217220828541,2.7713849733063958
2010-11-29 00:00:00-05:00,19.66163444519043,17.902246475219727,-0.9123421150585646,3.328661031688732,-0.202,False,False,1.0,False,False,0.0,1.0,0.0020059227871235524,0.0020059227871235524,2.7733908960935194
2010-11-30 00:00:00-05:00,19.733732223510742,18.102588653564453,-0.9108831003331551,3.2443901466961584,-0.437,False,False,1.0,False,False,0.0,1.0,-0.0023264420985884314,-0.0023264420985884314,2.771064453994931
2010-12-01 00:00:00-05:00,19.750118255615234,18.665225982666016,-0.9085339447290024,2.7921268643254074,-1.502,True,False,1.0,False,False,0.0,1.0,-0.012320527717745946,-0.012320527717745946,2.7587439262771847
2010-12-02 00:00:00-05:00,19.687850952148438,19.368518829345703,-0.9044416788336515,2.170155265613822,-2.624,False,False,1.0,False,False,0.0,1.0,-0.016717174048046755,-0.016717174048046755,2.742026752229138
2010-12-03 00:00:00-05:00,19.759946823120117,19.59869384765625,-0.8991821467985057,2.137151214737905,-2.375,False,False,1.0,False,False,0.0,1.0,-0.0008828686374840287,-0.0008828686374840287,2.741143883591654
2010-12-06 00:00:00-05:00,19.63214683532715,19.615747451782227,-0.8931610227128002,2.1121257800173296,-2.177,False,False,1.0,False,False,0.0,1.0,-0.0006735928518153112,-0.0006735928518153112,2.7404702907398386
2010-12-07 00:00:00-05:00,19.461742401123047,19.764938354492188,-0.8863574065579425,1.9429429004577443,-2.242,False,False,1.0,False,False,0.0,1.0,-0.004574916181836799,-0.004574916181836799,2.735895374558002
2010-12-08 00:00:00-05:00,19.225805282592773,19.683944702148438,-0.8790590733689415,1.9224550924766817,-2.121,False,False,1.0,False,False,0.0,1.0,-0.0005608618024681462,-0.0005608618024681462,2.735334512755534
2010-12-09 00:00:00-05:00,19.235633850097656,19.952476501464844,-0.8713181556343952,1.8506788245026975,-2.134,False,False,1.0,False,False,0.0,1.0,-0.0019599976455219317,-0.0019599976455219317,2.733374515110012
2010-12-10 00:00:00-05:00,19.29462242126465,20.319053649902344,-0.8631221967849207,1.7567961983702745,-2.121,False,False,1.0,False,False,0.0,1.0,-0.0025489107998067128,-0.0025489107998067128,2.7308256043102053
2010-12-13 00:00:00-05:00,19.379819869995117,20.280691146850586,-0.8552005419377391,2.035761810336588,-1.538,False,False,1.0,False,False,0.0,1.0,0.007596300491486372,0.007596300491486372,2.7384219048016916
2010-12-14 00:00:00-05:00,19.412586212158203,20.353153228759766,-0.8476941948729934,2.1593363727780286,-1.253,False,False,1.0,False,False,0.0,1.0,0.003370291687000979,0.003370291687000979,2.741792196488692
2010-12-15 00:00:00-05:00,19.137327194213867,20.25937271118164,-0.8403815573746922,2.1117240037566987,-1.253,False,False,1.0,False,False,0.0,1.0,-0.0013166070480148961,-0.0013166070480148961,2.7404755894406776
2010-12-16 00:00:00-05:00,19.265127182006836,20.69413948059082,-0.8330130291242367,2.026639368160417,-1.317,False,False,1.0,False,False,0.0,1.0,-0.002330855056573082,-0.002330855056573082,2.7381447343841048
2010-12-17 00:00:00-05:00,19.376541137695312,20.660049438476562,-0.8261559468326495,2.3081184322413613,-0.807,False,False,1.0,False,False,0.0,1.0,0.007723400832344497,0.007723400832344497,2.7458681352164493
2010-12-20 00:00:00-05:00,19.455188751220703,20.630212783813477,-0.8200485333210301,2.537413015753696,-0.385,False,False,1.0,False,False,0.0,1.0,0.006303983927300049,0.006303983927300049,2.752172119143749
2010-12-21 00:00:00-05:00,19.514175415039062,20.527908325195312,-0.8148663831824682,2.7866730037858787,0.08,False,False,1.0,False,False,0.0,1.0,0.006877716567839252,0.006877716567839252,2.7590498357115885
2010-12-22 00:00:00-05:00,19.415864944458008,20.540700912475586,-0.8102234934463584,2.773306493315239,0.093,False,False,1.0,False,False,0.0,1.0,-0.000370690374451321,-0.000370690374451321,2.758679145337137
2010-12-23 00:00:00-05:00,19.363439559936523,20.630212783813477,-0.8058451555868327,2.7386825293748878,0.048,False,False,1.0,False,False,0.0,1.0,-0.0009620922196888586,-0.0009620922196888586,2.757717053117448
2010-12-27 00:00:00-05:00,19.369983673095703,20.647258758544922,-0.8017714081696737,2.8156019434135118,0.197,False,False,1.0,False,False,0.0,1.0,0.002141148860285118,0.002141148860285118,2.7598582019777336
2010-12-28 00:00:00-05:00,19.471572875976562,20.57479476928711,-0.7983050292084328,3.0466107367233057,0.599,False,True,0.0,False,False,0.0,0.0,0.006435406459475376,0.006435406459475376,2.7662936084372087
2010-12-29 00:00:00-05:00,19.406034469604492,20.621681213378906,-0.7951370106256163,3.0089725155239577,0.521,False,False,0.0,False,False,0.0,0.0,-0.0010512560353424902,-0.0,2.7662936084372087
2010-12-30 00:00:00-05:00,19.34377098083496,20.856115341186523,-0.7918224391401515,2.829430860388314,0.198,False,False,0.0,False,False,0.0,0.0,-0.005007002589414892,-0.0,2.7662936084372087
2010-12-31 00:00:00-05:00,19.288061141967773,20.66857147216797,-0.7887131106608078,2.986487843238944,0.477,False,True,0.0,False,False,0.0,0.0,0.004412997922536571,0.0,2.7662936084372087
2011-01-03 00:00:00-05:00,19.268407821655273,20.971202850341797,-0.7853829524516712,2.7979826105909282,0.167,False,False,0.0,False,False,0.0,0.0,-0.005274521204299965,-0.0,2.7662936084372087
2011-01-04 00:00:00-05:00,19.02591323852539,20.178390502929688,-0.7827224253490674,3.231834484431676,0.988,False,True,0.0,False,False,0.0,0.0,0.012459849902685583,0.0,2.7662936084372087
2011-01-05 00:00:00-05:00,18.92104721069336,20.37445640563965,-0.7800881067698171,3.0271760867537534,0.631,False,False,0.0,False,False,0.0,0.0,-0.005878468411466415,-0.0,2.7662936084372087
2011-01-06 00:00:00-05:00,18.986589431762695,20.02920150756836,-0.7781374401852625,3.4011178417086505,1.315,False,False,0.0,False,False,0.0,0.0,0.010816299170562056,0.0,2.7662936084372087
2011-01-07 00:00:00-05:00,19.13077735900879,20.07182502746582,-0.7768316992831047,3.5383474152093655,1.543,False,False,0.0,True,False,-1.0,-1.0,0.003952099594486959,0.0,2.7662936084372087
2011-01-10 00:00:00-05:00,19.18320655822754,20.378725051879883,-0.775623026255523,3.3769981622592233,1.243,False,False,0.0,False,False,-1.0,-1.0,-0.004611373272784417,0.004611373272784417,2.770904981709993
2011-01-11 00:00:00-05:00,19.235633850097656,20.007888793945312,-0.7750935058347215,3.7276491804473473,1.806,False,False,0.0,True,False,-1.0,-1.0,0.010092530171801678,-0.010092530171801678,2.7608124515381913
2011-01-12 00:00:00-05:00,19.415864944458008,20.024930953979492,-0.7752555949180222,3.8914251845383188,1.958,False,False,0.0,False,False,-1.0,-1.0,0.004687308982467227,-0.004687308982467227,2.756125142555724
2011-01-13 00:00:00-05:00,19.36670684814453,19.75640869140625,-0.7760791616857523,4.034169752996858,2.037,False,False,0.0,False,False,-1.0,-1.0,0.004113765956740209,-0.004113765956740209,2.7520113765989835
2011-01-14 00:00:00-05:00,19.43224334716797,19.88428497314453,-0.7772012981440272,3.978151253374266,1.829,False,False,0.0,False,False,-1.0,-1.0,-0.001605743306498686,0.001605743306498686,2.753617119905482
2011-01-18 00:00:00-05:00,19.468292236328125,19.909852981567383,-0.7784865204191813,3.9687400666502715,1.721,False,False,0.0,False,False,-1.0,-1.0,-0.0002691383150394626,0.0002691383150394626,2.753886258220522
2011-01-19 00:00:00-05:00,19.455188751220703,20.020681381225586,-0.7796559423771461,3.8459455419086854,1.472,False,False,0.0,False,False,-1.0,-1.0,-0.003501968173327296,0.003501968173327296,2.757388226393849
2011-01-20 00:00:00-05:00,19.451915740966797,20.059038162231445,-0.7806623011790443,3.7925808498009275,1.317,False,False,0.0,False,False,-1.0,-1.0,-0.0015198744318984851,0.0015198744318984851,2.7589081008257477
2011-01-21 00:00:00-05:00,19.55022430419922,19.75640869140625,-0.7821041912145178,4.098654263303464,1.616,False,False,0.0,True,False,-1.0,-1.0,0.00874450636686941,-0.00874450636686941,2.7501635944588783
2011-01-24 00:00:00-05:00,19.77633285522461,20.297739028930664,-0.7834222689164144,3.8746320913064896,1.236,False,False,0.0,False,False,-1.0,-1.0,-0.006278994363545235,0.006278994363545235,2.7564425888224235
2011-01-25 00:00:00-05:00,19.76650047302246,20.6131534576416,-0.7841855135103212,3.6019641437747296,0.82,False,False,0.0,False,False,-1.0,-1.0,-0.007588646802269069,0.007588646802269069,2.7640312356246923
2011-01-26 00:00:00-05:00,19.694398880004883,20.69413948059082,-0.7843655577250154,3.4626286246720035,0.587,False,False,0.0,False,False,-1.0,-1.0,-0.0038783851007836148,0.0038783851007836148,2.767909620725476
2011-01-27 00:00:00-05:00,19.89101791381836,22.59519386291504,-0.7819507156458587,2.222689902555029,-1.166,False,False,0.0,False,True,0.0,0.0,-0.033012787938060395,0.033012787938060395,2.8009224086635367
2011-01-28 00:00:00-05:00,19.671463012695312,21.606306076049805,-0.779106764029168,2.8378438031604,-0.354,False,False,0.0,False,False,0.0,0.0,0.01685118518184751,0.0,2.8009224086635367
2011-01-31 00:00:00-05:00,19.75666618347168,21.870567321777344,-0.7759146262005909,2.7869731151999524,-0.502,False,False,0.0,False,False,0.0,0.0,-0.0013851274397157305,-0.0,2.8009224086635367
2011-02-01 00:00:00-05:00,19.99588394165039,22.028284072875977,-0.7728513617607532,2.971294598675481,-0.269,False,False,0.0,False,False,0.0,0.0,0.004978906727053592,0.0,2.8009224086635367
2011-02-02 00:00:00-05:00,19.530559539794922,21.67876434326172,-0.7696563784188367,2.845360286764695,-0.527,False,False,0.0,False,False,0.0,0.0,-0.003477334621958423,-0.0,2.8009224086635367
2011-02-03 00:00:00-05:00,19.31100082397461,22.168943405151367,-0.7654706573216098,2.3413251435078273,-1.423,False,False,0.0,False,False,0.0,0.0,-0.013892661102809508,-0.0,2.8009224086635367
2011-02-04 00:00:00-05:00,19.170101165771484,22.347963333129883,-0.7604100096165048,2.176486152716894,-1.742,True,False,1.0,False,False,0.0,1.0,-0.004558131967849224,-0.0,2.8009224086635367
2011-02-07 00:00:00-05:00,19.350330352783203,22.35222816467285,-0.7553673248556318,2.4661875594715603,-1.255,False,False,1.0,False,False,0.0,1.0,0.007995187499666705,0.007995187499666705,2.8089175961632034
2011-02-08 00:00:00-05:00,19.491239547729492,22.7401180267334,-0.7502655484857398,2.4301124237718987,-1.304,False,False,1.0,False,False,0.0,1.0,-0.0009869439104638017,-0.0009869439104638017,2.8079306522527396
2011-02-09 00:00:00-05:00,19.448631286621094,22.552566528320312,-0.7455193821581221,2.6352558223477907,-0.928,False,False,1.0,False,False,0.0,1.0,0.005657254436720662,0.005657254436720662,2.81358790668946
2011-02-10 00:00:00-05:00,19.342849731445312,22.65912628173828,-0.7408438673481387,2.5559749861524743,-1.045,False,False,1.0,False,False,0.0,1.0,-0.0021943382448532294,-0.0021943382448532294,2.8113935684446067
2011-02-11 00:00:00-05:00,19.36267852783203,22.885038375854492,-0.7361396856471172,2.516093571808291,-1.092,False,False,1.0,False,False,0.0,1.0,-0.001101414679753559,-0.001101414679753559,2.810292153764853
2011-02-14 00:00:00-05:00,19.289953231811523,22.714536666870117,-0.7317091283368872,2.669519406719729,-0.816,False,False,1.0,False,False,0.0,1.0,0.004272463971728312,0.004272463971728312,2.8145646177365813
2011-02-15 00:00:00-05:00,19.405662536621094,22.51846694946289,-0.7280520766267112,3.011045911614673,-0.23,False,False,1.0,False,False,0.0,1.0,0.009539772116107082,0.009539772116107082,2.824104389852688
2011-02-16 00:00:00-05:00,19.47177505493164,22.578140258789062,-0.7250018711379778,3.1025811204938663,-0.078,False,False,1.0,False,False,0.0,1.0,0.0025539267341333086,0.0025539267341333086,2.8266583165868218
2011-02-17 00:00:00-05:00,19.445322036743164,22.586671829223633,-0.7223516828165258,3.1298016316788555,-0.047,False,False,1.0,False,False,0.0,1.0,0.000761182045117767,0.000761182045117767,2.827419498631939
2011-02-18 00:00:00-05:00,19.415578842163086,22.684844970703125,-0.7198552493689979,3.0857741088805284,-0.128,False,False,1.0,False,False,0.0,1.0,-0.0012316981493680395,-0.0012316981493680395,2.826187800482571
2011-02-22 00:00:00-05:00,19.412273406982422,21.976343154907227,-0.7184008411019682,3.6244500001515885,0.756,False,True,0.0,False,False,0.0,0.0,0.015303250275711526,0.015303250275711526,2.8414910507582825
2011-02-23 00:00:00-05:00,19.240365982055664,21.464170455932617,-0.7178993902779555,3.831251098919532,1.062,False,False,0.0,False,False,0.0,0.0,0.005968375098389772,0.0,2.8414910507582825
2011-02-24 00:00:00-05:00,19.260196685791016,21.60502052307129,-0.7178035431063551,3.752036405444928,0.882,False,False,0.0,False,False,0.0,0.0,-0.0022783559646421033,-0.0,2.8414910507582825
2011-02-25 00:00:00-05:00,19.44202423095703,22.13852882385254,-0.7176013546343918,3.555385957347921,0.545,False,False,0.0,False,False,0.0,0.0,-0.005566314549031966,-0.0,2.8414910507582825
2011-02-28 00:00:00-05:00,19.57094955444336,22.223892211914062,-0.717460183676656,3.6261917660732923,0.657,False,False,0.0,False,False,0.0,0.0,0.0019936477131631343,0.0,2.8414910507582825
2011-03-01 00:00:00-05:00,19.385820388793945,21.600753784179688,-0.7177942813414185,3.88092284984576,1.038,False,False,0.0,False,False,0.0,0.0,0.007300826663985816,0.0,2.8414910507582825
2011-03-02 00:00:00-05:00,19.227144241333008,22.13852882385254,-0.7174739708216077,3.3433260579349113,0.181,False,False,0.0,False,False,0.0,0.0,-0.01531136587506874,-0.0,2.8414910507582825
2011-03-03 00:00:00-05:00,19.789140701293945,22.65923309326172,-0.7171137460102548,3.539893176065501,0.529,False,True,0.0,False,False,0.0,0.0,0.005454381502720105,0.0,2.8414910507582825
2011-03-04 00:00:00-05:00,19.709796905517578,23.026288986206055,-0.7161695092246069,3.2190708230024185,0.034,False,False,0.0,False,False,0.0,0.0,-0.008862367904716204,-0.0,2.8414910507582825
2011-03-07 00:00:00-05:00,19.875097274780273,22.881174087524414,-0.7153919600825821,3.5060892953153946,0.565,False,True,0.0,False,False,0.0,0.0,0.007919038704352028,0.0,2.8414910507582825
2011-03-08 00:00:00-05:00,20.298248291015625,23.14580535888672,-0.7151294929412241,3.7460002409987005,1.014,False,False,0.0,False,False,0.0,0.0,0.006510385734375257,0.0,2.8414910507582825
2011-03-09 00:00:00-05:00,20.423873901367188,23.46589469909668,-0.7149884459990413,3.6460303164829106,0.855,False,False,0.0,False,False,0.0,0.0,-0.0026872394951317907,-0.0,2.8414910507582825
2011-03-10 00:00:00-05:00,19.828815460205078,23.188472747802734,-0.7142539326400525,3.2663576081702885,0.2,False,False,0.0,False,False,0.0,0.0,-0.010433070177429673,-0.0,2.8414910507582825
2011-03-11 00:00:00-05:00,19.8817081451416,23.337865829467773,-0.7131328585349117,3.2387091740690117,0.206,False,False,0.0,False,False,0.0,0.0,-0.0007569789406744625,-0.0,2.8414910507582825
2011-03-14 00:00:00-04:00,19.68335723876953,22.983610153198242,-0.7119391398244115,3.3204255962419644,0.408,False,False,0.0,False,False,0.0,0.0,0.002266985720556435,0.0,2.8414910507582825
2011-03-15 00:00:00-04:00,19.418880462646484,22.774473190307617,-0.7105608432699873,3.2362315875117886,0.265,False,False,0.0,False,False,0.0,0.0,-0.0023648986517224454,-0.0,2.8414910507582825
2011-03-16 00:00:00-04:00,19.286645889282227,22.757396697998047,-0.708934591112263,3.153140166407418,0.116,False,False,0.0,False,False,0.0,0.0,-0.002345879882565256,-0.0,2.8414910507582825
2011-03-17 00:00:00-04:00,19.47177505493164,22.800079345703125,-0.7074914091857514,3.340914789093194,0.454,False,True,0.0,False,False,0.0,0.0,0.005274177627413743,0.0,2.8414910507582825
2011-03-18 00:00:00-04:00,19.577564239501953,23.043359756469727,-0.7060913149536898,3.306848048105305,0.353,False,False,0.0,False,False,0.0,0.0,-0.0009503033500743856,-0.0,2.8414910507582825
2011-03-21 00:00:00-04:00,19.8817081451416,23.457368850708008,-0.7047863089866286,3.3492757343131885,0.411,False,False,0.0,False,False,0.0,0.0,0.001165143143847383,0.0,2.8414910507582825
2011-03-22 00:00:00-04:00,19.88832664489746,23.384803771972656,-0.7036835745277334,3.4328243370061173,0.561,False,False,0.0,False,False,0.0,0.0,0.0022988387602599545,0.0,2.8414910507582825
2011-03-23 00:00:00-04:00,19.822206497192383,23.406147003173828,-0.7026001872162161,3.377043230752175,0.409,False,False,0.0,False,False,0.0,0.0,-0.0015380521559045385,-0.0,2.8414910507582825
2011-03-24 00:00:00-04:00,19.83542823791504,23.86283302307129,-0.7010550579439397,3.106268450219236,-0.24,False,False,0.0,False,True,0.0,0.0,-0.007405383053769973,-0.0,2.8414910507582825
2011-03-25 00:00:00-04:00,19.808977127075195,24.212814331054688,-0.6988656506928567,2.8874728844973347,-0.86,False,False,0.0,False,False,0.0,0.0,-0.005956784598599669,-0.0,2.8414910507582825
2011-03-28 00:00:00-04:00,19.68996810913086,24.259763717651367,-0.6961659653008245,2.8011462826621774,-1.145,False,False,0.0,False,False,0.0,0.0,-0.0023600179772798285,-0.0,2.8414910507582825
2011-03-29 00:00:00-04:00,19.90816307067871,24.814617156982422,-0.6930158046671155,2.711241194126128,-1.458,False,False,0.0,False,False,0.0,0.0,-0.002422985654497418,-0.0,2.8414910507582825
2011-03-30 00:00:00-04:00,20.166015625,25.309709548950195,-0.6896121361433988,2.7121327577794787,-1.476,False,False,0.0,False,False,0.0,0.0,2.369925728362147e-05,0.0,2.8414910507582825
2011-03-31 00:00:00-04:00,20.166015625,25.548725128173828,-0.685949538574417,2.6408794121645514,-1.699,True,False,1.0,False,False,0.0,1.0,-0.001890452855394067,-0.0,2.8414910507582825
2011-04-01 00:00:00-04:00,20.344533920288086,26.060894012451172,-0.6820200608950673,2.570481398936245,-1.916,False,False,1.0,False,False,0.0,1.0,-0.0018468159446596143,-0.0018468159446596143,2.839644234813623
2011-04-04 00:00:00-04:00,20.278419494628906,26.124919891357422,-0.6779528598502904,2.5669553409234034,-1.888,False,False,1.0,False,False,0.0,1.0,-9.281570971581937e-05,-9.281570971581937e-05,2.8395514191039073
2011-04-05 00:00:00-04:00,20.18585205078125,26.385265350341797,-0.6735515458067752,2.414015787536588,-2.112,False,False,1.0,False,False,0.0,1.0,-0.004029211476777474,-0.004029211476777474,2.83552220762713
2011-04-06 00:00:00-04:00,20.152790069580078,26.248693466186523,-0.6692861738975956,2.5849024497852824,-1.572,False,False,1.0,False,False,0.0,1.0,0.004530317924188027,0.004530317924188027,2.840052525551318
2011-04-07 00:00:00-04:00,19.994108200073242,26.54318618774414,-0.6646941500113358,2.3510076184180235,-1.965,False,False,1.0,False,False,0.0,1.0,-0.006214457419616264,-0.006214457419616264,2.8338380681317012
2011-04-08 00:00:00-04:00,19.88832664489746,26.820608139038086,-0.6596635398148448,2.1957493399127586,-2.105,False,False,1.0,False,False,0.0,1.0,-0.004131307717140524,-0.004131307717140524,2.829706760414561
2011-04-11 00:00:00-04:00,19.656911849975586,26.88890266418457,-0.6541888107716158,2.0664925931389497,-2.146,False,False,1.0,False,False,0.0,1.0,-0.003470228414571396,-0.003470228414571396,2.8262365319999896
2011-04-12 00:00:00-04:00,19.57094955444336,26.709644317626953,-0.6488003410532613,2.241723211755687,-1.675,False,False,1.0,False,False,0.0,1.0,0.004748774615742725,0.004748774615742725,2.830985306615732
2011-04-13 00:00:00-04:00,19.590795516967773,26.884639739990234,-0.6435469188555041,2.289268447756818,-1.484,False,False,1.0,False,False,0.0,1.0,0.0012887569192768385,0.0012887569192768385,2.832274063535009
2011-04-14 00:00:00-04:00,19.61724281311035,27.268762588500977,-0.6382381642093687,2.213277838364373,-1.524,True,False,1.0,False,False,0.0,1.0,-0.0020526237238908058,-0.0020526237238908058,2.830221439811118
2011-04-15 00:00:00-04:00,19.76930809020996,27.21754264831543,-0.6334569495833267,2.528166549053971,-0.859,False,False,1.0,False,False,0.0,1.0,0.00850810281490698,0.00850810281490698,2.8387295426260253
2011-04-18 00:00:00-04:00,19.58417320251465,26.261497497558594,-0.6298658806452117,3.0429519541528833,0.215,False,True,0.0,False,False,0.0,0.0,0.014249959423942667,0.014249959423942667,2.852979502049968
2011-04-19 00:00:00-04:00,19.637073516845703,26.32552146911621,-0.6270471278140693,3.129730891428764,0.412,False,False,0.0,False,False,0.0,0.0,0.0024008947034674204,0.0,2.852979502049968
2011-04-20 00:00:00-04:00,19.709796905517578,26.8761043548584,-0.6242968537520326,2.9311295156681787,0.034,False,False,0.0,False,False,0.0,0.0,-0.0054428537784694375,-0.0,2.852979502049968
2011-04-21 00:00:00-04:00,19.83542823791504,26.00113868713379,-0.6227941385727713,3.642071467350391,1.491,False,True,0.0,False,False,0.0,0.0,0.019732609676259852,0.0,2.852979502049968
2011-04-25 00:00:00-04:00,19.947824478149414,25.881635665893555,-0.6222835193163642,3.8421091503132416,1.829,False,False,0.0,True,False,-1.0,-1.0,0.005548350703961685,0.0,2.852979502049968
2011-04-26 00:00:00-04:00,20.23213768005371,26.07369613647461,-0.6225610834819455,3.9996691629510615,2.073,False,False,0.0,False,False,-1.0,-1.0,0.004320902625025659,-0.004320902625025659,2.848658599424942
2011-04-27 00:00:00-04:00,20.377599716186523,26.287099838256836,-0.6232493699118313,3.994181305183549,1.973,False,False,0.0,False,False,-1.0,-1.0,-0.00014928470556841344,0.00014928470556841344,2.848807884130511
2011-04-28 00:00:00-04:00,20.529659271240234,26.20601463317871,-0.6244414701695729,4.16553696641278,2.1,False,False,0.0,False,False,-1.0,-1.0,0.004644567564209431,-0.004644567564209431,2.844163316566301
2011-04-29 00:00:00-04:00,20.635456085205078,26.406606674194336,-0.6258096353523214,4.109947191535344,1.854,False,False,0.0,False,False,-1.0,-1.0,-0.0014959184969776183,0.0014959184969776183,2.8456592350632786
2011-05-02 00:00:00-04:00,20.615625381469727,25.429214477539062,-0.6281460643114414,4.642364388872039,2.433,False,False,0.0,False,False,-1.0,-1.0,0.014551336487629449,-0.014551336487629449,2.8311078985756493
2011-05-03 00:00:00-04:00,20.899930953979492,25.39933967590332,-0.6313636452330229,4.863711269689425,2.438,False,False,0.0,False,False,-1.0,-1.0,0.005992689465264638,-0.005992689465264638,2.8251152091103844
2011-05-04 00:00:00-04:00,20.966047286987305,25.028017044067383,-0.6353749646043775,5.063871843495235,2.39,False,False,0.0,False,False,-1.0,-1.0,0.005429081170227805,-0.005429081170227805,2.819686127940157
2011-05-05 00:00:00-04:00,20.78091812133789,25.22862434387207,-0.6391451527118749,4.656165162363251,1.745,False,False,0.0,False,False,-1.0,-1.0,-0.011047263718487875,0.011047263718487875,2.8307333916586446
2011-05-06 00:00:00-04:00,20.582557678222656,25.52311897277832,-0.6420322020141516,4.195893401860623,1.143,False,False,0.0,False,False,-1.0,-1.0,-0.012450133818560078,0.012450133818560078,2.8431835254772047
2011-05-09 00:00:00-04:00,20.70818519592285,25.838960647583008,-0.6442276365917678,4.062012645942755,0.949,False,False,0.0,False,False,-1.0,-1.0,-0.0035840732914904005,0.0035840732914904005,2.8467675987686953
2011-05-10 00:00:00-04:00,20.913148880004883,26.299907684326172,-0.6458313446349465,3.927844136461548,0.771,False,False,0.0,False,False,-1.0,-1.0,-0.0035402106590924527,0.0035402106590924527,2.850307809427788
2011-05-11 00:00:00-04:00,20.926481246948242,26.13345718383789,-0.6472534650000606,4.0115105322784395,0.836,False,False,0.0,False,False,-1.0,-1.0,0.002210972134519381,-0.002210972134519381,2.8480968372932685
2011-05-12 00:00:00-04:00,21.133150100708008,26.903215408325195,-0.6480578450504467,3.6983102982608074,0.462,False,False,0.0,False,False,-1.0,-1.0,-0.00812073003555753,0.00812073003555753,2.8562175673288257
2011-05-13 00:00:00-04:00,21.033153533935547,26.467010498046875,-0.6488011173920981,3.8613275487743444,0.612,False,False,0.0,False,False,-1.0,-1.0,0.0042669110824167,-0.0042669110824167,2.851950656246409
2011-05-16 00:00:00-04:00,21.046489715576172,25.83409881591797,-0.6501577200041692,4.250250931056538,0.99,False,False,0.0,False,False,-1.0,-1.0,0.010277361006916005,-0.010277361006916005,2.8416732952394934
2011-05-17 00:00:00-04:00,21.099815368652344,25.13703727722168,-0.6525719728364899,4.6960893613914045,1.387,False,False,0.0,False,False,-1.0,-1.0,0.011887902154787097,-0.011887902154787097,2.8297853930847063
2011-05-18 00:00:00-04:00,21.079818725585938,25.757122039794922,-0.6547611043991742,4.215057052665504,0.817,False,False,0.0,False,False,-1.0,-1.0,-0.012677233577863883,0.012677233577863883,2.84246262666257
2011-05-19 00:00:00-04:00,21.106477737426758,25.84693145751953,-0.656694100892996,4.132950323088075,0.684,False,False,0.0,False,False,-1.0,-1.0,-0.002156163825351336,0.002156163825351336,2.8446187904879214
2011-05-20 00:00:00-04:00,20.993144989013672,25.218290328979492,-0.6588881107353535,4.37711331817674,0.895,False,False,0.0,False,False,-1.0,-1.0,0.0064921122123186336,-0.0064921122123186336,2.8381266782756027
2011-05-23 00:00:00-04:00,20.779815673828125,25.88541030883789,-0.6600947228227767,3.69299293086193,0.114,False,False,0.0,False,False,-1.0,-1.0,-0.018066573002461023,0.018066573002461023,2.8561932512780634
2011-05-24 00:00:00-04:00,20.753150939941406,25.658761978149414,-0.6609389900195944,3.7942747129501626,0.186,False,False,0.0,False,False,-1.0,-1.0,0.002685662630648514,-0.002685662630648514,2.853507588647415
2011-05-25 00:00:00-04:00,20.79315185546875,25.859758377075195,-0.6614156393158717,3.689103235941591,0.029,False,False,0.0,False,False,-1.0,-1.0,-0.002775177999703763,0.002775177999703763,2.856282766647119
2011-05-26 00:00:00-04:00,20.719816207885742,26.454187393188477,-0.6609370167166583,3.235264512568321,-0.55,False,False,0.0,False,True,0.0,0.0,-0.011879236544971571,0.011879236544971571,2.8681620031920905
2011-05-27 00:00:00-04:00,20.739816665649414,26.693668365478516,-0.6597658478866382,3.128245923294749,-0.745,False,False,0.0,False,False,0.0,0.0,-0.002790475039013505,-0.0,2.8681620031920905
2011-05-31 00:00:00-04:00,20.84648323059082,27.010128021240234,-0.6581264016284216,3.0704048684489855,-0.909,False,False,0.0,False,False,0.0,0.0,-0.0014975975818405287,-0.0,2.8681620031920905
2011-06-01 00:00:00-04:00,20.67315673828125,26.313066482543945,-0.65678547152387,3.391116961304686,-0.558,False,False,0.0,False,False,0.0,0.0,0.008449754507970354,0.0,2.8681620031920905
2011-06-02 00:00:00-04:00,20.659828186035156,26.58247947692871,-0.6553456805155312,3.2391150834371665,-0.87,False,False,0.0,False,False,0.0,0.0,-0.003991589213908869,-0.0,2.8681620031920905
2011-06-03 00:00:00-04:00,20.526487350463867,25.560405731201172,-0.6547796151313843,3.7900547231859356,-0.11,False,False,0.0,False,False,0.0,0.0,0.01478519772679814,0.0,2.8681620031920905
2011-06-06 00:00:00-04:00,20.386491775512695,25.20545768737793,-0.6548231719034963,3.8813740233845166,-0.025,False,False,0.0,False,False,0.0,0.0,0.002475340636199688,0.0,2.8681620031920905
2011-06-07 00:00:00-04:00,20.55315399169922,25.804157257080078,-0.6548162165452136,3.656173365480324,-0.491,False,False,0.0,False,True,0.0,0.0,-0.006013347086780423,-0.0,2.8681620031920905
2011-06-08 00:00:00-04:00,20.699811935424805,25.551849365234375,-0.6552799169297235,3.956198205973216,0.038,False,False,0.0,False,False,0.0,0.0,0.008012750841179804,0.0,2.8681620031920905
2011-06-09 00:00:00-04:00,20.573156356811523,25.89824676513672,-0.6554026146632368,3.599377711747202,-0.75,False,False,0.0,False,True,0.0,0.0,-0.009503318825043563,-0.0,2.8681620031920905
2011-06-10 00:00:00-04:00,20.4398193359375,25.132761001586914,-0.6559314469498168,3.9544510463226707,-0.024,False,False,0.0,False,False,0.0,0.0,0.009616019779673562,0.0,2.8681620031920905
2011-06-13 00:00:00-04:00,20.55315399169922,25.44493865966797,-0.6565022828362914,3.8484936749977905,-0.249,False,False,0.0,False,True,0.0,0.0,-0.0028438965970419175,-0.0,2.8681620031920905
2011-06-14 00:00:00-04:00,20.633153915405273,26.201875686645508,-0.6564074958751487,3.434046308702353,-1.07,False,False,0.0,False,False,0.0,0.0,-0.01095486628662802,-0.0,2.8681620031920905
2011-06-15 00:00:00-04:00,20.41316032409668,25.91534423828125,-0.6559235976146799,3.414674497900375,-1.056,False,False,0.0,False,False,0.0,0.0,-0.0005178016151482905,-0.0,2.8681620031920905
2011-06-16 00:00:00-04:00,20.55315399169922,26.000885009765625,-0.655394711105793,3.5123114722289337,-0.812,False,False,0.0,False,False,0.0,0.0,0.0025971427193049288,0.0,2.8681620031920905
2011-06-17 00:00:00-04:00,20.80648422241211,26.060752868652344,-0.6552073824726617,3.7312865500754953,-0.346,False,False,0.0,False,False,0.0,0.0,0.005780500413233146,0.0,2.8681620031920905
2011-06-20 00:00:00-04:00,20.873144149780273,27.13841438293457,-0.6541747726169652,3.119878091639073,-1.495,False,False,0.0,False,False,0.0,0.0,-0.015828767290185175,-0.0,2.8681620031920905
2011-06-21 00:00:00-04:00,20.833154678344727,27.749954223632812,-0.6520429453279202,2.73899279365223,-2.126,True,False,1.0,False,False,0.0,1.0,-0.009784524894492896,-0.0,2.8681620031920905
2011-06-22 00:00:00-04:00,20.67315673828125,27.809823989868164,-0.6491313341944872,2.6209285880242703,-2.277,False,False,1.0,False,False,0.0,1.0,-0.0030487548662919456,-0.0030487548662919456,2.8651132483257986
2011-06-23 00:00:00-04:00,20.479820251464844,28.310171127319336,-0.6451212044845699,2.2163285546442992,-2.755,False,False,1.0,False,False,0.0,1.0,-0.010443093608518332,-0.010443093608518332,2.8546701547172804
2011-06-24 00:00:00-04:00,20.45315170288086,27.75850486755371,-0.6412938674887475,2.6517927606621186,-1.77,False,False,1.0,False,False,0.0,1.0,0.011383342739834584,0.011383342739834584,2.866053497457115
2011-06-27 00:00:00-04:00,20.639814376831055,28.241743087768555,-0.6375293161428505,2.634875219403895,-1.666,False,False,1.0,False,False,0.0,1.0,-0.0004377707117015556,-0.0004377707117015556,2.865615726745413
2011-06-28 00:00:00-04:00,20.799823760986328,28.545377731323242,-0.633919226872705,2.704359978756571,-1.438,False,False,1.0,False,False,0.0,1.0,0.0017864570168165557,0.0017864570168165557,2.8674021837622297
2011-06-29 00:00:00-04:00,20.819820404052734,28.58814239501953,-0.6305503465725164,2.793557309008719,-1.205,False,False,1.0,False,False,0.0,1.0,0.002296173055752759,0.002296173055752759,2.869698356817983
2011-06-30 00:00:00-04:00,20.899816513061523,28.600971221923828,-0.627578596469985,2.950459135928135,-0.887,False,False,1.0,False,False,0.0,1.0,0.004038742943746771,0.004038742943746771,2.8737370997617293
2011-07-01 00:00:00-04:00,21.219816207885742,29.007238388061523,-0.6250452522160379,3.088979573529091,-0.613,False,False,1.0,False,False,0.0,1.0,0.00352015602272947,0.00352015602272947,2.8772572557844587
2011-07-05 00:00:00-04:00,21.079818725585938,30.589527130126953,-0.6210320316034954,2.0827425461729554,-2.125,True,False,1.0,False,False,0.0,1.0,-0.025107659406782643,-0.025107659406782643,2.852149596377676
2011-07-06 00:00:00-04:00,21.053152084350586,30.653661727905273,-0.6164030783659217,2.1581406320821372,-1.911,False,False,1.0,False,False,0.0,1.0,0.0018873980487254978,0.0018873980487254978,2.8540369944264015
2011-07-07 00:00:00-04:00,21.173147201538086,30.901708602905273,-0.6116674452323312,2.271578047085068,-1.618,False,False,1.0,False,False,0.0,1.0,0.0028306479825145965,0.0028306479825145965,2.856867642408916
2011-07-08 00:00:00-04:00,21.08648109436035,30.66650390625,-0.6072296283176389,2.4648713255667403,-1.23,False,False,1.0,False,False,0.0,1.0,0.004867856254983875,0.004867856254983875,2.8617354986639
2011-07-11 00:00:00-04:00,20.80648422241211,29.824037551879883,-0.6035409056012112,2.806457589665996,-0.619,False,False,1.0,False,False,0.0,1.0,0.008802292619766705,0.008802292619766705,2.8705377912836667
2011-07-12 00:00:00-04:00,20.993144989013672,29.82831573486328,-0.6006743788790353,3.0760399619669165,-0.112,False,False,1.0,False,False,0.0,1.0,0.006928312518928787,0.006928312518928787,2.8774661038025955
2011-07-13 00:00:00-04:00,20.906482696533203,30.063528060913086,-0.5979793566668171,2.929113527533591,-0.336,False,False,1.0,False,True,0.0,1.0,-0.0037785977310432826,-0.0037785977310432826,2.873687506071552
2011-07-14 00:00:00-04:00,20.75982093811035,29.537521362304688,-0.5957643575698459,3.1624184994912987,0.121,False,False,1.0,False,False,0.0,1.0,0.006082425979228968,0.006082425979228968,2.879769932050781
2011-07-15 00:00:00-04:00,20.873144149780273,29.580278396606445,-0.5940170476926103,3.301954506702611,0.376,False,True,0.0,False,False,0.0,0.0,0.0036295597671986363,0.0036295597671986363,2.88339949181798
2011-07-18 00:00:00-04:00,20.713151931762695,29.276647567749023,-0.5926072468835598,3.363598418658679,0.476,False,False,0.0,False,False,0.0,0.0,0.0016195357433369639,0.0,2.88339949181798
2011-07-19 00:00:00-04:00,20.913148880004883,29.892457962036133,-0.5911637412839789,3.241811594993539,0.241,False,False,0.0,False,False,0.0,0.0,-0.0031563676433136348,-0.0,2.88339949181798
2011-07-20 00:00:00-04:00,21.019819259643555,30.22174835205078,-0.5896355215548886,3.2000029077814958,0.175,False,False,0.0,False,False,0.0,0.0,-0.001076443858285277,-0.0,2.88339949181798
2011-07-21 00:00:00-04:00,21.273151397705078,28.69076919555664,-0.589935029632759,4.347461622137722,2.089,False,True,0.0,True,False,-1.0,-1.0,0.0300390974990911,0.0,2.88339949181798
2011-07-22 00:00:00-04:00,21.159814834594727,29.079927444458008,-0.590555677146091,3.98649859127363,1.436,False,False,0.0,False,False,-1.0,-1.0,-0.009416476575586773,0.009416476575586773,2.892815968393567
2011-07-25 00:00:00-04:00,21.08648109436035,28.66083526611328,-0.5915687667690264,4.131626121415497,1.64,False,False,0.0,True,False,-1.0,-1.0,0.0038149956112240057,-0.0038149956112240057,2.8890009727823425
2011-07-26 00:00:00-04:00,20.866485595703125,28.784854888916016,-0.5922730216516269,3.8179926128412305,1.099,False,False,0.0,False,False,-1.0,-1.0,-0.00827202125208577,0.00827202125208577,2.897272994034428
2011-07-27 00:00:00-04:00,20.84648323059082,28.35293197631836,-0.593161222237166,4.028623445510593,1.438,False,False,0.0,False,False,-1.0,-1.0,0.005592313997929699,-0.005592313997929699,2.8916806800364983
2011-07-28 00:00:00-04:00,20.646488189697266,28.070690155029297,-0.5940485764670015,3.971134662655839,1.3,False,False,0.0,False,False,-1.0,-1.0,-0.0015403522497918715,0.0015403522497918715,2.8932210322862906
2011-07-29 00:00:00-04:00,20.433156967163086,28.190433502197266,-0.5944610437170988,3.675042444609428,0.846,False,False,0.0,False,False,-1.0,-1.0,-0.007961336254079923,0.007961336254079923,2.90118236854037
2011-08-01 00:00:00-04:00,20.433156967163086,28.177597045898438,-0.5946397073382148,3.6776389062958934,0.866,False,False,0.0,False,False,-1.0,-1.0,6.981861237348496e-05,-6.981861237348496e-05,2.901112549927997
2011-08-02 00:00:00-04:00,20.12649154663086,26.727876663208008,-0.5955504217483891,4.208693327418404,1.641,False,False,0.0,True,False,-1.0,-1.0,0.01473338563673833,-0.01473338563673833,2.8863791642912586
2011-08-03 00:00:00-04:00,20.00649642944336,27.232505798339844,-0.5961335366683919,3.7722864355365395,0.919,False,False,0.0,False,False,-1.0,-1.0,-0.012041898046465336,0.012041898046465336,2.898421062337724
2011-08-04 00:00:00-04:00,19.426502227783203,25.988048553466797,-0.5967807869670556,3.9173341603072362,1.111,False,False,0.0,False,False,-1.0,-1.0,0.0041518517762740605,-0.0041518517762740605,2.8942692105614496
2011-08-05 00:00:00-04:00,19.739826202392578,25.184080123901367,-0.5986474374114682,4.663441172653934,2.091,False,False,0.0,True,False,-1.0,-1.0,0.021429873784144845,-0.021429873784144845,2.872839336777305
2011-08-08 00:00:00-04:00,18.62650489807129,22.94321060180664,-0.6013714246749922,4.829113651844445,2.099,False,False,0.0,False,False,-1.0,-1.0,0.00510957962772911,-0.00510957962772911,2.8677297571495757
2011-08-09 00:00:00-04:00,19.193159103393555,24.653789520263672,-0.6037557449852192,4.308292044877971,1.306,False,False,0.0,False,False,-1.0,-1.0,-0.015283209317698802,0.015283209317698802,2.883012966467275
2011-08-10 00:00:00-04:00,19.159526824951172,24.102128982543945,-0.6063400479358418,4.545440782319632,1.511,False,False,0.0,True,False,-1.0,-1.0,0.007021716580084507,-0.007021716580084507,2.87599124988719
2011-08-11 00:00:00-04:00,20.114809036254883,24.82210350036621,-0.6097486254140676,4.97956554702087,1.922,False,False,0.0,False,False,-1.0,-1.0,0.012315577810482058,-0.012315577810482058,2.8636756720767083
2011-08-12 00:00:00-04:00,19.99372100830078,25.190671920776367,-0.6129205963930595,4.553839351076633,1.298,False,False,0.0,False,False,-1.0,-1.0,-0.012014758983524061,0.012014758983524061,2.8756904310602325
2011-08-15 00:00:00-04:00,20.599184036254883,25.567806243896484,-0.6164418639693474,4.838117897660215,1.543,False,False,0.0,True,False,-1.0,-1.0,0.0078183880808449,-0.0078183880808449,2.8678720429793874
2011-08-16 00:00:00-04:00,20.491552352905273,25.203527450561523,-0.6201805670993742,4.860814405711384,1.469,False,False,0.0,False,False,-1.0,-1.0,0.0006283241694424523,-0.0006283241694424523,2.867243718809945
2011-08-17 00:00:00-04:00,20.72700309753418,24.937820434570312,-0.6245124278139069,5.153024313553415,1.688,False,False,0.0,True,False,-1.0,-1.0,0.008049641984775863,-0.008049641984775863,2.859194076825169
2011-08-18 00:00:00-04:00,20.5049991607666,23.665010452270508,-0.629856091249868,5.59944817791223,2.009,False,False,0.0,False,False,-1.0,-1.0,0.012607086378160546,-0.012607086378160546,2.8465869904470087
2011-08-19 00:00:00-04:00,20.289730072021484,22.90216827392578,-0.6359330454563296,5.725484454030532,1.955,False,False,0.0,False,False,-1.0,-1.0,0.003616123372531609,-0.003616123372531609,2.8429708670744773
2011-08-22 00:00:00-04:00,20.343547821044922,23.296443939208984,-0.6419027429645285,5.389496555147309,1.53,False,False,0.0,False,False,-1.0,-1.0,-0.009518718201077692,0.009518718201077692,2.8524895852755545
2011-08-23 00:00:00-04:00,20.8682804107666,24.70639419555664,-0.6470563262625466,4.881851747395416,0.942,False,False,0.0,False,False,-1.0,-1.0,-0.01377421828865079,0.01377421828865079,2.8662638035642054
2011-08-24 00:00:00-04:00,21.184459686279297,25.250667572021484,-0.6515308233888103,4.732871451963007,0.733,False,False,0.0,False,False,-1.0,-1.0,-0.003958446852515632,0.003958446852515632,2.870222250416721
2011-08-25 00:00:00-04:00,20.733732223510742,24.65497398376465,-0.6553543659510322,4.575987380841465,0.501,False,False,0.0,False,False,-1.0,-1.0,-0.004252583078744888,0.004252583078744888,2.874474833495466
2011-08-26 00:00:00-04:00,20.834638595581055,25.430665969848633,-0.6580548032347228,4.099866704664354,-0.164,False,False,0.0,False,False,-1.0,-1.0,-0.012673094147916583,0.012673094147916583,2.8871479276433827
2011-08-29 00:00:00-04:00,21.177745819091797,26.124929428100586,-0.6598795698360909,3.9384386260785504,-0.43,False,False,0.0,False,True,0.0,0.0,-0.004201990156166801,0.004201990156166801,2.891349917799549
2011-08-30 00:00:00-04:00,21.17101287841797,26.064931869506836,-0.6612193811919442,3.936374756852473,-0.499,False,False,0.0,False,False,0.0,0.0,-5.373868616569928e-05,-0.0,2.891349917799549
2011-08-31 00:00:00-04:00,21.285371780395508,26.300640106201172,-0.6621844074988944,3.8694979948290253,-0.651,False,False,0.0,False,False,0.0,0.0,-0.0017280260892240165,-0.0,2.891349917799549
2011-09-01 00:00:00-04:00,21.13064956665039,26.21921157836914,-0.662750519638746,3.7538534685680176,-0.868,False,False,0.0,False,False,0.0,0.0,-0.0030031731335252226,-0.0,2.891349917799549
2011-09-02 00:00:00-04:00,20.861555099487305,25.559232711791992,-0.6633569799304827,3.9066596784525665,-0.674,False,False,0.0,False,False,0.0,0.0,0.004040733801857601,0.0,2.891349917799549
2011-09-06 00:00:00-04:00,20.72026824951172,25.65351676940918,-0.6636324100596814,3.695763089322252,-1.066,False,False,0.0,False,False,0.0,0.0,-0.005587438208758978,-0.0,2.891349917799549
2011-09-07 00:00:00-04:00,21.13064956665039,26.81490135192871,-0.6631458816277191,3.3484581688653066,-1.67,True,False,1.0,False,False,0.0,1.0,-0.008925200829576183,-0.0,2.891349917799549
2011-09-08 00:00:00-04:00,21.02300453186035,27.21346664428711,-0.6616850474453893,3.0162605641817173,-2.019,False,False,1.0,False,False,0.0,1.0,-0.008511394960372681,-0.008511394960372681,2.882838522839177
2011-09-09 00:00:00-04:00,20.491552352905273,27.732023239135742,-0.6583709879193468,2.233592815953191,-2.77,False,False,1.0,False,False,0.0,1.0,-0.020198131797200487,-0.020198131797200487,2.8626403910419764
2011-09-12 00:00:00-04:00,20.673181533813477,28.379154205322266,-0.6538635949749737,2.1170857427723178,-2.546,False,False,1.0,False,False,0.0,1.0,-0.002969901082196522,-0.002969901082196522,2.85967048995978
2011-09-13 00:00:00-04:00,20.8682804107666,28.987699508666992,-0.6486362796746239,2.065806845138919,-2.328,False,False,1.0,False,False,0.0,1.0,-0.0012926121258978768,-0.0012926121258978768,2.858377877833882
2011-09-14 00:00:00-04:00,20.975919723510742,28.84199333190918,-0.6436494385060223,2.4117869100329585,-1.79,False,False,1.0,False,False,0.0,1.0,0.00875011646912673,0.00875011646912673,2.867127994303009
2011-09-15 00:00:00-04:00,21.258468627929688,29.133411407470703,-0.6391816921712525,2.6369254257812926,-1.459,False,False,1.0,False,False,0.0,1.0,0.005645397416320006,0.005645397416320006,2.8727733917193286
2011-09-16 00:00:00-04:00,21.339191436767578,29.50196647644043,-0.6349437922173792,2.6071009643465004,-1.414,False,False,1.0,False,False,0.0,1.0,-0.0007442851841471347,-0.0007442851841471347,2.872029106535182
2011-09-19 00:00:00-04:00,21.278648376464844,29.806243896484375,-0.6306259808309722,2.482056584357206,-1.456,False,False,1.0,False,False,0.0,1.0,-0.0031202403145510183,-0.0031202403145510183,2.8689088662206306
2011-09-20 00:00:00-04:00,21.453556060791016,28.884851455688477,-0.6277164576514069,3.3220594252391606,-0.616,False,False,1.0,False,False,0.0,1.0,0.021220202669063503,0.021220202669063503,2.8901290688896943
2011-09-21 00:00:00-04:00,21.07682228088379,28.332002639770508,-0.6255862299267536,3.3527115631949265,-0.572,False,False,1.0,False,False,0.0,1.0,0.0007899845593118446,0.0007899845593118446,2.8909190534490063
2011-09-22 00:00:00-04:00,20.592456817626953,27.7020206451416,-0.6237922607863414,3.31215073104417,-0.591,False,False,1.0,False,False,0.0,1.0,-0.0010709763175542686,-0.0010709763175542686,2.889848077131452
2011-09-23 00:00:00-04:00,20.99610137939453,28.51628303527832,-0.6220696161347953,3.2569881380477703,-0.605,False,False,1.0,False,False,0.0,1.0,-0.0014240941617724289,-0.0014240941617724289,2.8884239829696794
2011-09-26 00:00:00-04:00,20.962467193603516,29.034835815429688,-0.6198968944203768,2.963862641613126,-0.834,False,False,1.0,False,False,0.0,1.0,-0.007523548077647372,-0.007523548077647372,2.880900434892032
2011-09-27 00:00:00-04:00,20.99610137939453,28.897701263427734,-0.6177968637724442,3.143192168615876,-0.628,False,False,1.0,False,False,0.0,1.0,0.004616064200309676,0.004616064200309676,2.8855164990923416
2011-09-28 00:00:00-04:00,20.82118797302246,28.439151763916016,-0.6160048052272034,3.3025338298644975,-0.444,False,False,1.0,False,False,0.0,1.0,0.00415603331818039,0.00415603331818039,2.889672532410522
2011-09-29 00:00:00-04:00,21.2382869720459,28.769136428833008,-0.6147769975395567,3.551683656522055,-0.169,False,False,1.0,False,False,0.0,1.0,0.0064007843006591856,0.0064007843006591856,2.896073316711181
2011-09-30 00:00:00-04:00,21.049915313720703,26.79776382446289,-0.6154828017071189,4.556352555554607,0.812,False,True,0.0,False,False,0.0,0.0,0.026760144521209544,0.026760144521209544,2.9228334612323907
2011-10-03 00:00:00-04:00,20.915376663208008,25.81208038330078,-0.6178183362825631,4.9682001048053355,1.205,False,False,0.0,False,False,0.0,0.0,0.011172518267380421,0.0,2.9228334612323907
2011-10-04 00:00:00-04:00,20.43100357055664,27.04633903503418,-0.6189378684586718,3.691000138602014,-0.003,False,False,0.0,False,False,0.0,0.0,-0.03436011206575689,-0.0,2.9228334612323907
2011-10-05 00:00:00-04:00,20.60591697692871,27.0249080657959,-0.6197019541867465,3.858528636837825,0.207,False,True,0.0,False,False,0.0,0.0,0.004484971191009389,0.0,2.9228334612323907
2011-10-06 00:00:00-04:00,21.177745819091797,27.774879455566406,-0.6204277882395065,3.9454387898558245,0.369,False,False,0.0,False,False,0.0,0.0,0.0022626928778564127,0.0,2.9228334612323907
2011-10-07 00:00:00-04:00,21.184459686279297,28.177730560302734,-0.6207217380545067,3.693929798456594,0.175,False,False,0.0,False,False,0.0,0.0,-0.006503143095031342,-0.0,2.9228334612323907
2011-10-10 00:00:00-04:00,21.520830154418945,28.584856033325195,-0.6209204611820516,3.771908163384115,0.352,False,True,0.0,False,False,0.0,0.0,0.001985710646675127,0.0,2.9228334612323907
2011-10-11 00:00:00-04:00,21.224830627441406,28.319150924682617,-0.6208567934162198,3.6426933920729816,0.244,False,False,0.0,False,False,0.0,0.0,-0.0033296796536109873,-0.0,2.9228334612323907
2011-10-12 00:00:00-04:00,21.184459686279297,28.276283264160156,-0.6206459857143659,3.6348979874559895,0.291,False,False,0.0,False,False,0.0,0.0,-0.00020125471970721586,-0.0,2.9228334612323907
2011-10-13 00:00:00-04:00,21.278648376464844,28.773420333862305,-0.6200351167503004,3.4381173404530614,0.06,False,False,0.0,False,False,0.0,0.0,-0.005030285654206925,-0.0,2.9228334612323907
2011-10-14 00:00:00-04:00,21.419923782348633,28.893415451049805,-0.6193619835679586,3.524440676533324,0.218,False,True,0.0,False,False,0.0,0.0,0.0021956617751869283,0.0,2.9228334612323907
2011-10-17 00:00:00-04:00,21.298828125,29.163414001464844,-0.618235926160641,3.2689578597981743,-0.142,False,False,0.0,False,False,0.0,0.0,-0.006496091332603048,-0.0,2.9228334612323907
2011-10-18 00:00:00-04:00,21.527563095092773,29.120546340942383,-0.617344574931686,3.5501517924652326,0.311,False,True,0.0,False,False,0.0,0.0,0.007117937347234047,0.0,2.9228334612323907
2011-10-19 00:00:00-04:00,21.742834091186523,28.404855728149414,-0.6176395766875392,4.198871023381695,1.283,False,False,0.0,False,False,0.0,0.0,0.01651239800208539,0.0,2.9228334612323907
2011-10-20 00:00:00-04:00,21.776472091674805,30.701934814453125,-0.6163189837890474,2.85428682647348,-0.73,False,False,0.0,False,True,0.0,0.0,-0.033037556623008474,-0.0,2.9228334612323907
2011-10-21 00:00:00-04:00,22.133026123046875,31.481918334960938,-0.6140793927244351,2.8006288301138014,-0.764,False,False,0.0,False,False,0.0,0.0,-0.0012940419255190792,-0.0,2.9228334612323907
2011-10-24 00:00:00-04:00,22.36174774169922,31.606185913085938,-0.611759961193383,3.026348674038914,-0.39,False,False,0.0,False,False,0.0,0.0,0.005413316286534181,0.0,2.9228334612323907
2011-10-25 00:00:00-04:00,21.843746185302734,30.937652587890625,-0.6093621263314289,2.9915124206426675,-0.427,False,False,0.0,False,False,0.0,0.0,-0.000856012152529045,-0.0,2.9228334612323907
2011-10-26 00:00:00-04:00,21.850475311279297,31.031917572021484,-0.6069688920304622,3.0150666850087866,-0.39,False,False,0.0,False,False,0.0,0.0,0.0005789296455319329,0.0,2.9228334612323907
2011-10-27 00:00:00-04:00,22.46939468383789,31.563343048095703,-0.6051588430639147,3.368558521622841,0.103,False,False,0.0,False,False,0.0,0.0,0.008503485052155256,0.0,2.9228334612323907
2011-10-28 00:00:00-04:00,22.09266471862793,30.509090423583984,-0.6041286286983544,3.6612497581940424,0.525,False,True,0.0,False,False,0.0,0.0,0.007222649814362854,0.0,2.9228334612323907
2011-10-31 00:00:00-04:00,21.816843032836914,30.401941299438477,-0.6031847945467792,3.4788543163118746,0.16,False,False,0.0,False,False,0.0,0.0,-0.004542303726252471,-0.0,2.9228334612323907
2011-11-01 00:00:00-04:00,21.2382869720459,30.423364639282227,-0.6014138112705512,2.9412552926614595,-0.881,False,False,0.0,False,True,0.0,0.0,-0.013597943357691022,-0.0,2.9228334612323907
2011-11-02 00:00:00-04:00,21.74956512451172,31.12191390991211,-0.5994768272800123,3.0926989149159247,-0.637,False,False,0.0,False,False,0.0,0.0,0.0037480078604870525,0.0,2.9228334612323907
2011-11-03 00:00:00-04:00,22.038837432861328,31.186201095581055,-0.597945954442353,3.3911746533329605,-0.105,False,False,0.0,False,False,0.0,0.0,0.007335989501651585,0.0,2.9228334612323907
2011-11-04 00:00:00-04:00,22.011930465698242,31.186201095581055,-0.5966397340804734,3.405003737050592,-0.14,False,False,0.0,False,False,0.0,0.0,0.0003404596946552292,0.0,2.9228334612323907
2011-11-07 00:00:00-05:00,22.126300811767578,31.331912994384766,-0.5955445220674809,3.466751662066809,-0.016,False,False,0.0,False,False,0.0,0.0,0.0015139545963747754,0.0,2.9228334612323907
2011-11-08 00:00:00-05:00,22.30793571472168,31.541912078857422,-0.5946882969808608,3.5503297370259155,0.152,False,False,0.0,False,False,0.0,0.0,0.002035236149692357,0.0,2.9228334612323907
2011-11-09 00:00:00-05:00,21.779056549072266,30.666231155395508,-0.5939752402567885,3.5640745307760078,0.166,False,False,0.0,False,False,0.0,0.0,0.00034367106304955146,0.0,2.9228334612323907
2011-11-10 00:00:00-05:00,22.0773983001709,30.988176345825195,-0.59352451969413,3.685155818317998,0.402,False,True,0.0,False,False,0.0,0.0,0.002991904183043144,0.0,2.9228334612323907
2011-11-11 00:00:00-05:00,22.47744369506836,31.979745864868164,-0.592927366199959,3.515777207668048,-0.001,False,False,0.0,False,False,0.0,0.0,-0.004087409452184809,-0.0,2.9228334612323907
2011-11-14 00:00:00-05:00,22.097740173339844,31.936832427978516,-0.5917512822151532,3.199078634193075,-0.709,False,False,0.0,False,True,0.0,0.0,-0.0077250334235678415,-0.0,2.9228334612323907
2011-11-15 00:00:00-05:00,22.307939529418945,32.3660888671875,-0.5903000720090406,3.2022349404671573,-0.693,False,False,0.0,False,False,0.0,0.0,7.621416422715007e-05,0.0,2.9228334612323907
2011-11-16 00:00:00-05:00,22.11130142211914,32.02267837524414,-0.5888089299135499,3.2560624350258607,-0.552,False,False,0.0,False,False,0.0,0.0,0.0013139380094346175,0.0,2.9228334612323907
2011-11-17 00:00:00-05:00,21.928226470947266,31.164159774780273,-0.5878677851849651,3.607820886996805,0.313,False,True,0.0,False,False,0.0,0.0,0.008739637448824552,0.0,2.9228334612323907
2011-11-18 00:00:00-05:00,22.124866485595703,31.022502899169922,-0.5876453124285979,3.8946380770959124,1.36,False,False,0.0,False,False,0.0,0.0,0.007107335290669147,0.0,2.9228334612323907
2011-11-21 00:00:00-05:00,21.819734573364258,30.812158584594727,-0.5874861294143714,3.718018787598904,0.82,False,False,0.0,False,False,0.0,0.0,-0.004424170161859294,-0.0,2.9228334612323907
2011-11-22 00:00:00-05:00,21.56207275390625,30.756364822387695,-0.5870230481925316,3.507377724546675,0.218,False,False,0.0,False,False,0.0,0.0,-0.005316967406442585,-0.0,2.9228334612323907
2011-11-23 00:00:00-05:00,21.358665466308594,30.155405044555664,-0.5866687065647287,3.667432992883626,0.764,False,False,0.0,False,False,0.0,0.0,0.004098737174267831,0.0,2.9228334612323907
2011-11-25 00:00:00-05:00,21.636661529541016,29.052215576171875,-0.5877730681496391,4.560551643789736,3.027,False,False,0.0,True,False,-1.0,-1.0,0.023070387839846346,0.0,2.9228334612323907
2011-11-28 00:00:00-05:00,21.697689056396484,29.5544490814209,-0.58915049550503,4.285670735699185,2.099,False,False,0.0,False,False,-1.0,-1.0,-0.007028457294250864,0.007028457294250864,2.929861918526642
2011-11-29 00:00:00-05:00,21.935009002685547,30.0480899810791,-0.5905160051634963,4.1911309442654385,1.733,False,False,0.0,False,False,-1.0,-1.0,-0.002382622055103374,0.002382622055103374,2.9322445405817454
2011-11-30 00:00:00-05:00,22.49778938293457,31.005334854125977,-0.5918140131461844,4.14839773397301,1.534,False,False,0.0,False,False,-1.0,-1.0,-0.0010461728132244933,0.0010461728132244933,2.9332907133949697
2011-12-01 00:00:00-05:00,22.55202865600586,31.005334854125977,-0.5930998657907779,4.162768715225614,1.466,False,False,0.0,False,False,-1.0,-1.0,0.00035101438535894487,-0.00035101438535894487,2.932939699009611
2011-12-02 00:00:00-05:00,22.34861946105957,30.992462158203125,-0.5940205050344308,3.938461437583264,0.913,False,False,0.0,False,False,-1.0,-1.0,-0.00550328767165436,0.00550328767165436,2.938442986681265
2011-12-05 00:00:00-05:00,22.40964126586914,31.756534576416016,-0.5941312951674794,3.5420902479522525,-0.001,False,False,0.0,False,False,-1.0,-1.0,-0.009602668391442627,0.009602668391442627,2.9480456550727077
2011-12-06 00:00:00-05:00,22.436758041381836,31.490400314331055,-0.594144679903592,3.7269042265876386,0.406,False,True,0.0,False,False,-1.0,-1.0,0.0044915965203012435,-0.0044915965203012435,2.9435540585524063
2011-12-07 00:00:00-05:00,22.33506202697754,31.91107177734375,-0.5935768982371845,3.393387021957679,-0.306,False,False,0.0,False,True,0.0,0.0,-0.008080028331004454,0.008080028331004454,2.951634086883411
2011-12-08 00:00:00-05:00,22.029939651489258,31.31011962890625,-0.5928507733490629,3.467711015840514,-0.181,False,False,0.0,False,False,0.0,0.0,0.001830993440830445,0.0,2.951634086883411
2011-12-09 00:00:00-05:00,22.423200607299805,32.310279846191406,-0.59178103634267,3.3025897153989696,-0.649,False,False,0.0,False,True,0.0,0.0,-0.00397463050410581,-0.0,2.951634086883411
2011-12-12 00:00:00-05:00,22.17232322692871,31.846683502197266,-0.5906462515897172,3.3621989907918106,-0.535,False,False,0.0,False,False,0.0,0.0,0.0014545074558214792,0.0,2.951634086883411
2011-12-13 00:00:00-05:00,22.321487426757812,31.232837677001953,-0.5903146757792593,3.88428497979217,0.785,False,True,0.0,False,False,0.0,0.0,0.01280919456974354,0.0,2.951634086883411
2011-12-14 00:00:00-05:00,22.023151397705078,30.327106475830078,-0.5907197274637674,4.108331325538078,1.317,False,False,0.0,False,False,0.0,0.0,0.005609857924680056,0.0,2.951634086883411
2011-12-15 00:00:00-05:00,22.55202865600586,30.69198226928711,-0.591915038435489,4.384982791419432,1.889,False,False,0.0,True,False,-1.0,-1.0,0.006794149158312699,0.0,2.951634086883411
2011-12-16 00:00:00-05:00,22.674083709716797,31.25859832763672,-0.5930969276193007,4.134705079909651,1.179,False,False,0.0,False,False,-1.0,-1.0,-0.006072717439945919,0.006072717439945919,2.957706804323357
2011-12-19 00:00:00-05:00,22.850378036499023,30.717731475830078,-0.5949650329499653,4.574401916833594,2.065,False,False,0.0,True,False,-1.0,-1.0,0.010691364356157904,-0.010691364356157904,2.947015439967199
2011-12-20 00:00:00-05:00,23.155502319335938,31.228546142578125,-0.5970661250531866,4.509995282942178,1.803,False,False,0.0,False,False,-1.0,-1.0,-0.0015407913560964647,0.0015407913560964647,2.9485562313232956
2011-12-21 00:00:00-05:00,23.42672348022461,31.0911808013916,-0.5997069856567147,4.781125161314133,2.224,False,False,0.0,False,False,-1.0,-1.0,0.006444376416077155,-0.006444376416077155,2.9421118549072185
2011-12-22 00:00:00-05:00,23.399593353271484,30.395790100097656,-0.603053805795798,5.069296453237353,2.51,False,False,0.0,False,False,-1.0,-1.0,0.006905632633442947,-0.006905632633442947,2.9352062222737754
2011-12-23 00:00:00-05:00,23.569110870361328,30.46017837524414,-0.606771913211434,5.086730160852891,2.269,False,False,0.0,False,False,-1.0,-1.0,0.000414580005620628,-0.000414580005620628,2.934791642268155
2011-12-27 00:00:00-05:00,23.84711456298828,30.92807388305664,-0.610488019065329,4.965896004614894,1.865,False,False,0.0,False,False,-1.0,-1.0,-0.0028279632602280728,0.0028279632602280728,2.937619605528383
2011-12-28 00:00:00-05:00,23.74540901184082,30.77783203125,-0.6140113993857607,4.847469296273118,1.533,False,False,0.0,False,False,-1.0,-1.0,-0.002777143725245443,0.002777143725245443,2.9403967492536287
2011-12-29 00:00:00-05:00,23.928482055664062,30.627580642700195,-0.617698028649049,5.00988587037838,1.68,False,False,0.0,False,False,-1.0,-1.0,0.003790610253327307,-0.003790610253327307,2.9366061390003013
2011-12-30 00:00:00-05:00,23.704721450805664,30.112476348876953,-0.6214280377968922,4.991984360117737,1.533,False,False,0.0,False,False,-1.0,-1.0,-0.0004220316557422031,0.0004220316557422031,2.9370281706560437
2012-01-03 00:00:00-05:00,23.42672348022461,29.816301345825195,-0.6248688862403585,4.795444466451915,1.139,False,False,0.0,False,False,-1.0,-1.0,-0.004673067716277605,0.004673067716277605,2.941701238372321
2012-01-04 00:00:00-05:00,23.35892105102539,29.777658462524414,-0.6279612208707964,4.659706288224957,0.867,False,False,0.0,False,False,-1.0,-1.0,-0.003227394072524181,0.003227394072524181,2.9449286324448454
2012-01-05 00:00:00-05:00,23.48774528503418,29.799118041992188,-0.6309321315457028,4.68652422061804,0.863,False,False,0.0,False,False,-1.0,-1.0,0.0006341590894295207,-0.0006341590894295207,2.944294473355416
2012-01-06 00:00:00-05:00,23.386037826538086,29.92361068725586,-0.6334443630872824,4.431095313477503,0.38,False,False,0.0,False,False,-1.0,-1.0,-0.006032663983966654,0.006032663983966654,2.9503271373393827
2012-01-09 00:00:00-05:00,23.39281463623047,30.305646896362305,-0.635277257172776,4.140326399062772,-0.169,False,False,0.0,False,False,-1.0,-1.0,-0.006818310454446557,0.006818310454446557,2.9571454477938293
2012-01-10 00:00:00-05:00,23.399593353271484,31.202787399291992,-0.6358559610779568,3.5591149831835125,-1.186,False,False,0.0,False,True,0.0,0.0,-0.013441499810585964,0.013441499810585964,2.9705869476044153
2012-01-11 00:00:00-05:00,23.20975112915039,31.305822372436523,-0.6354327479514646,3.31700639215261,-1.555,True,False,1.0,False,False,0.0,1.0,-0.005617043425576884,-0.0,2.9705869476044153
2012-01-12 00:00:00-05:00,23.284332275390625,34.4265251159668,-0.6316242055930442,1.5397056976891115,-3.595,False,False,1.0,False,False,0.0,1.0,-0.03947017074638517,-0.03947017074638517,2.93111677685803
2012-01-13 00:00:00-05:00,23.19619369506836,34.581050872802734,-0.6261849671850293,1.542059489058552,-2.995,False,False,1.0,False,False,0.0,1.0,5.248102922752297e-05,5.248102922752297e-05,2.931169257887258
2012-01-17 00:00:00-05:00,23.257205963134766,34.546714782714844,-0.6204516589594192,1.8226394646014477,-2.35,False,False,1.0,False,False,0.0,1.0,0.006278112504567766,0.006278112504567766,2.9374473703918254
2012-01-18 00:00:00-05:00,23.14194679260254,34.894412994384766,-0.6144053158630552,1.7026339549316667,-2.21,False,False,1.0,False,False,0.0,1.0,-0.0026918375717739896,-0.0026918375717739896,2.934755532820051
2012-01-19 00:00:00-05:00,23.121593475341797,34.525272369384766,-0.6088898329257637,2.0995061506306207,-1.679,False,False,1.0,False,False,0.0,1.0,0.008990464512838671,0.008990464512838671,2.94374599733289
2012-01-20 00:00:00-05:00,23.121593475341797,34.336387634277344,-0.6040932810268967,2.3792124107398323,-1.328,False,False,1.0,False,False,0.0,1.0,0.006376673866033348,0.006376673866033348,2.9501226711989235
2012-01-23 00:00:00-05:00,23.223299026489258,34.55101013183594,-0.5998316204666906,2.498510630349063,-1.15,False,False,1.0,False,False,0.0,1.0,0.0027145258555165857,0.0027145258555165857,2.95283719705444
2012-01-24 00:00:00-05:00,22.99954605102539,34.64115905761719,-0.5956216326573623,2.3665223359840653,-1.2,False,False,1.0,False,False,0.0,1.0,-0.0030249947475623116,-0.0030249947475623116,2.9498122023068776
2012-01-25 00:00:00-05:00,23.433504104614258,34.684085845947266,-0.5922777092807908,2.8908931912783125,-0.715,False,False,1.0,False,False,0.0,1.0,0.011923992264441938,0.011923992264441938,2.9617361945713196
2012-01-26 00:00:00-05:00,23.582664489746094,34.271995544433594,-0.5900852579437259,3.3592651586627724,-0.295,False,False,1.0,False,False,0.0,1.0,0.010691943683873122,0.010691943683873122,2.972428138255193
2012-01-27 00:00:00-05:00,23.223299026489258,34.52096176147461,-0.5877538091752031,2.933472254791024,-0.652,False,False,1.0,False,False,0.0,1.0,-0.009785389949840942,-0.009785389949840942,2.9626427483053517
2012-01-30 00:00:00-05:00,23.053783416748047,34.72270965576172,-0.5850565200369896,2.7390357392933176,-0.795,False,False,1.0,False,False,0.0,1.0,-0.004483354879494578,-0.004483354879494578,2.9581593934258574
2012-01-31 00:00:00-05:00,23.053783416748047,34.671199798583984,-0.5823904589450531,2.8616074538750844,-0.674,False,False,1.0,False,False,0.0,1.0,0.0028342928759149434,0.0028342928759149434,2.960993686301772
2012-02-01 00:00:00-05:00,23.189407348632812,35.10905456542969,-0.5797002817728036,2.8366785242764863,-0.678,False,False,1.0,False,False,0.0,1.0,-0.0005725242670584117,-0.0005725242670584117,2.960421162034714
2012-02-02 00:00:00-05:00,23.331798553466797,34.284873962402344,-0.5780682008545235,3.5128031454967754,-0.093,False,False,1.0,False,False,0.0,1.0,0.015668880202402095,0.015668880202402095,2.9760900422371157
2012-02-03 00:00:00-05:00,23.50130844116211,34.86007308959961,-0.5767322363891747,3.3963805275072403,-0.175,False,False,1.0,False,False,0.0,1.0,-0.0026698616464448546,-0.0026698616464448546,2.973420180590671
2012-02-06 00:00:00-05:00,23.50809097290039,35.220645904541016,-0.5752972168980143,3.245751406667498,-0.276,False,False,1.0,False,True,0.0,1.0,-0.0034413442816165814,-0.0034413442816165814,2.9699788363090542
2012-02-07 00:00:00-05:00,23.684383392333984,36.521297454833984,-0.573047593639315,2.755941769255731,-0.66,False,False,1.0,False,False,0.0,1.0,-0.010979121749016213,-0.010979121749016213,2.958999714560038
2012-02-08 00:00:00-05:00,23.47418975830078,35.821617126464844,-0.5708641109800648,3.024914143533163,-0.395,False,False,1.0,False,False,0.0,1.0,0.006123660143681466,0.006123660143681466,2.9651233747037193
2012-02-09 00:00:00-05:00,23.53520965576172,35.761531829833984,-0.5689685522977233,3.1880226625921253,-0.223,False,False,1.0,False,False,0.0,1.0,0.0037169464640654385,0.0037169464640654385,2.968840321167785
2012-02-10 00:00:00-05:00,23.4326114654541,35.66278839111328,-0.5672302465360742,3.2035992141990697,-0.172,False,False,1.0,False,False,0.0,1.0,0.0003567561231348181,0.0003567561231348181,2.9691970772909198
2012-02-13 00:00:00-05:00,23.4462890625,36.336727142333984,-0.5651093171295717,2.912066000372068,-0.389,False,False,1.0,False,True,0.0,1.0,-0.006628690748322385,-0.006628690748322385,2.962568386542597
2012-02-14 00:00:00-05:00,23.473657608032227,36.285194396972656,-0.5630281386433682,3.0440721463919402,-0.22,False,False,1.0,False,False,0.0,1.0,0.003006751592596117,0.003006751592596117,2.9655751381351934
2012-02-15 00:00:00-05:00,23.466819763183594,35.9117546081543,-0.5613768465797793,3.3067922061110764,0.084,False,False,1.0,False,False,0.0,1.0,0.006021981322431113,0.006021981322431113,2.9715971194576243
2012-02-16 00:00:00-05:00,23.542043685913086,35.79585266113281,-0.5601988927625609,3.489246659654718,0.321,False,True,0.0,False,False,0.0,0.0,0.004185230420917705,0.004185230420917705,2.9757823498785423
2012-02-17 00:00:00-05:00,23.514692306518555,35.52542495727539,-0.5594628458267652,3.6395369607160752,0.552,False,False,0.0,False,False,0.0,0.0,0.0034637204137156676,0.0,2.9757823498785423
2012-02-21 00:00:00-05:00,23.405256271362305,35.78727340698242,-0.5585779680179869,3.4152738107859264,0.379,False,False,0.0,False,False,0.0,0.0,-0.005167920640222041,-0.0,2.9757823498785423
2012-02-22 00:00:00-05:00,23.453134536743164,35.91606140136719,-0.5576424332488522,3.4248146641695847,0.468,False,False,0.0,False,False,0.0,0.0,0.0002194235108569408,0.0,2.9757823498785423
2012-02-23 00:00:00-05:00,23.521528244018555,36.483482360839844,-0.5563742138788228,3.2230594259443883,0.284,False,False,0.0,False,False,0.0,0.0,-0.004604181920398355,-0.0,2.9757823498785423
2012-02-24 00:00:00-05:00,23.507856369018555,36.2513427734375,-0.5552046809892875,3.3809411690588718,0.599,False,False,0.0,False,False,0.0,0.0,0.003618255291308276,0.0,2.9757823498785423
2012-02-27 00:00:00-05:00,23.439453125,37.57966995239258,-0.5529658300181662,2.6591797379664968,-0.422,False,False,0.0,False,True,0.0,0.0,-0.01632215954334232,-0.0,2.9757823498785423
2012-02-28 00:00:00-05:00,23.36423110961914,37.209983825683594,-0.550600575721806,2.876392592598666,-0.017,False,False,0.0,False,False,0.0,0.0,0.004953309079401242,0.0,2.9757823498785423
2012-02-29 00:00:00-05:00,23.309505462646484,36.741416931152344,-0.5486110247529998,3.152759069169779,0.48,False,True,0.0,False,False,0.0,0.0,0.006358185138343836,0.0,2.9757823498785423
2012-03-01 00:00:00-05:00,23.37105941772461,37.61405944824219,-0.5462779597341156,2.8233277650211335,-0.064,False,False,0.0,False,False,0.0,0.0,-0.007500919222033458,-0.0,2.9757823498785423
2012-03-02 00:00:00-05:00,23.405256271362305,37.231468200683594,-0.5442887045649496,3.1405886753611156,0.443,False,True,0.0,False,False,0.0,0.0,0.007264975118884637,0.0,2.9757823498785423
2012-03-05 00:00:00-05:00,23.377901077270508,37.27875518798828,-0.54247324741764,3.1551736907553085,0.427,False,False,0.0,False,False,0.0,0.0,0.0003345138799159068,0.0,2.9757823498785423
2012-03-06 00:00:00-05:00,23.323179244995117,36.82737731933594,-0.5411033351060889,3.395762554292105,0.919,False,False,0.0,False,False,0.0,0.0,0.005562671642593936,0.0,2.9757823498785423
2012-03-07 00:00:00-05:00,23.542043685913086,37.61405944824219,-0.5396898074897857,3.242119183381906,0.536,False,False,0.0,False,False,0.0,0.0,-0.00350448160196184,-0.0,2.9757823498785423
2012-03-08 00:00:00-05:00,23.706201553344727,37.601165771484375,-0.5385833826279814,3.454838501383197,1.114,False,False,0.0,False,False,0.0,0.0,0.004839197073616151,0.0,2.9757823498785423
2012-03-09 00:00:00-05:00,23.83614730834961,37.55817413330078,-0.5378829464738806,3.6342459413506987,1.6,False,False,0.0,True,False,-1.0,-1.0,0.004073918926111047,0.0,2.9757823498785423
2012-03-12 00:00:00-04:00,24.06186294555664,37.549583435058594,-0.5377157279283212,3.870861355368877,2.178,False,False,0.0,False,False,-1.0,-1.0,0.005346894862072868,-0.005346894862072868,2.970435455016469
2012-03-13 00:00:00-04:00,24.123416900634766,37.95365524291992,-0.5375511899053221,3.721384363546793,1.689,False,False,0.0,False,False,-1.0,-1.0,-0.003357113599294619,0.003357113599294619,2.973792568615764
2012-03-14 00:00:00-04:00,23.754074096679688,37.6699333190918,-0.5370873374591766,3.5220299080639528,0.98,False,False,0.0,False,False,-1.0,-1.0,-0.004532212962958467,0.004532212962958467,2.9783247815787224
2012-03-15 00:00:00-04:00,23.665157318115234,37.51948547363281,-0.5365165981904081,3.535330605947326,0.994,False,False,0.0,False,False,-1.0,-1.0,0.00030370368154892575,-0.00030370368154892575,2.978021077897173
2012-03-16 00:00:00-04:00,23.617286682128906,36.88756561279297,-0.5363486633308638,3.832690172177859,1.796,False,False,0.0,True,False,-1.0,-1.0,0.006851305619955115,-0.006851305619955115,2.9711697722772183
2012-03-19 00:00:00-04:00,23.507856369018555,37.1068000793457,-0.5360287154282953,3.617545988832312,1.073,False,False,0.0,False,False,-1.0,-1.0,-0.004957448654198956,0.004957448654198956,2.976127220931417
2012-03-20 00:00:00-04:00,23.562570571899414,37.343238830566406,-0.5355616900617917,3.562962471420146,0.849,False,False,0.0,False,False,-1.0,-1.0,-0.0012530024685559445,0.0012530024685559445,2.9773802233999733
2012-03-21 00:00:00-04:00,23.555734634399414,37.747318267822266,-0.5347422162919321,3.3706500047872012,0.184,False,False,0.0,False,False,-1.0,-1.0,-0.004396636136881249,0.004396636136881249,2.9817768595368546
2012-03-22 00:00:00-04:00,23.589921951293945,37.72152328491211,-0.5338937681493413,3.450635744379099,0.459,False,True,0.0,False,False,-1.0,-1.0,0.0018291147487170512,-0.0018291147487170512,2.9799477447881375
2012-03-23 00:00:00-04:00,23.596759796142578,36.986446380615234,-0.5336480070705835,3.8590163965042628,1.703,False,False,0.0,True,False,-1.0,-1.0,0.009423914479419353,-0.009423914479419353,2.9705238303087182
2012-03-26 00:00:00-04:00,23.97978401184082,39.084232330322266,-0.5326082224377261,3.163200505044774,-0.517,False,False,0.0,False,True,0.0,0.0,-0.015532864158461173,0.015532864158461173,2.9860566944671794
2012-03-27 00:00:00-04:00,24.096065521240234,39.13151931762695,-0.5314390541580177,3.3000479073143687,-0.138,False,False,0.0,False,False,0.0,0.0,0.003048363825255323,0.0,2.9860566944671794
2012-03-28 00:00:00-04:00,23.884037017822266,39.24757385253906,-0.5298969577140927,3.0868670357026424,-0.868,False,False,0.0,False,True,0.0,0.0,-0.0047711529281651574,-0.0,2.9860566944671794
2012-03-29 00:00:00-04:00,23.966106414794922,39.178802490234375,-0.5284643649712931,3.261505436457494,-0.284,False,False,0.0,False,False,0.0,0.0,0.003909461276668751,0.0,2.9860566944671794
2012-03-30 00:00:00-04:00,24.06186294555664,38.92947006225586,-0.5274800432136475,3.5273443948335235,0.587,False,True,0.0,False,False,0.0,0.0,0.0059609983917239115,0.0,2.9860566944671794
2012-04-02 00:00:00-04:00,24.205488204956055,39.488311767578125,-0.5265139961509647,3.4143393749533324,0.159,False,False,0.0,False,False,0.0,0.0,-0.00251141034811991,-0.0,2.9860566944671794
2012-04-03 00:00:00-04:00,24.19181251525879,39.93109130859375,-0.5252620205819755,3.217526810463479,-0.561,False,False,0.0,False,True,0.0,0.0,-0.004357528594366542,-0.0,2.9860566944671794
2012-04-04 00:00:00-04:00,24.055023193359375,39.81930923461914,-0.5238615202898267,3.1952193208210566,-0.626,False,False,0.0,False,False,0.0,0.0,-0.0004966620401252655,-0.0,2.9860566944671794
2012-04-05 00:00:00-04:00,23.97294807434082,40.128822326660156,-0.5221397718611485,3.0200939396419244,-1.177,False,False,0.0,False,False,0.0,0.0,-0.0038981024838304276,-0.0,2.9860566944671794
2012-04-09 00:00:00-04:00,23.97978401184082,39.986976623535156,-0.5205077986817953,3.1662508335841295,-0.624,False,False,0.0,False,False,0.0,0.0,0.0032629173972968475,0.0,2.9860566944671794
2012-04-10 00:00:00-04:00,23.658315658569336,39.049842834472656,-0.519240083241246,3.3820720146401797,0.14,False,False,0.0,False,False,0.0,0.0,0.0049123328988024415,0.0,2.9860566944671794
2012-04-11 00:00:00-04:00,23.726713180541992,39.67746353149414,-0.5178215485787812,3.18086757098558,-0.542,False,False,0.0,False,True,0.0,0.0,-0.004544676186631423,-0.0,2.9860566944671794
2012-04-12 00:00:00-04:00,23.931915283203125,42.10625076293945,-0.5149441750404948,2.249546720033063,-3.111,True,False,1.0,False,False,0.0,1.0,-0.020417307308586992,-0.0,2.9860566944671794
2012-04-13 00:00:00-04:00,23.83614730834961,42.29108810424805,-0.5114168399240903,2.207772673123788,-2.742,False,False,1.0,False,False,0.0,1.0,-0.0009188273652391929,-0.0009188273652391929,2.9851378671019404
2012-04-16 00:00:00-04:00,24.171295166015625,42.132057189941406,-0.5084461666864784,2.7494121931744395,-1.368,False,False,1.0,False,False,0.0,1.0,0.011879836900183951,0.011879836900183951,2.997017704002124
2012-04-17 00:00:00-04:00,24.33545684814453,42.61351013183594,-0.5057582257805691,2.7833235695848835,-1.262,False,False,1.0,False,False,0.0,1.0,0.0007390097478819071,0.0007390097478819071,2.997756713750006
2012-04-18 00:00:00-04:00,24.321773529052734,42.841331481933594,-0.5031676146829075,2.765402957448458,-1.249,False,False,1.0,False,False,0.0,1.0,-0.00039061327539987884,-0.00039061327539987884,2.997366100474606
2012-04-19 00:00:00-04:00,24.23284912109375,42.506019592285156,-0.5008884835339749,2.942073426448612,-0.819,False,False,1.0,False,False,0.0,1.0,0.003880852408287875,0.003880852408287875,3.001246952882894
2012-04-20 00:00:00-04:00,24.540639877319336,42.75536346435547,-0.49911775140068815,3.2006790046710982,-0.166,False,False,1.0,False,False,0.0,1.0,0.005636490673515623,0.005636490673515623,3.0068834435564096
2012-04-23 00:00:00-04:00,24.369640350341797,42.73386764526367,-0.4974259447233301,3.112705865214764,-0.386,False,False,1.0,False,True,0.0,1.0,-0.0019281118465185878,-0.0019281118465185878,3.004955331709891
2012-04-24 00:00:00-04:00,24.513280868530273,41.667789459228516,-0.49679289882092376,3.8130189556202083,1.328,False,True,0.0,False,False,0.0,0.0,0.015489011639515124,0.015489011639515124,3.020444343349406
2012-04-25 00:00:00-04:00,24.73898696899414,41.908504486083984,-0.49673377850395795,3.92161718417157,1.493,False,False,0.0,False,False,0.0,0.0,0.002383821628630635,0.0,3.020444343349406
2012-04-26 00:00:00-04:00,24.875782012939453,41.92139434814453,-0.49706947326913203,4.037936605599683,1.658,False,False,0.0,True,False,-1.0,-1.0,0.0025445239853469103,0.0,3.020444343349406
2012-04-27 00:00:00-04:00,25.026254653930664,42.76395797729492,-0.4971655950652918,3.765486038801704,1.017,False,False,0.0,False,False,-1.0,-1.0,-0.005886111215540121,0.005886111215540121,3.0263304545649463
2012-04-30 00:00:00-04:00,25.197242736816406,42.30400466918945,-0.4977123831301413,4.142015756965499,1.803,False,False,0.0,True,False,-1.0,-1.0,0.008140748385336715,-0.008140748385336715,3.0181897061796095
2012-05-01 00:00:00-04:00,25.08780860900879,42.29108810424805,-0.4982527538342239,4.016157498421411,1.471,False,False,0.0,False,False,-1.0,-1.0,-0.0027265973065680733,0.0027265973065680733,3.0209163034861777
2012-05-02 00:00:00-04:00,24.930500030517578,42.88862609863281,-0.498139724855877,3.565971626298044,0.496,False,False,0.0,False,False,-1.0,-1.0,-0.009724281145177422,0.009724281145177422,3.030640584631355
2012-05-03 00:00:00-04:00,24.7937068939209,42.54901885986328,-0.4978373136130941,3.611217647853689,0.587,False,False,0.0,False,False,-1.0,-1.0,0.0009841184211473275,-0.0009841184211473275,3.0296564662102075
2012-05-04 00:00:00-04:00,24.90998077392578,41.47434616088867,-0.498367139595813,4.240529511117103,1.843,False,False,0.0,True,False,-1.0,-1.0,0.01380692639513858,-0.01380692639513858,3.015849539815069
2012-05-07 00:00:00-04:00,24.814224243164062,41.26368713378906,-0.49918428651826025,4.216040022170855,1.685,False,False,0.0,False,False,-1.0,-1.0,-0.0005392686663068483,0.0005392686663068483,3.0163888084813757
2012-05-08 00:00:00-04:00,25.10832405090332,41.19062042236328,-0.5005096353360947,4.492021644038779,2.037,False,False,0.0,False,False,-1.0,-1.0,0.0060357326729137085,-0.0060357326729137085,3.010353075808462
2012-05-09 00:00:00-04:00,25.101482391357422,41.568912506103516,-0.5016831347036866,4.247060059072126,1.481,False,False,0.0,False,False,-1.0,-1.0,-0.005330361494126535,0.005330361494126535,3.0156834373025885
2012-05-10 00:00:00-04:00,25.43939208984375,41.964385986328125,-0.502924042540203,4.334493446882167,1.532,False,False,0.0,True,False,-1.0,-1.0,0.0018784986608124648,-0.0018784986608124648,3.0138049386417762
2012-05-11 00:00:00-04:00,25.653169631958008,42.40286636352539,-0.5041095956408584,4.277477815427865,1.381,False,False,0.0,False,False,-1.0,-1.0,-0.0012123540672306643,0.0012123540672306643,3.015017292709007
2012-05-14 00:00:00-04:00,25.687652587890625,42.192222595214844,-0.50539574609965,4.363882769779508,1.425,False,False,0.0,False,False,-1.0,-1.0,0.0018379566056399952,-0.0018379566056399952,3.013179336103367
2012-05-15 00:00:00-04:00,25.632474899291992,41.77524948120117,-0.5068547444051623,4.458491501035883,1.474,False,False,0.0,False,False,-1.0,-1.0,0.0020212751551281424,-0.0020212751551281424,3.011158060948239
2012-05-16 00:00:00-04:00,25.742820739746094,42.21371841430664,-0.5081435867349976,4.292190455279101,1.139,False,False,0.0,False,False,-1.0,-1.0,-0.003523816168295463,0.003523816168295463,3.0146818771165345
2012-05-17 00:00:00-04:00,25.50145721435547,41.016231536865234,-0.5097908469753571,4.591757799439588,1.497,False,False,0.0,False,False,-1.0,-1.0,0.006454640778582761,-0.006454640778582761,3.0082272363379516
2012-05-18 00:00:00-04:00,25.315265655517578,39.56889724731445,-0.51222313440286,5.047161082633469,1.985,False,False,0.0,True,False,-1.0,-1.0,0.009990557541314322,-0.009990557541314322,2.998236678796637
2012-05-21 00:00:00-04:00,25.384231567382812,40.43901824951172,-0.5143135509522436,4.585896494453856,1.252,False,False,0.0,False,False,-1.0,-1.0,-0.00998785086528702,0.00998785086528702,3.0082245296619243
2012-05-22 00:00:00-04:00,25.666967391967773,41.688201904296875,-0.5156788399551289,4.169243794144766,0.636,False,False,0.0,False,False,-1.0,-1.0,-0.008833996185817861,0.008833996185817861,3.0170585258477423
2012-05-23 00:00:00-04:00,25.54283332824707,42.20510482788086,-0.5161660020974355,3.757993101136634,0.044,False,False,0.0,False,False,-1.0,-1.0,-0.008689433942429185,0.008689433942429185,3.0257479597901713
2012-05-24 00:00:00-04:00,25.72212791442871,42.773704528808594,-0.5161449606839761,3.64469587209879,-0.142,False,False,0.0,False,False,-1.0,-1.0,-0.0023702567375167715,0.0023702567375167715,3.028118216527688
2012-05-25 00:00:00-04:00,25.860044479370117,42.91154861450195,-0.5160288044277814,3.716449351684055,-0.064,False,False,0.0,False,False,-1.0,-1.0,0.001494750818325821,-0.001494750818325821,3.026623465709362
2012-05-29 00:00:00-04:00,25.94969367980957,39.83165740966797,-0.5181574534415101,5.310623510061358,2.009,False,True,0.0,True,False,-1.0,-1.0,0.03421799650072568,-0.03421799650072568,2.992405469208636
2012-05-30 00:00:00-04:00,25.618694305419922,38.560951232910156,-0.5214365558283687,5.511604705065562,2.061,False,False,0.0,False,False,-1.0,-1.0,0.0043953581073286644,-0.0043953581073286644,2.9880101111013078
2012-05-31 00:00:00-04:00,26.09450912475586,39.34923553466797,-0.525073640994687,5.433262752210229,1.87,False,False,0.0,False,False,-1.0,-1.0,-0.0016755574158106355,0.0016755574158106355,2.9896856685171187
2012-06-01 00:00:00-04:00,26.060033798217773,38.591094970703125,-0.5291477847752508,5.6396413824188905,2.043,False,False,0.0,False,False,-1.0,-1.0,0.0044401191430216615,-0.0044401191430216615,2.985245549374097
2012-06-04 00:00:00-04:00,26.066932678222656,36.78193283081055,-0.5344848255724434,6.407547724929554,2.69,False,False,0.0,False,False,-1.0,-1.0,0.016793531215411113,-0.016793531215411113,2.9684520181586858
2012-06-05 00:00:00-04:00,26.12209129333496,37.73820495605469,-0.5394447406544092,5.7644151080531,1.794,False,False,0.0,False,False,-1.0,-1.0,-0.013836829480102905,0.013836829480102905,2.982288847638789
2012-06-06 00:00:00-04:00,26.46000099182129,38.28094482421875,-0.544085020722718,5.631912333851005,1.557,False,False,0.0,False,False,-1.0,-1.0,-0.0028020327144401575,0.0028020327144401575,2.985090880353229
2012-06-07 00:00:00-04:00,26.45310401916504,37.673587799072266,-0.5488092324931813,5.777491213891711,1.642,False,False,0.0,False,False,-1.0,-1.0,0.0030889633720139055,-0.0030889633720139055,2.982001916981215
2012-06-08 00:00:00-04:00,26.618606567382812,37.776973724365234,-0.5534856688067821,5.709593000056287,1.472,False,False,0.0,False,False,-1.0,-1.0,-0.001428605380260512,0.001428605380260512,2.9834305223614757
2012-06-11 00:00:00-04:00,26.591022491455078,36.91976547241211,-0.5585217454965178,5.970530636481396,1.694,False,False,0.0,True,False,-1.0,-1.0,0.0055269914561604525,-0.0055269914561604525,2.9779035309053152
2012-06-12 00:00:00-04:00,26.8048038482666,37.871742248535156,-0.5630258839199846,5.4820326931952685,1.027,False,False,0.0,False,False,-1.0,-1.0,-0.010150063518725947,0.010150063518725947,2.9880535944240414
2012-06-13 00:00:00-04:00,26.825485229492188,36.21333312988281,-0.5684024645599519,6.24173742853624,1.806,False,False,0.0,True,False,-1.0,-1.0,0.016024404673517036,-0.016024404673517036,2.972029189750524
2012-06-14 00:00:00-04:00,26.853073120117188,37.38066864013672,-0.5729990232236469,5.433986501872038,0.8,False,False,0.0,False,False,-1.0,-1.0,-0.016733266774104468,0.016733266774104468,2.9887624565246287
2012-06-15 00:00:00-04:00,27.094436645507812,37.867435455322266,-0.5770083037909022,5.244611944520841,0.533,False,False,0.0,False,False,-1.0,-1.0,-0.003869188177354309,0.003869188177354309,2.9926316447019827
2012-06-18 00:00:00-04:00,27.066852569580078,38.733245849609375,-0.5798480064408759,4.607457180699754,-0.256,False,False,0.0,False,True,0.0,0.0,-0.012864991597091983,0.012864991597091983,3.005496636299075
2012-06-19 00:00:00-04:00,26.91514015197754,39.172607421875,-0.5815071287820347,4.135989683177186,-0.838,False,False,0.0,False,False,0.0,0.0,-0.009487357433480304,-0.0,3.005496636299075
2012-06-20 00:00:00-04:00,26.632402420043945,38.991695404052734,-0.5823638272240822,3.9250494545841406,-1.13,False,False,0.0,False,False,0.0,0.0,-0.0042752589052158325,-0.0,3.005496636299075
2012-06-21 00:00:00-04:00,26.473806381225586,37.94926071166992,-0.5834857445947373,4.330953738057051,-0.67,False,False,0.0,False,False,0.0,0.0,0.008349078106523982,0.0,3.005496636299075
2012-06-22 00:00:00-04:00,26.618606567382812,37.3289909362793,-0.5853583790777058,4.767768940315992,-0.13,False,False,0.0,False,False,0.0,0.0,0.009012176836741242,0.0,3.005496636299075
2012-06-25 00:00:00-04:00,26.6944637298584,37.294517517089844,-0.5875644111590139,4.7815325054699755,-0.136,False,False,0.0,False,False,0.0,0.0,0.0002831578439235122,0.0,3.005496636299075
2012-06-26 00:00:00-04:00,26.901338577270508,37.3591423034668,-0.5900261185432792,4.85846885184997,-0.049,False,False,0.0,False,False,0.0,0.0,0.0015719193148286085,0.0,3.005496636299075
2012-06-27 00:00:00-04:00,27.294418334960938,35.786895751953125,-0.5942996858806283,6.026277430932403,1.392,False,True,0.0,False,False,0.0,0.0,0.02404750897363813,0.0,3.005496636299075
2012-06-28 00:00:00-04:00,27.253034591674805,35.2441520690918,-0.5994783057737766,6.124930020862312,1.419,False,False,0.0,False,False,0.0,0.0,0.0020390712504429814,0.0,3.005496636299075
2012-06-29 00:00:00-04:00,27.287525177001953,35.77828598022461,-0.6043859649219905,5.66363128158898,0.788,False,False,0.0,False,False,0.0,0.0,-0.009431309661867794,-0.0,3.005496636299075
2012-07-02 00:00:00-04:00,27.687498092651367,36.14011764526367,-0.6092072226720112,5.67067739494054,0.75,False,False,0.0,False,False,0.0,0.0,0.0001417605858613293,0.0,3.005496636299075
2012-07-03 00:00:00-04:00,27.542673110961914,35.86012649536133,-0.6137904380543975,5.532070360687978,0.537,False,False,0.0,False,False,0.0,0.0,-0.002797131609234143,-0.0,3.005496636299075
2012-07-05 00:00:00-04:00,27.501296997070312,36.2176513671875,-0.617690578451498,5.129994973917579,-0.008,False,False,0.0,False,False,0.0,0.0,-0.008062049996779987,-0.0,3.005496636299075
2012-07-06 00:00:00-04:00,27.5909481048584,36.157344818115234,-0.6212989639020645,5.126427231913723,-0.033,False,False,0.0,False,False,0.0,0.0,-7.127576819703986e-05,-0.0,3.005496636299075
2012-07-09 00:00:00-04:00,27.549570083618164,36.368408203125,-0.6243666473461013,4.842348984518562,-0.396,False,False,0.0,False,True,0.0,0.0,-0.005652534527370497,-0.0,3.005496636299075
2012-07-10 00:00:00-04:00,27.63922691345215,36.01087951660156,-0.6275013572812131,5.042351139894432,-0.154,False,False,0.0,False,False,0.0,0.0,0.003981243461937322,0.0,3.005496636299075
2012-07-11 00:00:00-04:00,27.77713966369629,34.45155715942383,-0.6320783413036407,6.001056559040109,1.048,False,True,0.0,False,False,0.0,0.0,0.019346984223959713,0.0,3.005496636299075
2012-07-12 00:00:00-04:00,27.908164978027344,35.69213104248047,-0.6361183846820357,5.203744233425123,-0.073,False,False,0.0,False,False,0.0,0.0,-0.01575324228610783,-0.0,3.005496636299075
2012-07-13 00:00:00-04:00,28.211585998535156,34.89523696899414,-0.6408818000116874,5.847863718011812,0.807,False,True,0.0,False,False,0.0,0.0,0.012735848905411351,0.0,3.005496636299075
2012-07-16 00:00:00-04:00,28.087459564208984,34.71432113647461,-0.6457032931456409,5.672308087072,0.498,False,False,0.0,False,False,0.0,0.0,-0.0034761693963919218,-0.0,3.005496636299075
2012-07-17 00:00:00-04:00,28.163320541381836,33.84421157836914,-0.6512208069129225,6.123265767984609,1.193,False,False,0.0,False,False,0.0,0.0,0.008982616767997552,0.0,3.005496636299075
2012-07-18 00:00:00-04:00,28.466739654541016,34.25771713256836,-0.6568316915162851,5.965185362869722,0.899,False,False,0.0,False,False,0.0,0.0,-0.0031015439771578833,-0.0,3.005496636299075
2012-07-19 00:00:00-04:00,28.411582946777344,35.020164489746094,-0.6614310765045512,5.248157848958126,-0.264,False,False,0.0,False,True,0.0,0.0,-0.01390261564848593,-0.0,3.005496636299075
2012-07-20 00:00:00-04:00,28.383987426757812,33.5900764465332,-0.6666828039708628,5.990061075787423,0.92,False,True,0.0,False,False,0.0,0.0,0.014610746516228576,0.0,3.005496636299075
2012-07-23 00:00:00-04:00,28.1219425201416,34.76170349121094,-0.6704863642117234,4.814694332513611,-0.927,False,False,0.0,False,True,0.0,0.0,-0.022854078143139937,-0.0,3.005496636299075
2012-07-24 00:00:00-04:00,27.93575096130371,33.904502868652344,-0.6740470152452155,5.082521999315752,-0.451,False,False,0.0,False,False,0.0,0.0,0.005273342114896782,0.0,3.005496636299075
2012-07-25 00:00:00-04:00,27.570262908935547,34.050960540771484,-0.6766746391011682,4.528841473960885,-1.288,False,False,0.0,False,False,0.0,0.0,-0.010939776704378502,-0.0,3.005496636299075
2012-07-26 00:00:00-04:00,27.942642211914062,39.887657165527344,-0.6735988330206057,1.0743628932888427,-4.335,True,False,1.0,False,False,0.0,1.0,-0.06302536947398872,-0.0,3.005496636299075
2012-07-27 00:00:00-04:00,28.211585998535156,39.60335922241211,-0.6689789134030514,1.7177737788151894,-3.007,False,False,1.0,False,False,0.0,1.0,0.0117613783370951,0.0117613783370951,3.01725801463617
2012-07-30 00:00:00-04:00,28.29433822631836,39.59044647216797,-0.6641479743093409,2.0004233998256105,-2.419,False,False,1.0,False,False,0.0,1.0,0.005177846976289444,0.005177846976289444,3.0224358616124594
2012-07-31 00:00:00-04:00,28.094356536865234,39.14244842529297,-0.6596760572850177,2.2730204871858213,-1.989,False,False,1.0,False,False,0.0,1.0,0.005055987863322763,0.005055987863322763,3.027491849475782
2012-08-01 00:00:00-04:00,27.770238876342773,37.94926071166992,-0.6562903935941108,2.864503627275397,-1.435,False,False,1.0,False,False,0.0,1.0,0.011228708152247583,0.011228708152247583,3.0387205576280296
2012-08-02 00:00:00-04:00,27.53577423095703,38.47478485107422,-0.65269541195017,2.4234586828909848,-1.636,True,False,1.0,False,False,0.0,1.0,-0.008377225958920558,-0.008377225958920558,3.030343331669109
2012-08-03 00:00:00-04:00,27.825414657592773,38.9615364074707,-0.6491796742678073,2.5323771436176266,-1.453,False,False,1.0,False,False,0.0,1.0,0.0020504825775955362,0.0020504825775955362,3.032393814246704
2012-08-06 00:00:00-04:00,27.859895706176758,38.82368850708008,-0.6460798829433826,2.7766915800921126,-1.213,False,False,1.0,False,False,0.0,1.0,0.00461466059313759,0.00461466059313759,3.037008474839842
2012-08-07 00:00:00-04:00,27.466829299926758,39.23291778564453,-0.6423855849293862,2.2641684597089764,-1.478,False,False,1.0,False,False,0.0,1.0,-0.009730929975198156,-0.009730929975198156,3.027277544864644
2012-08-08 00:00:00-04:00,27.384063720703125,39.83165740966797,-0.6380012614840941,1.971416046332699,-1.574,True,False,1.0,False,False,0.0,1.0,-0.005544898643130148,-0.005544898643130148,3.0217326462215137
2012-08-09 00:00:00-04:00,27.142711639404297,39.46121597290039,-0.6336011449251066,2.1400400188377056,-1.381,False,False,1.0,False,False,0.0,1.0,0.0032337277427673975,0.0032337277427673975,3.024966373964281
2012-08-10 00:00:00-04:00,27.281686782836914,38.957244873046875,-0.630102331473764,2.734635960535737,-0.96,False,False,1.0,False,False,0.0,1.0,0.011472321518382608,0.011472321518382608,3.0364386954826634
2012-08-13 00:00:00-04:00,27.09406089782715,39.16399383544922,-0.626705077574374,2.5497871030596393,-1.018,False,False,1.0,False,False,0.0,1.0,-0.0035796827797896936,-0.0035796827797896936,3.0328590127028736
2012-08-14 00:00:00-04:00,27.09406089782715,38.909847259521484,-0.6237669555599002,2.8233839314547033,-0.809,False,False,1.0,False,False,0.0,1.0,0.0053265496870326026,0.0053265496870326026,3.038185562389906
2012-08-15 00:00:00-04:00,27.0593204498291,38.8107795715332,-0.6212117876922049,2.9496066904688547,-0.687,False,False,1.0,False,False,0.0,1.0,0.0024667801721276823,0.0024667801721276823,3.040652342562034
2012-08-16 00:00:00-04:00,26.78136444091797,39.8382568359375,-0.6176544095548099,2.1750894372241234,-1.094,False,False,1.0,False,False,0.0,1.0,-0.015072053544696191,-0.015072053544696191,3.0255802890173378
2012-08-17 00:00:00-04:00,26.795265197753906,40.47285842895508,-0.6133756471336933,1.9701994675432317,-1.149,False,False,1.0,False,False,0.0,1.0,-0.003969171952167696,-0.003969171952167696,3.02161111706517
2012-08-20 00:00:00-04:00,26.850847244262695,40.55488967895508,-0.6090785151107075,2.149735258126178,-0.98,False,False,1.0,False,False,0.0,1.0,0.003482618182958939,0.003482618182958939,3.025093735248129
2012-08-21 00:00:00-04:00,26.746625900268555,40.61100769042969,-0.6048358495003646,2.1836325647616732,-0.905,False,False,1.0,False,False,0.0,1.0,0.0006606423345246834,0.0006606423345246834,3.0257543775826536
2012-08-22 00:00:00-04:00,26.90644073486328,41.5521354675293,-0.6002869147407512,1.963237534170375,-0.981,False,False,1.0,False,False,0.0,1.0,-0.004250656588215471,-0.004250656588215471,3.021503720994438
2012-08-23 00:00:00-04:00,26.545087814331055,41.439903259277344,-0.5954912040323539,1.867989927479723,-0.98,False,False,1.0,False,False,0.0,1.0,-0.0018594990703111169,-0.0018594990703111169,3.019644221924127
2012-08-24 00:00:00-04:00,26.670181274414062,41.508975982666016,-0.5910089697285946,2.138004144409642,-0.767,False,False,1.0,False,False,0.0,1.0,0.0052734722646412,0.0052734722646412,3.024917694188768
2012-08-27 00:00:00-04:00,26.684083938598633,41.77662658691406,-0.5867154539740479,2.173091505153071,-0.699,False,False,1.0,False,False,0.0,1.0,0.0006853659224657144,0.0006853659224657144,3.025603060111234
2012-08-28 00:00:00-04:00,26.586788177490234,41.74641799926758,-0.582645059877591,2.263443962632035,-0.599,False,False,1.0,False,False,0.0,1.0,0.0017747441075706932,0.0017747441075706932,3.027377804218805
2012-08-29 00:00:00-04:00,26.586788177490234,41.46147537231445,-0.579135902807428,2.5749592060169633,-0.356,False,False,1.0,False,False,0.0,1.0,0.006156595988934244,0.006156595988934244,3.033534400207739
2012-08-30 00:00:00-04:00,26.482555389404297,41.2197265625,-0.5760960653677495,2.736033101213536,-0.199,False,False,1.0,False,False,0.0,1.0,0.003206785842862903,0.003206785842862903,3.0367411860506017
2012-08-31 00:00:00-04:00,26.378314971923828,41.2197265625,-0.5732659280185765,2.7484501714003002,-0.138,False,False,1.0,False,False,0.0,1.0,0.00024830078285723614,0.00024830078285723614,3.036989486833459
2012-09-04 00:00:00-04:00,26.670181274414062,42.903385162353516,-0.5697446392049924,2.226207574416133,-0.482,False,False,1.0,False,True,0.0,1.0,-0.010217181468530677,-0.010217181468530677,3.0267723053649283
2012-09-05 00:00:00-04:00,26.649320602416992,42.4112434387207,-0.5665449155164144,2.621446271480888,-0.091,False,False,1.0,False,False,0.0,1.0,0.007799143136958232,0.007799143136958232,3.0345714485018864
2012-09-06 00:00:00-04:00,26.81610679626465,43.55095291137695,-0.5629963215598909,2.2970805067314046,-0.336,False,False,1.0,False,True,0.0,1.0,-0.006318592068464333,-0.006318592068464333,3.028252856433422
2012-09-07 00:00:00-04:00,26.510353088378906,43.434391021728516,-0.5592153711500373,2.2211739924871488,-0.371,False,False,1.0,False,False,0.0,1.0,-0.0014942364817241217,-0.0014942364817241217,3.026758619951698
2012-09-10 00:00:00-04:00,26.31577491760254,43.32216262817383,-0.5554050896334153,2.2544252999882595,-0.274,False,False,1.0,False,False,0.0,1.0,0.0006600477460333397,0.0006600477460333397,3.0274186676977313
2012-09-11 00:00:00-04:00,26.31577491760254,42.85590744018555,-0.5521740305475945,2.6518557735806425,0.508,False,True,0.0,False,False,0.0,0.0,0.007951838862846089,0.007951838862846089,3.0353705065605774
2012-09-12 00:00:00-04:00,26.010026931762695,42.52348327636719,-0.5491833695153974,2.6568371025157127,0.863,False,False,0.0,False,False,0.0,0.0,0.00010091175701103775,0.0,3.0353705065605774
2012-09-13 00:00:00-04:00,26.25324058532715,42.19538879394531,-0.5470324141622194,3.170995186861788,2.264,False,False,0.0,True,False,-1.0,-1.0,0.010421668583846204,0.0,3.0353705065605774
2012-09-14 00:00:00-04:00,25.96832275390625,41.87593078613281,-0.5451640390740414,3.1390711865530854,2.035,False,False,0.0,False,False,-1.0,-1.0,-0.0006542128528465456,0.0006542128528465456,3.036024719413424
2012-09-17 00:00:00-04:00,25.815448760986328,42.251502990722656,-0.5430196810870982,2.8720510815135363,1.201,False,False,0.0,False,False,-1.0,-1.0,-0.005476341721201614,0.005476341721201614,3.0415010611346256
2012-09-18 00:00:00-04:00,25.620872497558594,41.828433990478516,-0.5409472537921525,2.9938959999829144,1.445,False,False,0.0,False,False,-1.0,-1.0,0.0025253958675269866,-0.0025253958675269866,3.0389756652670985
2012-09-19 00:00:00-04:00,25.613935470581055,41.858646392822266,-0.5389867858996447,3.052678189204027,1.56,False,False,0.0,True,False,-1.0,-1.0,0.001220175485830791,-0.001220175485830791,3.0377554897812677
2012-09-20 00:00:00-04:00,25.565290451049805,41.854339599609375,-0.5371159259647027,3.0846580813644913,1.535,False,False,0.0,False,False,-1.0,-1.0,0.0006656109464227598,-0.0006656109464227598,3.037089878834845
2012-09-21 00:00:00-04:00,25.523597717285156,42.031341552734375,-0.5351985787338863,3.0284834559831815,1.313,False,False,0.0,False,False,-1.0,-1.0,-0.001169848649967113,0.001169848649967113,3.038259727484812
2012-09-24 00:00:00-04:00,25.836299896240234,41.98815155029297,-0.5338288015119347,3.421815276445855,2.116,False,False,0.0,True,False,-1.0,-1.0,0.008151822284505289,-0.008151822284505289,3.030107905200307
2012-09-25 00:00:00-04:00,25.989173889160156,41.850013732910156,-0.5330444375737572,3.681256856447046,2.4,False,False,0.0,False,False,-1.0,-1.0,0.0053717848228347935,-0.0053717848228347935,3.024736120377472
2012-09-26 00:00:00-04:00,26.2045955657959,41.970890045166016,-0.5327229274177908,3.8457401546048438,2.444,False,False,0.0,False,False,-1.0,-1.0,0.003386977137101364,-0.003386977137101364,3.0213491432403705
2012-09-27 00:00:00-04:00,25.98223114013672,43.132198333740234,-0.5314495059661355,3.059645644437097,0.816,False,False,0.0,False,False,-1.0,-1.0,-0.016073969073870615,0.016073969073870615,3.037423112314241
2012-09-28 00:00:00-04:00,26.176795959472656,42.69184875488281,-0.5304854725110398,3.5293904003688006,1.643,False,False,0.0,True,False,-1.0,-1.0,0.009621145688434373,-0.009621145688434373,3.0278019666258067
2012-10-01 00:00:00-04:00,26.06561851501465,42.303306579589844,-0.5298191333839797,3.6525172837395523,1.732,False,False,0.0,False,False,-1.0,-1.0,0.0025398130151771405,-0.0025398130151771405,3.0252621536106297
2012-10-02 00:00:00-04:00,26.037822723388672,42.34648513793945,-0.5292307421340392,3.6267609670689147,1.577,False,False,0.0,False,False,-1.0,-1.0,-0.0005316183632963722,0.0005316183632963722,3.025793771973926
2012-10-03 00:00:00-04:00,26.19764518737793,42.03996658325195,-0.5291395236633053,3.9526372946947177,1.974,False,False,0.0,False,False,-1.0,-1.0,0.006727053679063105,-0.006727053679063105,3.0190667182948627
2012-10-04 00:00:00-04:00,26.357467651367188,42.91202163696289,-0.5288269018235882,3.664436198105321,1.399,False,False,0.0,False,False,-1.0,-1.0,-0.005875599674829779,0.005875599674829779,3.0249423179696926
2012-10-05 00:00:00-04:00,26.475595474243164,44.228755950927734,-0.52766986843587,3.1374136405349233,0.495,False,False,0.0,False,False,-1.0,-1.0,-0.010579855334244504,0.010579855334244504,3.0355221733039373
2012-10-08 00:00:00-04:00,26.545087814331055,43.818626403808594,-0.526665437909112,3.4673317507934236,0.989,False,False,0.0,False,False,-1.0,-1.0,0.006648512750911492,-0.006648512750911492,3.028873660553026
2012-10-09 00:00:00-04:00,26.538145065307617,42.62278366088867,-0.5266166578592326,4.092277185153318,1.88,False,False,0.0,True,False,-1.0,-1.0,0.012758151012570149,-0.012758151012570149,3.0161155095404557
2012-10-10 00:00:00-04:00,26.510353088378906,42.39397430419922,-0.5270386258394192,4.167091127222104,1.865,False,False,0.0,False,False,-1.0,-1.0,0.0015313900924819553,-0.0015313900924819553,3.014584119447974
2012-10-11 00:00:00-04:00,26.50340461730957,42.06155776977539,-0.5278322310161353,4.301958739674966,1.949,False,False,0.0,False,False,-1.0,-1.0,0.0027690796929324647,-0.0027690796929324647,3.0118150397550414
2012-10-12 00:00:00-04:00,26.517292022705078,41.95362854003906,-0.5288107739208427,4.3317612456594645,1.854,False,False,0.0,False,False,-1.0,-1.0,0.0006119256394446896,-0.0006119256394446896,3.0112031141155966
2012-10-15 00:00:00-04:00,26.72576332092285,41.83274841308594,-0.530167649516243,4.547393421952737,2.016,False,False,0.0,False,False,-1.0,-1.0,0.004409283266993043,-0.004409283266993043,3.0067938308486037
2012-10-16 00:00:00-04:00,26.871707916259766,41.362186431884766,-0.5321170307517296,4.862184086725769,2.251,False,False,0.0,False,False,-1.0,-1.0,0.006439908601528222,-0.006439908601528222,3.0003539222470756
2012-10-17 00:00:00-04:00,26.98287582397461,41.53919219970703,-0.5341987553228194,4.792691053775748,1.963,False,False,0.0,False,False,-1.0,-1.0,-0.0014132338339390494,0.0014132338339390494,3.001767156081015
2012-10-18 00:00:00-04:00,26.941186904907227,41.444217681884766,-0.5362258648567042,4.717725435129054,1.716,False,False,0.0,False,False,-1.0,-1.0,-0.001524787039569126,0.001524787039569126,3.003291943120584
2012-10-19 00:00:00-04:00,26.75356674194336,40.56783676147461,-0.5385000379448329,4.907785106549493,1.805,False,False,0.0,False,False,-1.0,-1.0,0.003910745262359677,-0.003910745262359677,2.999381197858224
2012-10-22 00:00:00-04:00,26.52424430847168,40.796630859375,-0.540270439019188,4.483030643573393,1.208,False,False,0.0,False,False,-1.0,-1.0,-0.008746019922410841,0.008746019922410841,3.008127217780635
2012-10-23 00:00:00-04:00,26.31577491760254,41.08589172363281,-0.5412692388004868,4.077245578912585,0.644,False,False,0.0,False,False,-1.0,-1.0,-0.008357344850806291,0.008357344850806291,3.016484562631441
2012-10-24 00:00:00-04:00,26.12816047668457,41.081573486328125,-0.5416795972464765,3.875110296358823,0.336,False,False,0.0,False,False,-1.0,-1.0,-0.004177970741302089,0.004177970741302089,3.020662533372743
2012-10-25 00:00:00-04:00,26.267135620117188,40.09727478027344,-0.5427592861743553,4.503967382838997,1.141,False,False,0.0,False,False,-1.0,-1.0,0.013092923341632097,-0.013092923341632097,3.007569610031111
2012-10-26 00:00:00-04:00,26.322729110717773,39.75189971923828,-0.5443571056929405,4.683500033757209,1.346,False,False,0.0,False,False,-1.0,-1.0,0.0037432302120711707,-0.0037432302120711707,3.00382637981904
2012-10-31 00:00:00-04:00,26.73271942138672,41.52622985839844,-0.5453132335192552,4.087916741439624,0.428,False,False,0.0,False,False,-1.0,-1.0,-0.012061830301960345,0.012061830301960345,3.015888210121
2012-11-01 00:00:00-04:00,26.65627670288086,41.858646392822266,-0.5456260493778312,3.8171088392616426,-0.04,False,False,0.0,False,False,-1.0,-1.0,-0.005471370235176596,0.005471370235176596,3.021359580356177
2012-11-02 00:00:00-04:00,26.545087814331055,40.82685852050781,-0.5462961066651445,4.241533957208954,0.599,False,True,0.0,False,False,-1.0,-1.0,0.008688575637413131,-0.008688575637413131,3.0126710047187637
2012-11-05 00:00:00-05:00,25.96137809753418,40.87004089355469,-0.5462368069289089,3.6366574607849387,-0.418,False,False,0.0,False,True,0.0,0.0,-0.01252692829364054,0.01252692829364054,3.025197933012404
2012-11-06 00:00:00-05:00,26.06561851501465,40.55918502807617,-0.5462833362561986,3.908811602044736,-0.017,False,False,0.0,False,False,0.0,0.0,0.0056437256907832765,0.0,3.025197933012404
2012-11-07 00:00:00-05:00,25.655628204345703,39.52310562133789,-0.5465781649991355,4.053161658767824,0.187,False,False,0.0,False,False,0.0,0.0,0.0030545043655895833,0.0,3.025197933012404
2012-11-08 00:00:00-05:00,25.613935470581055,39.717369079589844,-0.5467491030188658,3.898499552046072,-0.144,False,False,0.0,False,False,0.0,0.0,-0.0032677828203168985,-0.0,3.025197933012404
2012-11-09 00:00:00-05:00,25.44578742980957,39.80369567871094,-0.5465717761054897,3.690210787134127,-0.596,False,False,0.0,False,True,0.0,0.0,-0.004412770033342368,-0.0,3.025197933012404
2012-11-12 00:00:00-05:00,25.52985954284668,39.428138732910156,-0.5466678318898913,3.975764426272839,-0.093,False,False,0.0,False,False,0.0,0.0,0.006064776019861759,0.0,3.025197933012404
2012-11-13 00:00:00-05:00,25.747051239013672,39.01799011230469,-0.5474630701263833,4.386142581970482,0.719,False,True,0.0,False,False,0.0,0.0,0.008711439777972497,0.0,3.025197933012404
2012-11-14 00:00:00-05:00,25.55788230895996,37.74877166748047,-0.5491683120025593,4.827453092159676,1.541,False,False,0.0,True,False,-1.0,-1.0,0.009533951350625453,0.0,3.025197933012404
2012-11-15 00:00:00-05:00,25.305662155151367,37.51077651977539,-0.5509689398862128,4.63838938174208,1.086,False,False,0.0,False,False,-1.0,-1.0,-0.0041125003376745505,0.0041125003376745505,3.0293104333500787
2012-11-16 00:00:00-05:00,25.480815887451172,37.71845626831055,-0.5528034548683388,4.6299229500287495,1.034,False,False,0.0,False,False,-1.0,-1.0,-0.00018273514895235206,0.00018273514895235206,3.029493168499031
2012-11-19 00:00:00-05:00,25.690998077392578,38.64877700805664,-0.554145097915396,4.273967757952725,0.223,False,False,0.0,False,False,-1.0,-1.0,-0.007556147098271657,0.007556147098271657,3.0370493155973026
2012-11-20 00:00:00-05:00,25.592910766601562,38.96464920043945,-0.5548509236413619,3.9733391683760786,-0.476,False,False,0.0,False,True,0.0,0.0,-0.006367565832560688,0.006367565832560688,3.0434168814298634
2012-11-21 00:00:00-05:00,25.536867141723633,38.86946487426758,-0.5552702756162354,3.953808667933494,-0.553,False,False,0.0,False,False,0.0,0.0,-0.0004144849591221453,-0.0,3.0434168814298634
2012-11-23 00:00:00-05:00,25.354700088500977,39.25889205932617,-0.5550067523484501,3.565749905856002,-1.388,False,False,0.0,False,False,0.0,0.0,-0.008231411013902784,-0.0,3.0434168814298634
2012-11-26 00:00:00-05:00,25.501834869384766,38.843502044677734,-0.5550174238807899,3.9430144300395362,-0.565,False,False,0.0,False,False,0.0,0.0,0.00801655909184821,0.0,3.0434168814298634
2012-11-27 00:00:00-05:00,25.698001861572266,38.70070266723633,-0.5555138992280735,4.19922362002951,-0.055,False,False,0.0,False,False,0.0,0.0,0.005428531129246763,0.0,3.0434168814298634
2012-11-28 00:00:00-05:00,25.852144241333008,39.250244140625,-0.5559623292630167,4.03048708476906,-0.554,False,False,0.0,False,True,0.0,0.0,-0.0035393975372791167,-0.0,3.0434168814298634
2012-11-29 00:00:00-05:00,26.034290313720703,39.11176300048828,-0.5567269022246933,4.259719657912484,0.046,False,False,0.0,False,False,0.0,0.0,0.004794771690744228,0.0,3.0434168814298634
2012-11-30 00:00:00-05:00,26.29351234436035,38.77859878540039,-0.5581880492464142,4.647761935828342,1.033,False,True,0.0,False,False,0.0,0.0,0.008094456519201388,0.0,3.0434168814298634
2012-12-03 00:00:00-05:00,26.160402297973633,38.41079330444336,-0.5599394447079489,4.652684024291819,1.003,False,False,0.0,False,False,0.0,0.0,0.00010325744762850724,0.0,3.0434168814298634
2012-12-04 00:00:00-05:00,25.93621063232422,36.0828742980957,-0.5631975542912923,5.614424075836592,2.918,False,False,0.0,True,False,-1.0,-1.0,0.02079078451276709,0.0,3.0434168814298634
2012-12-05 00:00:00-05:00,26.48968505859375,36.480953216552734,-0.5673487557545774,5.792261642441606,2.817,False,False,0.0,False,False,-1.0,-1.0,0.0037687744037164478,-0.0037687744037164478,3.039648107026147
2012-12-06 00:00:00-05:00,26.37058448791504,36.606441497802734,-0.5713882379257519,5.454094383753414,2.019,False,False,0.0,False,False,-1.0,-1.0,-0.007151367717402715,0.007151367717402715,3.04679947474355
2012-12-07 00:00:00-05:00,26.475675582885742,37.160301208496094,-0.5748969490278266,5.11233179316628,1.346,False,False,0.0,False,False,-1.0,-1.0,-0.007144013298542711,0.007144013298542711,3.0539434880420924
2012-12-10 00:00:00-05:00,26.3215389251709,36.69731140136719,-0.5781726967758651,5.104155427818728,1.284,False,False,0.0,False,False,-1.0,-1.0,-0.00017199307285261766,0.00017199307285261766,3.054115481114945
2012-12-11 00:00:00-05:00,26.36357307434082,37.32905578613281,-0.58074676995088,4.684844501227982,0.558,False,False,0.0,False,False,-1.0,-1.0,-0.008727952496276186,0.008727952496276186,3.062843433611221
2012-12-12 00:00:00-05:00,26.314529418945312,36.861732482910156,-0.5832195265308965,4.816047253153883,0.768,False,False,0.0,False,False,-1.0,-1.0,0.002744080483057979,-0.002744080483057979,3.0600993531281633
2012-12-13 00:00:00-05:00,26.13237762451172,36.92231369018555,-0.5852239913412038,4.524553837189359,0.229,False,False,0.0,False,False,-1.0,-1.0,-0.006105827108895844,0.006105827108895844,3.066205180237059
2012-12-14 00:00:00-05:00,25.957229614257812,36.809814453125,-0.5867873493444989,4.357696161445766,-0.094,False,False,0.0,False,False,-1.0,-1.0,-0.0035086003542392397,0.0035086003542392397,3.0697137805912984
2012-12-17 00:00:00-05:00,26.39159393310547,37.73146057128906,-0.5879485648858324,4.2074358391696975,-0.349,False,False,0.0,False,True,0.0,0.0,-0.003093319526837611,0.003093319526837611,3.072807100118136
2012-12-18 00:00:00-05:00,26.608781814575195,37.59299087524414,-0.5893072498629577,4.454959747761809,0.109,False,False,0.0,False,False,0.0,0.0,0.0050761011285245265,0.0,3.072807100118136
2012-12-19 00:00:00-05:00,26.335548400878906,38.43675231933594,-0.5895874144072624,3.673722982709286,-1.255,False,False,0.0,False,True,0.0,0.0,-0.01594446200193701,-0.0,3.072807100118136
2012-12-20 00:00:00-05:00,26.328540802001953,38.53628158569336,-0.5893292508575733,3.6179828442687914,-1.327,False,False,0.0,False,False,0.0,0.0,-0.001136646876680811,-0.0,3.072807100118136
2012-12-21 00:00:00-05:00,26.26548957824707,38.090614318847656,-0.5891534674348112,3.8242720755759017,-0.933,False,False,0.0,False,False,0.0,0.0,0.00423533520680005,0.0,3.072807100118136
2012-12-24 00:00:00-05:00,26.188430786132812,38.0992546081543,-0.5889039479984418,3.7516293315929197,-1.071,False,False,0.0,False,False,0.0,0.0,-0.001493931044348201,-0.0,3.072807100118136
2012-12-26 00:00:00-05:00,25.852144241333008,37.67955017089844,-0.588513366130169,3.677225335986982,-1.175,False,False,0.0,False,False,0.0,0.0,-0.0015492097732210041,-0.0,3.072807100118136
2012-12-27 00:00:00-05:00,25.8030948638916,37.93482208251953,-0.5878066253114853,3.504755113774184,-1.405,False,False,0.0,False,False,0.0,0.0,-0.003585552564009556,-0.0,3.072807100118136
2012-12-28 00:00:00-05:00,25.55788230895996,37.848289489746094,-0.5867387331899492,3.3508248803398715,-1.583,True,False,1.0,False,False,0.0,1.0,-0.0032226615228660048,-0.0,3.072807100118136
2012-12-31 00:00:00-05:00,25.817102432250977,38.2333869934082,-0.5856306255694808,3.42646008966128,-1.426,False,False,1.0,False,False,0.0,1.0,0.0015689431163948967,0.0015689431163948967,3.074376043234531
2013-01-02 00:00:00-05:00,26.384586334228516,39.73917770385742,-0.5841204388471274,3.1721204144273365,-1.717,True,False,1.0,False,False,0.0,1.0,-0.005128120799019433,-0.005128120799019433,3.069247922435512
2013-01-03 00:00:00-05:00,26.3215389251709,39.704566955566406,-0.5824798440427296,3.194428957108464,-1.566,False,False,1.0,False,False,0.0,1.0,0.00045114564665446534,0.00045114564665446534,3.069699068082166
2013-01-04 00:00:00-05:00,26.405601501464844,39.652645111083984,-0.5810446574115858,3.3656439074318563,-1.235,False,False,1.0,False,False,0.0,1.0,0.003462696214895911,0.003462696214895911,3.073161764297062
2013-01-07 00:00:00-05:00,26.15339469909668,39.09446334838867,-0.5798751414373772,3.4834872355314417,-1.005,False,False,1.0,False,False,0.0,1.0,0.002413669761766078,0.002413669761766078,3.075575434058828
2013-01-08 00:00:00-05:00,26.02027130126953,39.74784851074219,-0.5781537611925449,3.03990318547244,-1.525,True,False,1.0,False,False,0.0,1.0,-0.009052617584914702,-0.009052617584914702,3.0665228164739133
2013-01-09 00:00:00-05:00,26.062320709228516,40.41419219970703,-0.575831917340156,2.7905389271176375,-1.725,False,False,1.0,False,False,0.0,1.0,-0.005054602106090372,-0.005054602106090372,3.061468214367823
2013-01-10 00:00:00-05:00,26.433631896972656,40.2584342956543,-0.5740612055738815,3.3228265706924525,-0.981,False,False,1.0,False,False,0.0,1.0,0.010743640929379548,0.010743640929379548,3.0722118552972026
2013-01-11 00:00:00-05:00,26.64381980895996,39.58774185180664,-0.5734414219055122,3.9425688314316076,-0.173,False,False,1.0,False,False,0.0,1.0,0.012559354984426393,0.012559354984426393,3.084771210281629
2013-01-14 00:00:00-05:00,26.664833068847656,39.66563415527344,-0.5732678570502341,3.9257999781154815,-0.21,False,False,1.0,False,True,0.0,1.0,-0.0003394239078771869,-0.0003394239078771869,3.084431786373752
2013-01-15 00:00:00-05:00,26.650819778442383,40.04206848144531,-0.572955820329258,3.7084835839755605,-0.484,False,False,1.0,False,False,0.0,1.0,-0.004381983559558751,-0.004381983559558751,3.080049802814193
2013-01-16 00:00:00-05:00,26.468664169311523,40.219482421875,-0.5722121186355086,3.454588922266833,-0.781,False,False,1.0,False,False,0.0,1.0,-0.005130974248867159,-0.005130974248867159,3.074918828565326
2013-01-17 00:00:00-05:00,26.58776092529297,40.66947937011719,-0.5711512199969483,3.3593381664098168,-0.868,False,False,1.0,False,False,0.0,1.0,-0.001912044416346411,-0.001912044416346411,3.0730067841489794
2013-01-18 00:00:00-05:00,26.699857711791992,40.69112014770508,-0.5701694259555339,3.4990250956873297,-0.657,False,False,1.0,False,False,0.0,1.0,0.0027992985339407588,0.0027992985339407588,3.07580608268292
2013-01-22 00:00:00-05:00,27.01512908935547,40.695457458496094,-0.5697102263839576,3.8305108078769408,-0.206,False,False,1.0,False,False,0.0,1.0,0.006603334270606389,0.006603334270606389,3.0824094169535265
2013-01-23 00:00:00-05:00,27.00812339782715,39.93388748168945,-0.5700698703055435,4.243017340344277,0.343,False,True,0.0,False,False,0.0,0.0,0.008287718859747979,0.008287718859747979,3.0906971358132744
2013-01-24 00:00:00-05:00,27.029130935668945,40.48775863647461,-0.5703135027719328,3.9384154883165365,0.012,False,False,0.0,False,False,0.0,0.0,-0.006077469785121446,-0.0,3.0906971358132744
2013-01-25 00:00:00-05:00,27.162261962890625,41.4786376953125,-0.5698997488425354,3.52359675800151,-0.533,False,False,0.0,False,True,0.0,0.0,-0.00816557400507689,-0.0,3.0906971358132744
2013-01-28 00:00:00-05:00,26.98710060119629,40.9940185546875,-0.5694003787370132,3.645090910205081,-0.288,False,False,0.0,False,False,0.0,0.0,0.0024139936410207154,0.0,3.0906971358132744
2013-01-29 00:00:00-05:00,27.23931884765625,40.66947937011719,-0.5695017717122007,4.077978291761713,0.568,False,True,0.0,False,False,0.0,0.0,0.008588922975998507,0.0,3.0906971358132744
2013-01-30 00:00:00-05:00,27.428482055664062,40.86420822143555,-0.5699329001140564,4.138625353156634,0.814,False,False,0.0,False,False,0.0,0.0,0.0011957619843206999,0.0,3.0906971358132744
2013-01-31 00:00:00-05:00,27.624656677246094,44.8580322265625,-0.5675827056110632,2.164013377705487,-2.905,True,False,1.0,False,True,0.0,1.0,-0.03719696368513715,-0.0,3.0906971358132744
2013-02-01 00:00:00-05:00,27.883869171142578,44.983524322509766,-0.5646020912845592,2.486077265303731,-2.159,False,False,1.0,False,False,0.0,1.0,0.006044554187845709,0.006044554187845709,3.09674169000112
2013-02-04 00:00:00-05:00,27.74376106262207,44.20465850830078,-0.5620050066936987,2.900521661771826,-1.301,False,False,1.0,False,False,0.0,1.0,0.007881118771091999,0.007881118771091999,3.104622808772212
2013-02-05 00:00:00-05:00,27.81381607055664,44.80178451538086,-0.5593502040494791,2.753928760097562,-1.502,True,False,1.0,False,False,0.0,1.0,-0.0027725105733164574,-0.0027725105733164574,3.1018502981988956
2013-02-06 00:00:00-05:00,27.82783317565918,44.56380081176758,-0.5570506759729342,3.0035378095408554,-0.953,False,False,1.0,False,False,0.0,1.0,0.004740720961456249,0.004740720961456249,3.106591019160352
2013-02-07 00:00:00-05:00,28.023996353149414,44.589752197265625,-0.5552751953104017,3.264412992970332,-0.381,False,False,1.0,False,False,0.0,1.0,0.0049423548923037955,0.0049423548923037955,3.1115333740526556
2013-02-08 00:00:00-05:00,28.06603240966797,45.018131256103516,-0.5535362968585363,3.1468627426729014,-0.599,False,False,1.0,False,False,0.0,1.0,-0.002218548683221963,-0.002218548683221963,3.1093148253694336
2013-02-11 00:00:00-05:00,28.12208366394043,44.654659271240234,-0.5522713886563979,3.460592978234292,0.081,False,False,1.0,False,False,0.0,1.0,0.005943709561675244,0.005943709561675244,3.115258534931109
2013-02-12 00:00:00-05:00,28.213930130004883,44.55081558227539,-0.5514570405365553,3.6460692155134424,0.493,False,True,0.0,False,False,0.0,0.0,0.003514019392081439,0.003514019392081439,3.1187725543231903
2013-02-13 00:00:00-05:00,28.15033721923828,44.61139678955078,-0.5507238616303757,3.5817765065719307,0.367,False,False,0.0,False,False,0.0,0.0,-0.001219538182011252,-0.0,3.1187725543231903
2013-02-14 00:00:00-05:00,27.874778747558594,44.892635345458984,-0.549487135148446,3.206853162318467,-0.417,False,False,0.0,False,True,0.0,0.0,-0.007135592829001486,-0.0,3.1187725543231903
2013-02-15 00:00:00-05:00,28.10794448852539,44.90129852294922,-0.5484547734666368,3.4816129787634402,0.182,False,False,0.0,False,False,0.0,0.0,0.005210270004539302,0.0,3.1187725543231903
2013-02-19 00:00:00-05:00,28.411779403686523,44.75851821899414,-0.5480699849862775,3.880978995394379,1.001,False,True,0.0,False,False,0.0,0.0,0.007543380357535568,0.0,3.1187725543231903
2013-02-20 00:00:00-05:00,28.355253219604492,43.945037841796875,-0.5484567952373134,4.253298598310117,1.669,False,False,0.0,True,False,-1.0,-1.0,0.0070975871236794,0.0,3.1187725543231903
2013-02-21 00:00:00-05:00,28.348188400268555,43.74126434326172,-0.5492320522752135,4.324084015906301,1.674,False,False,0.0,False,False,-1.0,-1.0,0.0013515814151439421,-0.0013515814151439421,3.117420972908046
2013-02-22 00:00:00-05:00,28.52484130859375,43.89734649658203,-0.5502202950282228,4.371630368288262,1.635,False,False,0.0,False,False,-1.0,-1.0,0.0009025837203947518,-0.0009025837203947518,3.1165183891876516
2013-02-25 00:00:00-05:00,28.411779403686523,43.91468048095703,-0.5510624519525997,4.212047901135371,1.256,False,False,0.0,False,False,-1.0,-1.0,-0.003033223422100403,0.003033223422100403,3.119551612609752
2013-02-26 00:00:00-05:00,28.56723403930664,44.44795227050781,-0.5516196507298897,4.048870132190313,0.912,False,False,0.0,False,False,-1.0,-1.0,-0.0030738613721511877,0.0030738613721511877,3.122625473981903
2013-02-27 00:00:00-05:00,28.800397872924805,44.7687873840332,-0.5521175111302863,4.082766406131434,0.918,False,False,0.0,False,False,-1.0,-1.0,0.0006333617728327835,-0.0006333617728327835,3.12199211220907
2013-02-28 00:00:00-05:00,29.181961059570312,45.08528137207031,-0.5528392039658893,4.257049995256825,1.17,False,False,0.0,False,False,-1.0,-1.0,0.0032210989525757305,-0.0032210989525757305,3.1187710132564943
2013-03-01 00:00:00-05:00,29.189023971557617,44.695072174072266,-0.5538904762075681,4.432849160929102,1.396,False,False,0.0,False,False,-1.0,-1.0,0.003258847305060445,-0.003258847305060445,3.1155121659514338
2013-03-04 00:00:00-05:00,29.49285125732422,44.95088195800781,-0.555209135533158,4.535710943965672,1.5,False,False,0.0,False,False,-1.0,-1.0,0.0018891055823772253,-0.0018891055823772253,3.1136230603690565
2013-03-05 00:00:00-05:00,29.612977981567383,45.215354919433594,-0.5565059565411257,4.4503636417815,1.294,False,False,0.0,False,False,-1.0,-1.0,-0.001558126504291592,0.001558126504291592,3.115181186873348
2013-03-06 00:00:00-05:00,29.3444766998291,45.189327239990234,-0.5573792351852407,4.15688404426778,0.767,False,False,0.0,False,False,-1.0,-1.0,-0.005381779950456068,0.005381779950456068,3.120562966823804
2013-03-07 00:00:00-05:00,29.033580780029297,45.01157760620117,-0.5577716562768792,3.927398586983184,0.358,False,False,0.0,False,False,-1.0,-1.0,-0.004238759918448909,0.004238759918448909,3.124801726742253
2013-03-08 00:00:00-05:00,29.24555206298828,45.393104553222656,-0.5579723418169047,3.917455213087038,0.315,False,False,0.0,False,False,-1.0,-1.0,-0.0001822010089891089,0.0001822010089891089,3.1249839277512423
2013-03-11 00:00:00-04:00,29.415132522583008,45.111297607421875,-0.5585254971557786,4.21932259905542,0.783,False,False,0.0,False,False,-1.0,-1.0,0.005527598910534482,-0.005527598910534482,3.119456328840708
2013-03-12 00:00:00-04:00,29.3444766998291,44.62137222290039,-0.5594346993657628,4.381732745023022,1.012,False,False,0.0,False,False,-1.0,-1.0,0.002990581068407891,-0.002990581068407891,3.1164657477723
2013-03-13 00:00:00-04:00,29.30914306640625,44.56502151489258,-0.5604086200606325,4.334520856272903,0.926,False,False,0.0,False,False,-1.0,-1.0,-0.000869723913026418,0.000869723913026418,3.117335471685326
2013-03-14 00:00:00-04:00,29.259675979614258,44.43495178222656,-0.561378516513049,4.314848666779046,0.866,False,False,0.0,False,False,-1.0,-1.0,-0.00036292537149025474,0.00036292537149025474,3.117698397056816
2013-03-15 00:00:00-04:00,29.23142433166504,43.793277740478516,-0.5627268821194278,4.587769690975424,1.232,False,False,0.0,False,False,-1.0,-1.0,0.005065812048951697,-0.005065812048951697,3.1126325850078644
2013-03-18 00:00:00-04:00,29.06890869140625,43.89301300048828,-0.5638423875952968,4.320167442459535,0.768,False,False,0.0,False,False,-1.0,-1.0,-0.004972388218595147,0.004972388218595147,3.1176049732264595
2013-03-19 00:00:00-04:00,29.033580780029297,43.61119079589844,-0.564975644485875,4.394320153320116,0.863,False,False,0.0,False,False,-1.0,-1.0,0.001381568572057584,-0.001381568572057584,3.1162234046544017
2013-03-20 00:00:00-04:00,29.28087615966797,44.36991500854492,-0.565812579295504,4.175820105560874,0.519,False,False,0.0,False,False,-1.0,-1.0,-0.0040175839388094554,0.0040175839388094554,3.120240988593211
2013-03-21 00:00:00-04:00,29.224349975585938,44.17047882080078,-0.5665709789328605,4.19863855015166,0.518,False,False,0.0,False,False,-1.0,-1.0,0.00042061601409279313,-0.00042061601409279313,3.1198203725791185
2013-03-22 00:00:00-04:00,29.3444766998291,44.27020263671875,-0.5673419904748135,4.228131817189748,0.532,False,False,0.0,False,False,-1.0,-1.0,0.0005415501672780914,-0.0005415501672780914,3.1192788224118404
2013-03-25 00:00:00-04:00,29.210222244262695,43.99272155761719,-0.5681027389641432,4.217836632893462,0.467,False,False,0.0,False,False,-1.0,-1.0,-0.00018993891075697075,0.00018993891075697075,3.1194687613225973
2013-03-26 00:00:00-04:00,29.577646255493164,44.18348693847656,-0.5691581304888224,4.430255431112542,0.894,False,False,0.0,False,False,-1.0,-1.0,0.003881565176631026,-0.003881565176631026,3.1155871961459662
2013-03-27 00:00:00-04:00,29.66242790222168,44.72109603881836,-0.5699630933215188,4.173053667208045,0.244,False,False,0.0,False,False,-1.0,-1.0,-0.004663524199345237,0.004663524199345237,3.1202507203453114
2013-03-28 00:00:00-04:00,30.30542755126953,45.14598083496094,-0.5711623179178459,4.519744492898596,1.088,False,False,0.0,False,False,-1.0,-1.0,0.0061808515096680025,-0.0061808515096680025,3.114069868835643
2013-04-01 00:00:00-04:00,30.07225799560547,44.56068420410156,-0.5725586402874339,4.558653237427347,1.189,False,False,0.0,False,False,-1.0,-1.0,0.0006999755441612247,-0.0006999755441612247,3.113369893291482
2013-04-02 00:00:00-04:00,30.100522994995117,44.486976623535156,-0.5740340864326227,4.563482010754672,1.162,False,False,0.0,False,False,-1.0,-1.0,8.678980498009771e-05,-8.678980498009771e-05,3.113283103486502
2013-04-03 00:00:00-04:00,30.029861450195312,44.083763122558594,-0.5756618444771371,4.652521059570038,1.368,False,False,0.0,False,False,-1.0,-1.0,0.0016069941425875646,-0.0016069941425875646,3.1116761093439145
2013-04-04 00:00:00-04:00,30.135845184326172,44.907527923583984,-0.5767640630635371,4.234796916980624,-0.006,False,False,0.0,False,False,-1.0,-1.0,-0.0074544486116039695,0.0074544486116039695,3.1191305579555184
2013-04-05 00:00:00-04:00,30.277162551879883,45.9697265625,-0.5769954995487063,3.7528372098327623,-1.987,True,False,1.0,False,True,0.0,1.0,-0.008484983844928315,0.008484983844928315,3.1276155418004468
2013-04-08 00:00:00-04:00,30.51740837097168,47.10565948486328,-0.5763617327703997,3.3675088469834655,-3.357,False,False,1.0,False,False,0.0,1.0,-0.006681920431436931,-0.006681920431436931,3.12093362136901
2013-04-09 00:00:00-04:00,30.39727783203125,47.01026916503906,-0.5753849944307565,3.348274370316883,-2.964,False,False,1.0,False,False,0.0,1.0,-0.00033482544445704183,-0.00033482544445704183,3.120598795924553
2013-04-10 00:00:00-04:00,30.524471282958984,47.10999298095703,-0.5744454885394555,3.4623483499228023,-2.29,False,False,1.0,False,False,0.0,1.0,0.0019809120709249088,0.0019809120709249088,3.1225797079954782
2013-04-11 00:00:00-04:00,30.524471282958984,47.1359748840332,-0.5735595642487131,3.4891820680346157,-1.999,False,False,1.0,False,False,0.0,1.0,0.00046618884233891507,0.00046618884233891507,3.123045896837817
2013-04-12 00:00:00-04:00,30.800025939941406,46.54635238647461,-0.5735522215180121,4.103262125118668,-0.215,False,False,1.0,False,False,0.0,1.0,0.010680249448764577,0.010680249448764577,3.1337261462865817
2013-04-15 00:00:00-04:00,30.26303482055664,45.44080352783203,-0.5739694601826556,4.181401349420778,0.013,False,False,1.0,False,False,0.0,1.0,0.001386807779177758,0.001386807779177758,3.1351129540657596
2013-04-16 00:00:00-04:00,30.552734375,45.83966827392578,-0.5745853592777123,4.2139321106552075,0.092,False,False,1.0,False,False,0.0,1.0,0.0005718031741813102,0.0005718031741813102,3.135684757239941
2013-04-17 00:00:00-04:00,30.241836547851562,45.79197311401367,-0.5748617735996984,3.917781666899959,-0.743,False,False,1.0,False,True,0.0,1.0,-0.005235495035519755,-0.005235495035519755,3.1304492622044213
2013-04-18 00:00:00-04:00,30.369009017944336,46.047767639160156,-0.5749804622239942,3.892442296396947,-0.778,False,False,1.0,False,False,0.0,1.0,-0.0004457580062014975,-0.0004457580062014975,3.13000350419822
2013-04-19 00:00:00-04:00,30.814163208007812,46.849849700927734,-0.5750175402040086,3.8746778740528356,-0.781,False,False,1.0,False,False,0.0,1.0,-0.0003075896119567932,-0.0003075896119567932,3.129695914586263
2013-04-22 00:00:00-04:00,30.800025939941406,47.51319122314453,-0.5745087762745961,3.5032805934317643,-1.701,True,False,1.0,False,False,0.0,1.0,-0.0063927353000369945,-0.0063927353000369945,3.1233031792862262
2013-04-23 00:00:00-04:00,30.94135093688965,48.245887756347656,-0.5734837943723228,3.2731161635182033,-2.107,False,False,1.0,False,False,0.0,1.0,-0.003927078260736876,-0.003927078260736876,3.1193761010254892
2013-04-24 00:00:00-04:00,31.08266830444336,48.579734802246094,-0.5722874280758081,3.2810968178611155,-1.903,False,False,1.0,False,False,0.0,1.0,0.0001355312452234203,0.0001355312452234203,3.119511632270713
2013-04-25 00:00:00-04:00,31.188661575317383,48.05512619018555,-0.5716402841365107,3.7184155857438412,-0.811,False,False,1.0,False,False,0.0,1.0,0.007455283196314993,0.007455283196314993,3.126966915467028
2013-04-26 00:00:00-04:00,31.110939025878906,47.040611267089844,-0.5718669277550649,4.209969180847949,0.359,False,True,0.0,False,False,0.0,0.0,0.008473322196618805,0.008473322196618805,3.1354402376636465
2013-04-29 00:00:00-04:00,31.414751052856445,46.667755126953125,-0.5730370721579441,4.672397290723342,1.406,False,False,0.0,False,False,0.0,0.0,0.007951360566288127,0.0,3.1354402376636465
2013-04-30 00:00:00-04:00,31.7539119720459,46.46398162841797,-0.5750383783627251,5.03533932416498,2.077,False,False,0.0,True,False,-1.0,-1.0,0.006207056802883838,0.0,3.1354402376636465
2013-05-01 00:00:00-04:00,31.329973220825195,45.66624450683594,-0.5772401739621567,4.969582297500839,1.8,False,False,0.0,False,False,-1.0,-1.0,-0.0011398268608573037,0.0011398268608573037,3.136580064524504
2013-05-02 00:00:00-04:00,31.294641494750977,47.001590728759766,-0.5783425939390598,4.111619593417988,0.01,False,False,0.0,False,False,-1.0,-1.0,-0.014671631085388166,0.014671631085388166,3.151251695609892
2013-05-03 00:00:00-04:00,31.464237213134766,48.01176452636719,-0.578474089959217,3.69067542140829,-0.826,False,False,0.0,False,True,0.0,0.0,-0.007106006284520354,0.007106006284520354,3.1583577018944125
2013-05-06 00:00:00-04:00,30.94135093688965,48.506019592285156,-0.5772289308808256,2.942273106350509,-2.159,True,False,1.0,False,False,0.0,1.0,-0.012697605543571439,-0.0,3.1583577018944125
2013-05-07 00:00:00-04:00,31.238128662109375,49.06529998779297,-0.5755745042799447,2.9973929442886593,-1.873,False,False,1.0,False,False,0.0,1.0,0.0009267130183600041,0.0009267130183600041,3.1592844149127726
2013-05-08 00:00:00-04:00,30.969627380371094,48.25022888183594,-0.5741535397204574,3.2665876755427448,-1.287,False,False,1.0,False,False,0.0,1.0,0.004588077287558512,0.004588077287558512,3.163872492200331
2013-05-09 00:00:00-04:00,30.475008010864258,48.34560775756836,-0.5721927372137464,2.8120023757990857,-1.925,True,False,1.0,False,False,0.0,1.0,-0.007819071743870752,-0.007819071743870752,3.1560534204564603
2013-05-10 00:00:00-04:00,30.710039138793945,49.32110595703125,-0.569763265345436,2.608684758267586,-2.052,False,False,1.0,False,False,0.0,1.0,-0.0034571127355570554,-0.0034571127355570554,3.1525963077209034
2013-05-13 00:00:00-04:00,30.44652557373047,49.433834075927734,-0.5669203814147262,2.421477504613229,-2.114,False,False,1.0,False,False,0.0,1.0,-0.003201679756352108,-0.003201679756352108,3.149394627964551
2013-05-14 00:00:00-04:00,30.66019058227539,49.70697784423828,-0.5642044738435953,2.6152913013116823,-1.685,False,False,1.0,False,False,0.0,1.0,0.003301481986484768,0.003301481986484768,3.152696109951036
2013-05-15 00:00:00-04:00,31.016271591186523,49.832698822021484,-0.562073043193854,3.0066549137301237,-1.055,False,False,1.0,False,False,0.0,1.0,0.006630372263730091,0.006630372263730091,3.159326482214766
2013-05-16 00:00:00-04:00,30.8026180267334,49.07225799560547,-0.5605438858517026,3.2954638423594282,-0.598,False,False,1.0,False,False,0.0,1.0,0.004953010750645491,0.004953010750645491,3.1642794929654117
2013-05-17 00:00:00-04:00,31.123104095458984,48.92885208129883,-0.5598155393653906,3.731972377037266,0.073,False,False,1.0,False,False,0.0,1.0,0.007459869014888334,0.007459869014888334,3.1717393619803
2013-05-20 00:00:00-04:00,30.809724807739258,48.76807403564453,-0.5591068025901715,3.543162865189281,-0.168,False,False,1.0,False,False,0.0,1.0,-0.0032510603279409045,-0.0032510603279409045,3.168488301652359
2013-05-21 00:00:00-04:00,30.98066520690918,49.69364547729492,-0.5580080187182279,3.2512125512378134,-0.57,False,False,1.0,False,True,0.0,1.0,-0.004972742767010262,-0.004972742767010262,3.163515558885349
2013-05-22 00:00:00-04:00,30.51772117614746,48.33354568481445,-0.5572316127789326,3.5847415628740826,-0.012,False,False,1.0,False,False,0.0,1.0,0.005805482040311097,0.005805482040311097,3.1693210409256602
2013-05-23 00:00:00-04:00,30.204378128051758,48.320499420166016,-0.556217583536407,3.327666705294657,-0.404,False,False,1.0,False,True,0.0,1.0,-0.004503678181380872,-0.004503678181380872,3.1648173627442793
2013-05-24 00:00:00-04:00,29.898113250732422,48.320499420166016,-0.5548010847966924,3.089847754506369,-0.767,False,False,1.0,False,False,0.0,1.0,-0.004193865946713159,-0.004193865946713159,3.160623496797566
2013-05-28 00:00:00-04:00,29.86964225769043,48.64640808105469,-0.5530764243034098,2.964460821016207,-0.937,False,False,1.0,False,False,0.0,1.0,-0.0022084953387994035,-0.0022084953387994035,3.1584150014587666
2013-05-29 00:00:00-04:00,29.121826171875,48.50736618041992,-0.5505095921303699,2.41805580057353,-1.67,True,False,1.0,False,False,0.0,1.0,-0.009787714852631765,-0.009787714852631765,3.1486272866061347
2013-05-30 00:00:00-04:00,29.23577880859375,49.20262145996094,-0.5474888186861379,2.2978937092185205,-1.714,False,False,1.0,False,False,0.0,1.0,-0.002139117924582499,-0.002139117924582499,3.146488168681552
2013-05-31 00:00:00-04:00,29.064851760864258,48.659454345703125,-0.544675250495429,2.5612512761475195,-1.255,False,False,1.0,False,False,0.0,1.0,0.004739336013267169,0.004739336013267169,3.1512275046948193
2013-06-03 00:00:00-04:00,29.22865104675293,47.885963439941406,-0.5428433188041282,3.23407572888199,-0.269,False,False,1.0,False,False,0.0,1.0,0.012183722267366175,0.012183722267366175,3.1634112269621855
2013-06-04 00:00:00-04:00,29.07197380065918,47.19940185546875,-0.5417089619578958,3.5036348164996234,0.151,False,False,1.0,False,False,0.0,1.0,0.004933337198840626,0.004933337198840626,3.168344564161026
2013-06-05 00:00:00-04:00,28.758615493774414,47.79472732543945,-0.540058563254628,2.946663723250875,-0.625,False,False,1.0,False,True,0.0,1.0,-0.010206437667235667,-0.010206437667235667,3.1581381264937907
2013-06-06 00:00:00-04:00,29.171680450439453,48.72462463378906,-0.5382271321070331,2.9467654708034665,-0.586,False,False,1.0,False,False,0.0,1.0,1.8367112960889927e-06,1.8367112960889927e-06,3.1581399632050866
2013-06-07 00:00:00-04:00,29.385337829589844,49.328636169433594,-0.5363101024107805,2.929891913776782,-0.573,False,False,1.0,False,False,0.0,1.0,-0.0003021726396896034,-0.0003021726396896034,3.157837790565397
2013-06-10 00:00:00-04:00,29.285634994506836,49.432918548583984,-0.5342907092484702,2.8740858829620386,-0.625,False,False,1.0,False,False,0.0,1.0,-0.0010019542587374674,-0.0010019542587374674,3.1568358363066595
2013-06-11 00:00:00-04:00,29.121826171875,49.69364547729492,-0.5319831034529889,2.6856464289710615,-0.867,False,False,1.0,False,False,0.0,1.0,-0.0033917605732651113,-0.0033917605732651113,3.1534440757333946
2013-06-12 00:00:00-04:00,28.758615493774414,48.96796798706055,-0.529761758331429,2.817258671032093,-0.651,False,False,1.0,False,False,0.0,1.0,0.0024060751127892395,0.0024060751127892395,3.155850150846184
2013-06-13 00:00:00-04:00,29.335481643676758,49.75448989868164,-0.5279078100429301,3.0696978414606484,-0.26,False,False,1.0,False,False,0.0,1.0,0.004540169516001594,0.004540169516001594,3.1603903203621857
2013-06-14 00:00:00-04:00,29.328367233276367,49.83269119262695,-0.526229217324093,3.104949149827064,-0.166,False,False,1.0,False,False,0.0,1.0,0.0006345666150139391,0.0006345666150139391,3.1610248869771995
2013-06-17 00:00:00-04:00,29.492168426513672,50.20206069946289,-0.5246753267753144,3.152385824228812,-0.03,False,False,1.0,False,False,0.0,1.0,0.0008496331137932087,0.0008496331137932087,3.1618745200909926
2013-06-18 00:00:00-04:00,29.627483367919922,51.105892181396484,-0.5228335894211376,2.907606318150748,-0.386,False,False,1.0,False,True,0.0,1.0,-0.004344116641197992,-0.004344116641197992,3.1575304034497944
2013-06-19 00:00:00-04:00,28.836950302124023,50.4106330871582,-0.5204871187259369,2.598865133438668,-1.072,False,False,1.0,False,False,0.0,1.0,-0.005605828159215937,-0.005605828159215937,3.1519245752905785
2013-06-20 00:00:00-04:00,27.903968811035156,48.902793884277344,-0.5179490407298671,2.574813629663293,-1.128,False,False,1.0,False,False,0.0,1.0,-0.00045181462164057586,-0.00045181462164057586,3.1514727606689377
2013-06-21 00:00:00-04:00,28.281435012817383,47.890323638916016,-0.5166383279166018,3.539458284622903,1.516,False,True,0.0,True,False,-1.0,-1.0,0.01819280622060555,0.01819280622060555,3.169665566889543
2013-06-24 00:00:00-04:00,28.359790802001953,48.316165924072266,-0.5156131687690989,3.447339387117495,1.194,False,False,0.0,False,False,-1.0,-1.0,-0.0017292100664801334,0.0017292100664801334,3.1713947769560233
2013-06-25 00:00:00-04:00,28.680269241333008,48.65509033203125,-0.5149233063784308,3.6266292554222552,1.564,False,False,0.0,True,False,-1.0,-1.0,0.003336624319413153,-0.003336624319413153,3.1680581526366103
2013-06-26 00:00:00-04:00,28.979385375976562,49.050540924072266,-0.514502132011356,3.7427774942311167,1.749,False,False,0.0,False,False,-1.0,-1.0,0.002142324281632864,-0.002142324281632864,3.1659158283549775
2013-06-27 00:00:00-04:00,29.18592071533203,50.619197845458984,-0.513435135755678,3.1962459977052724,0.369,False,False,0.0,False,False,-1.0,-1.0,-0.009905312162691719,0.009905312162691719,3.175821140517669
2013-06-28 00:00:00-04:00,29.19305992126465,51.07981491088867,-0.5119445946978975,3.0430247794661227,-0.044,False,False,0.0,False,False,-1.0,-1.0,-0.002768569738728109,0.002768569738728109,3.1785897102563974
2013-07-01 00:00:00-04:00,28.69451332092285,50.57140350341797,-0.5101206237647966,2.8969974210980567,-0.467,False,False,0.0,False,True,0.0,0.0,-0.0026797929982843548,0.0026797929982843548,3.181269503254682
2013-07-02 00:00:00-04:00,28.78710174560547,50.362823486328125,-0.508560282214251,3.174570020291931,0.226,False,True,0.0,False,False,0.0,0.0,0.00510247186393745,0.0,3.181269503254682
2013-07-03 00:00:00-04:00,28.70163345336914,50.53230285644531,-0.5069671524990184,3.0834157650190477,-0.026,False,False,0.0,False,False,0.0,0.0,-0.0016781020815956195,-0.0,3.181269503254682
2013-07-05 00:00:00-04:00,28.680269241333008,51.62733459472656,-0.5047428941482317,2.621738960831596,-1.194,False,False,0.0,False,True,0.0,0.0,-0.008434178466104213,-0.0,3.181269503254682
2013-07-08 00:00:00-04:00,29.09333610534668,51.77073287963867,-0.5028974230811346,3.057967949154623,0.013,False,False,0.0,False,False,0.0,0.0,0.007912919307036347,0.0,3.181269503254682
2013-07-09 00:00:00-04:00,29.463687896728516,52.21396255493164,-0.5014773209120945,3.2795698404769738,0.665,False,True,0.0,False,False,0.0,0.0,0.003982221536453649,0.0,3.181269503254682
2013-07-10 00:00:00-04:00,29.727191925048828,53.087379455566406,-0.5000669522401321,3.1799478782883313,0.389,False,False,0.0,False,False,0.0,0.0,-0.001770288061857219,-0.0,3.181269503254682
2013-07-11 00:00:00-04:00,30.097543716430664,53.40458297729492,-0.49902120514382814,3.4475243588973825,1.183,False,False,0.0,False,False,0.0,0.0,0.004715206541297571,0.0,3.181269503254682
2013-07-12 00:00:00-04:00,30.254236221313477,53.452388763427734,-0.4983248456365654,3.617582841872668,1.601,False,False,0.0,True,False,-1.0,-1.0,0.0029892041444370535,0.0,3.181269503254682
2013-07-15 00:00:00-04:00,30.695783615112305,53.26119613647461,-0.4984476912579882,4.1478633672476555,2.655,False,False,0.0,False,False,-1.0,-1.0,0.009263560699082447,-0.009263560699082447,3.1720059425555993
2013-07-16 00:00:00-04:00,30.524864196777344,52.439918518066406,-0.49910458254968554,4.351860555878286,2.694,False,False,0.0,False,False,-1.0,-1.0,0.0035979693136727075,-0.0035979693136727075,3.168407973241927
2013-07-17 00:00:00-04:00,30.496366500854492,51.75334167480469,-0.5002665834569038,4.605899078722157,2.805,False,False,0.0,False,False,-1.0,-1.0,0.004505280846071919,-0.004505280846071919,3.163902692395855
2013-07-18 00:00:00-04:00,30.85247039794922,52.47034454345703,-0.5015038960096909,4.538388184434691,2.417,False,False,0.0,False,False,-1.0,-1.0,-0.0011809509442751967,0.0011809509442751967,3.16508364334013
2013-07-19 00:00:00-04:00,30.816856384277344,53.2264289855957,-0.502172004786933,4.088033832931426,1.475,False,False,0.0,False,False,-1.0,-1.0,-0.007826032463828937,0.007826032463828937,3.172909675803959
2013-07-22 00:00:00-04:00,30.930814743041992,53.043914794921875,-0.5028761026070938,4.256297603948919,1.657,False,False,0.0,True,False,-1.0,-1.0,0.002920975637494349,-0.002920975637494349,3.169988700166465
2013-07-23 00:00:00-04:00,31.08037567138672,53.048274993896484,-0.503724978932505,4.358634467680481,1.713,False,False,0.0,False,False,-1.0,-1.0,0.0017704691326912143,-0.0017704691326912143,3.1682182310337734
2013-07-24 00:00:00-04:00,30.631696701049805,52.6963005065918,-0.5042280100634947,4.0607459589030945,1.136,False,False,0.0,False,False,-1.0,-1.0,-0.0052076000341277325,0.0052076000341277325,3.173425831067901
2013-07-25 00:00:00-04:00,30.923696517944336,51.418766021728516,-0.505740762229362,4.919130597222136,2.286,False,False,0.0,True,False,-1.0,-1.0,0.015078356541161766,-0.015078356541161766,3.1583474745267393
2013-07-26 00:00:00-04:00,31.037643432617188,51.788116455078125,-0.5073724785526726,4.76177842722975,1.868,False,False,0.0,False,False,-1.0,-1.0,-0.0027454639278031976,0.0027454639278031976,3.1610929384545425
2013-07-29 00:00:00-04:00,30.84534454345703,51.87067413330078,-0.5086497729286062,4.461337923899858,1.335,False,False,0.0,False,False,-1.0,-1.0,-0.005249762529617115,0.005249762529617115,3.16634270098416
2013-07-30 00:00:00-04:00,31.094619750976562,52.20527648925781,-0.5098366228631306,4.478457890057371,1.282,False,False,0.0,False,False,-1.0,-1.0,0.00029665108805220956,-0.00029665108805220956,3.166046049896108
2013-07-31 00:00:00-04:00,30.966421127319336,52.644161224365234,-0.5104890266811466,4.0921545034477695,0.676,False,False,0.0,False,False,-1.0,-1.0,-0.0066787481551280024,0.0066787481551280024,3.172724798051236
2013-08-01 00:00:00-04:00,31.222816467285156,53.43501663208008,-0.5107584408843383,3.930430683655249,0.405,False,False,0.0,False,False,-1.0,-1.0,-0.0027637915203478822,0.0027637915203478822,3.1754885895715836
2013-08-02 00:00:00-04:00,31.32965660095215,53.58274841308594,-0.5109337326095286,3.9524229507768567,0.403,False,False,0.0,False,False,-1.0,-1.0,0.0003746113450658402,-0.0003746113450658402,3.1751139782265176
2013-08-05 00:00:00-04:00,31.10173225402832,53.29161071777344,-0.5109725190423325,3.8711836817442595,0.253,False,False,0.0,False,False,-1.0,-1.0,-0.0013926983118402586,0.0013926983118402586,3.176506676538358
2013-08-06 00:00:00-04:00,30.959314346313477,53.0656623840332,-0.5109353405448636,3.846192064888715,0.178,False,False,0.0,False,False,-1.0,-1.0,-0.0004303524754049529,0.0004303524754049529,3.176937029013763
2013-08-07 00:00:00-04:00,31.016271591186523,52.061851501464844,-0.5115726619608981,4.382851631969171,0.956,False,True,0.0,False,False,-1.0,-1.0,0.009308975514834235,-0.009308975514834235,3.167628053498929
2013-08-08 00:00:00-04:00,30.987796783447266,52.80058288574219,-0.5118745658333784,3.960521343058673,0.231,False,False,0.0,False,False,-1.0,-1.0,-0.007279664968459365,0.007279664968459365,3.1749077184673884
2013-08-09 00:00:00-04:00,30.85247039794922,53.17428207397461,-0.5116591242089233,3.6453638015411194,-0.309,False,False,0.0,False,True,0.0,0.0,-0.005428174951191654,0.005428174951191654,3.18033589341858
2013-08-12 00:00:00-04:00,30.746850967407227,52.2443733215332,-0.5117554035849134,4.010510613205117,0.285,False,True,0.0,False,False,0.0,0.0,0.006352236249742277,0.0,3.18033589341858
2013-08-13 00:00:00-04:00,30.509727478027344,52.983089447021484,-0.5111885264658472,3.42538005599625,-0.701,False,False,0.0,False,True,0.0,0.0,-0.010159561694917914,-0.0,3.18033589341858
2013-08-14 00:00:00-04:00,30.31571388244629,52.287837982177734,-0.5106586644494291,3.6144763715192774,-0.372,False,False,0.0,False,False,0.0,0.0,0.0033164929183675156,0.0,3.18033589341858
2013-08-15 00:00:00-04:00,29.891761779785156,50.863826751708984,-0.510542541818007,3.9236143833769113,0.118,False,False,0.0,False,False,0.0,0.0,0.005534166030999986,0.0,3.18033589341858
2013-08-16 00:00:00-04:00,29.625905990600586,50.846397399902344,-0.5102430300666727,3.6818861133002265,-0.342,False,False,0.0,False,True,0.0,0.0,-0.004349983670147653,-0.0,3.18033589341858
2013-08-19 00:00:00-04:00,29.39597511291504,51.26882553100586,-0.5093633600749703,3.2815138733444726,-1.108,False,False,0.0,False,False,0.0,0.0,-0.007212557966819627,-0.0,3.18033589341858
2013-08-20 00:00:00-04:00,29.575605392456055,52.41411209106445,-0.5078707643089503,2.956010224192159,-1.663,True,False,1.0,False,False,0.0,1.0,-0.005792374542744106,-0.0,3.18033589341858
2013-08-21 00:00:00-04:00,29.151653289794922,51.469139099121094,-0.5063601780651944,3.089730850701706,-1.423,False,False,1.0,False,False,0.0,1.0,0.0024218794878662995,0.0024218794878662995,3.182757772906446
2013-08-22 00:00:00-04:00,29.367219924926758,52.819114685058594,-0.5043649314649474,2.7271107667579813,-2.109,True,False,1.0,False,False,0.0,1.0,-0.006474511280581183,-0.006474511280581183,3.1762832616258647
2013-08-23 00:00:00-04:00,29.66901206970215,52.692840576171875,-0.5028026962229267,3.174909756358094,-1.31,False,False,1.0,False,False,0.0,1.0,0.007973186574840096,0.007973186574840096,3.184256448200705
2013-08-26 00:00:00-04:00,29.245073318481445,52.932334899902344,-0.5008058319900306,2.7362512997609194,-1.993,True,False,1.0,False,False,0.0,1.0,-0.007867763390237564,-0.007867763390237564,3.176388684810467
2013-08-27 00:00:00-04:00,29.25943946838379,52.40977096557617,-0.4991478202752868,3.0992165297894303,-1.344,False,False,1.0,False,False,0.0,1.0,0.006549394461536962,0.006549394461536962,3.182938079272004
2013-08-28 00:00:00-04:00,29.431886672973633,52.17024612426758,-0.498053173187567,3.4483300448057967,-0.733,False,False,1.0,False,False,0.0,1.0,0.006299931828014002,0.006299931828014002,3.1892380111000183
2013-08-29 00:00:00-04:00,29.309743881225586,53.9034538269043,-0.49599188498981134,2.574068210158064,-2.063,True,False,1.0,False,False,0.0,1.0,-0.015599166562255885,-0.015599166562255885,3.1736388445377623
2013-08-30 00:00:00-04:00,29.4893741607666,53.2894287109375,-0.4943741209330385,3.1444596867730503,-1.068,False,False,1.0,False,False,0.0,1.0,0.01021579195440638,0.01021579195440638,3.183854636492169
2013-09-03 00:00:00-04:00,28.979204177856445,52.897491455078125,-0.49260869880205244,2.921439742277723,-1.337,False,False,1.0,False,False,0.0,1.0,-0.004052184379226245,-0.004052184379226245,3.1798024521129427
2013-09-04 00:00:00-04:00,28.749267578125,53.8773193359375,-0.4900453800165558,2.346936149872178,-2.053,True,False,1.0,False,False,0.0,1.0,-0.010416807540595667,-0.010416807540595667,3.169385644572347
2013-09-05 00:00:00-04:00,28.698972702026367,54.3084602355957,-0.487099946744792,2.245324613476047,-2.019,False,False,1.0,False,False,0.0,1.0,-0.0018423700440631174,-0.0018423700440631174,3.167543274528284
2013-09-06 00:00:00-04:00,28.641490936279297,53.851200103759766,-0.4844433481877371,2.5536352540860996,-1.463,False,False,1.0,False,False,0.0,1.0,0.005633369657404064,0.005633369657404064,3.173176644185688
2013-09-09 00:00:00-04:00,28.70615577697754,55.236000061035156,-0.48131090718847624,2.1204664781379776,-1.899,True,False,1.0,False,False,0.0,1.0,-0.007834225379061845,-0.007834225379061845,3.165342418806626
2013-09-10 00:00:00-04:00,28.842681884765625,56.30729293823242,-0.47779739635569907,1.9392039230405338,-1.961,False,False,1.0,False,False,0.0,1.0,-0.003251570253387678,-0.003251570253387678,3.1620908485532384
2013-09-11 00:00:00-04:00,28.612754821777344,56.995357513427734,-0.47374935028587684,1.6112412304796848,-2.143,False,False,1.0,False,False,0.0,1.0,-0.005897096229422743,-0.005897096229422743,3.1561937523238157
2013-09-12 00:00:00-04:00,28.469018936157227,56.90825653076172,-0.46971831475268844,1.7381685830141578,-1.875,False,False,1.0,False,False,0.0,1.0,0.0022994140052986687,0.0022994140052986687,3.1584931663291145
2013-09-13 00:00:00-04:00,28.627111434936523,56.82986831665039,-0.4662160773060558,2.1321131545280743,-1.335,False,False,1.0,False,False,0.0,1.0,0.007146761500027449,0.007146761500027449,3.165639927829142
2013-09-16 00:00:00-04:00,28.698972702026367,56.838565826416016,-0.4631950487635969,2.3716304324066897,-0.985,False,False,1.0,False,False,0.0,1.0,0.004352776994098803,0.004352776994098803,3.169992704823241
2013-09-17 00:00:00-04:00,28.806760787963867,56.93873596191406,-0.4605976674085676,2.5809118187139255,-0.675,False,False,1.0,False,False,0.0,1.0,0.00380286138038007,0.00380286138038007,3.173795566203621
2013-09-18 00:00:00-04:00,29.618722915649414,57.112918853759766,-0.45917624982393973,3.393827019881023,0.436,False,True,0.0,False,False,0.0,0.0,0.014556993591555864,0.014556993591555864,3.188352559795177
2013-09-19 00:00:00-04:00,29.568418502807617,57.308902740478516,-0.4580196098541638,3.31981722844343,0.368,False,False,0.0,False,False,0.0,0.0,-0.0013259359194211535,-0.0,3.188352559795177
2013-09-20 00:00:00-04:00,29.173213958740234,56.82115936279297,-0.45681501031074323,3.2164554585575793,0.261,False,False,0.0,False,False,0.0,0.0,-0.0018748743247217305,-0.0,3.188352559795177
2013-09-23 00:00:00-04:00,29.661819458007812,56.54681396484375,-0.4564080796993798,3.8533966831954025,1.163,False,False,0.0,False,False,0.0,0.0,0.011482575142982926,0.0,3.188352559795177
2013-09-24 00:00:00-04:00,29.661819458007812,56.61212158203125,-0.45621641290227644,3.834440423065967,1.137,False,False,0.0,False,False,0.0,0.0,-0.00034162072338896846,-0.0,3.188352559795177
2013-09-25 00:00:00-04:00,29.345666885375977,56.638267517089844,-0.4557097802657948,3.535054440527663,0.788,False,False,0.0,False,False,0.0,0.0,-0.005427958270097596,-0.0,3.188352559795177
2013-09-26 00:00:00-04:00,29.288188934326172,57.62679672241211,-0.4545494364668936,3.0939609587615173,0.174,False,False,0.0,False,False,0.0,0.0,-0.007950149008153825,-0.0,3.188352559795177
2013-09-27 00:00:00-04:00,28.964832305908203,57.831478118896484,-0.45279752867245243,2.7788819341968676,-0.275,False,False,0.0,False,True,0.0,0.0,-0.005713047200189788,-0.0,3.188352559795177
2013-09-30 00:00:00-04:00,29.01514434814453,58.50209045410156,-0.4507064919807373,2.647872386036635,-0.435,False,False,0.0,False,False,0.0,0.0,-0.0023655441002486542,-0.0,3.188352559795177
2013-10-01 00:00:00-04:00,29.09417724609375,59.46013641357422,-0.448256617229197,2.440777637358373,-0.727,False,False,0.0,False,False,0.0,0.0,-0.0037148654768897386,-0.0,3.188352559795177
2013-10-02 00:00:00-04:00,29.180400848388672,59.86078643798828,-0.4457785220010173,2.495747944243714,-0.593,False,False,0.0,False,False,0.0,0.0,0.0009839837822199903,0.0,3.188352559795177
2013-10-03 00:00:00-04:00,28.799571990966797,59.39920425415039,-0.44327051433237724,2.4696561702956217,-0.593,False,False,0.0,False,False,0.0,0.0,-0.00047328163173292404,-0.0,3.188352559795177
2013-10-04 00:00:00-04:00,28.87141990661621,59.686607360839844,-0.44086976316011944,2.5573994556117086,-0.396,False,False,0.0,False,False,0.0,0.0,0.001589971643742989,0.0,3.188352559795177
2013-10-07 00:00:00-04:00,28.698972702026367,58.17116165161133,-0.43924828837905655,3.14738951353468,0.677,False,True,0.0,False,False,0.0,0.0,0.010875281335616514,0.0,3.188352559795177
2013-10-08 00:00:00-04:00,28.914535522460938,57.03887939453125,-0.4387752714465098,3.8872857331207555,1.862,False,False,0.0,True,False,-1.0,-1.0,0.013716568988386904,0.0,3.188352559795177
2013-10-09 00:00:00-04:00,29.007957458496094,56.33341598510742,-0.4391106756694274,4.271353102508652,2.263,False,False,0.0,False,False,-1.0,-1.0,0.007146162447349129,-0.007146162447349129,3.181206397347828
2013-10-10 00:00:00-04:00,29.453460693359375,57.33502197265625,-0.43964956440739744,4.246143257792493,2.013,False,False,0.0,False,False,-1.0,-1.0,-0.0004612053757576801,0.0004612053757576801,3.1816676027235857
2013-10-11 00:00:00-04:00,29.8055477142334,57.35243225097656,-0.44060812145037104,4.535600279520942,2.2,False,False,0.0,False,False,-1.0,-1.0,0.005255640842549722,-0.005255640842549722,3.176411961881036
2013-10-14 00:00:00-04:00,29.49656105041504,57.23050308227539,-0.4413192606073501,4.239637745958593,1.662,False,False,0.0,False,False,-1.0,-1.0,-0.005405364371774763,0.005405364371774763,3.1818173262528107
2013-10-15 00:00:00-04:00,29.115734100341797,56.59471893310547,-0.44179959032866256,4.112210460929997,1.412,False,False,0.0,False,False,-1.0,-1.0,-0.0023545645367377783,0.0023545645367377783,3.1841718907895484
2013-10-16 00:00:00-04:00,29.39597511291504,58.08405303955078,-0.4417466517109986,3.73753916488943,0.92,False,False,0.0,False,False,-1.0,-1.0,-0.006805472782659276,0.006805472782659276,3.1909773635722076
2013-10-17 00:00:00-04:00,29.956432342529297,57.866302490234375,-0.4423167924458076,4.361195034349979,1.578,False,False,0.0,True,False,-1.0,-1.0,0.011226590908642363,-0.011226590908642363,3.1797507726635654
2013-10-18 00:00:00-04:00,29.970800399780273,58.5195198059082,-0.4426972504647637,4.06436988318643,1.161,False,False,0.0,False,False,-1.0,-1.0,-0.005312094860387372,0.005312094860387372,3.185062867523953
2013-10-21 00:00:00-04:00,29.949264526367188,59.9653205871582,-0.4422314293082733,3.430715094179387,0.394,False,False,0.0,False,False,-1.0,-1.0,-0.01122152151085783,0.01122152151085783,3.196284389034811
2013-10-22 00:00:00-04:00,30.423503875732422,59.69532012939453,-0.4422605057005407,4.02262140735073,1.029,False,False,0.0,False,False,-1.0,-1.0,0.010416413643024808,-0.010416413643024808,3.185867975391786
2013-10-23 00:00:00-04:00,30.445056915283203,59.56467056274414,-0.4425115027430173,4.087005034170527,1.042,False,False,0.0,False,False,-1.0,-1.0,0.001133452520188162,-0.001133452520188162,3.1847345228715978
2013-10-24 00:00:00-04:00,30.3875789642334,64.39848327636719,-0.44026455123282804,2.035209624488818,-1.327,False,False,0.0,False,True,0.0,0.0,-0.03493015348028077,0.03493015348028077,3.2196646763518784
2013-10-25 00:00:00-04:00,30.710920333862305,63.771366119384766,-0.4382297152111345,2.764412720739326,-0.518,False,False,0.0,False,False,0.0,0.0,0.012431555930300311,0.0,3.2196646763518784
2013-10-28 00:00:00-04:00,30.617502212524414,62.57815933227539,-0.43690139201673495,3.2770172904082635,0.04,False,False,0.0,False,False,0.0,0.0,0.008844416361081006,0.0,3.2196646763518784
2013-10-29 00:00:00-04:00,30.67498207092285,62.926551818847656,-0.4357468184077943,3.2549373224867857,-0.049,False,False,0.0,False,False,0.0,0.0,-0.00038006640379276217,-0.0,3.2196646763518784
2013-10-30 00:00:00-04:00,30.301328659057617,62.308189392089844,-0.4346052704863765,3.2218611547920375,-0.159,False,False,0.0,False,False,0.0,0.0,-0.0005764327075665413,-0.0,3.2196646763518784
2013-10-31 00:00:00-04:00,30.258235931396484,62.142696380615234,-0.43358333016673933,3.3141986891487534,-0.082,False,False,0.0,False,False,0.0,0.0,0.0016142284079587966,0.0,3.2196646763518784
2013-11-01 00:00:00-04:00,30.445056915283203,61.942386627197266,-0.4329760028308638,3.62548994763538,0.329,False,True,0.0,False,False,0.0,0.0,0.00543601332513796,0.0,3.2196646763518784
2013-11-04 00:00:00-05:00,30.495351791381836,61.82913589477539,-0.43263021807477203,3.7461992458504447,0.469,False,False,0.0,False,False,0.0,0.0,0.002108661776589571,0.0,3.2196646763518784
2013-11-05 00:00:00-05:00,30.258235931396484,61.62883758544922,-0.43220567631083684,3.6219025025266838,0.267,False,False,0.0,False,False,0.0,0.0,-0.002184685545938355,-0.0,3.2196646763518784
2013-11-06 00:00:00-05:00,30.40912437438965,62.17753601074219,-0.43169382279321755,3.5674661620494064,0.172,False,False,0.0,False,False,0.0,0.0,-0.000950840111134047,-0.0,3.2196646763518784
2013-11-07 00:00:00-05:00,30.20794105529785,61.00175476074219,-0.43154172371661265,3.883138656109086,0.626,False,True,0.0,False,False,0.0,0.0,0.00558388775725737,0.0,3.2196646763518784
2013-11-08 00:00:00-05:00,29.970800399780273,62.160125732421875,-0.430661091408739,3.2008528097510265,-0.393,False,False,0.0,False,True,0.0,0.0,-0.012024618471377854,-0.0,3.2196646763518784
2013-11-11 00:00:00-05:00,30.057037353515625,62.517208099365234,-0.4295831829753903,3.2006961074554603,-0.366,False,False,0.0,False,False,0.0,0.0,-2.753347269518088e-06,-0.0,3.2196646763518784
2013-11-12 00:00:00-05:00,29.631351470947266,63.00495147705078,-0.4278195172778605,2.6766035439203755,-1.114,False,False,0.0,False,False,0.0,0.0,-0.009261860582562932,-0.0,3.2196646763518784
2013-11-13 00:00:00-05:00,29.776382446289062,64.01525115966797,-0.4256898950436936,2.525736898934319,-1.287,False,False,0.0,False,False,0.0,0.0,-0.002645528800884938,-0.0,3.2196646763518784
2013-11-14 00:00:00-05:00,30.276763916015625,63.997802734375,-0.4241959817448071,3.1291531555969208,-0.414,False,False,0.0,False,False,0.0,0.0,0.010508016152768487,0.0,3.2196646763518784
2013-11-15 00:00:00-05:00,30.668373107910156,64.64344024658203,-0.42310213087734855,3.3175957923387465,-0.165,False,False,0.0,False,False,0.0,0.0,0.003247938574873703,0.0,3.2196646763518784
2013-11-18 00:00:00-05:00,30.70463752746582,63.666259765625,-0.42269024415717465,3.793530642559684,0.517,False,True,0.0,False,False,0.0,0.0,0.008260499887227686,0.0,3.2196646763518784
2013-11-19 00:00:00-05:00,30.748146057128906,62.401126861572266,-0.42311926493309626,4.34502712846356,1.314,False,False,0.0,False,False,0.0,0.0,0.009649768662880125,0.0,3.2196646763518784
2013-11-20 00:00:00-05:00,30.545085906982422,62.21791076660156,-0.4235860612511208,4.190446146083964,1.016,False,False,0.0,False,False,0.0,0.0,-0.0027167263209997242,-0.0,3.2196646763518784
2013-11-21 00:00:00-05:00,30.479820251464844,63.378334045410156,-0.42341101101388534,3.6447357569219783,0.073,False,False,0.0,False,False,0.0,0.0,-0.009521264871333446,-0.0,3.2196646763518784
2013-11-22 00:00:00-05:00,30.603105545043945,63.858219146728516,-0.42300149793974756,3.590983190213116,-0.042,False,False,0.0,False,False,0.0,0.0,-0.0009329576340872052,-0.0,3.2196646763518784
2013-11-25 00:00:00-05:00,30.378292083740234,64.1286849975586,-0.4221878251267196,3.3039420363844805,-0.509,False,False,0.0,False,True,0.0,0.0,-0.004996134958835527,-0.0,3.2196646763518784
2013-11-26 00:00:00-05:00,30.095474243164062,64.87028503417969,-0.420674460741415,2.806202068268636,-1.289,False,False,0.0,False,False,0.0,0.0,-0.008673732989768887,-0.0,3.2196646763518784
2013-11-27 00:00:00-05:00,30.262264251708984,64.59984588623047,-0.41941261699379845,3.1682738311689995,-0.621,False,False,0.0,False,False,0.0,0.0,0.006312681414945091,0.0,3.2196646763518784
2013-11-29 00:00:00-05:00,30.291282653808594,63.87566375732422,-0.4186712789987686,3.5483768116343732,0.099,False,False,0.0,False,False,0.0,0.0,0.006664476000954167,0.0,3.2196646763518784
2013-12-02 00:00:00-05:00,29.9504337310791,64.29444122314453,-0.41753975862832854,3.1049482616240773,-0.671,False,False,0.0,False,True,0.0,0.0,-0.007807401592439158,-0.0,3.2196646763518784
2013-12-03 00:00:00-05:00,29.914169311523438,64.03269958496094,-0.41647567607609126,3.2461074608995837,-0.365,False,False,0.0,False,False,0.0,0.0,0.0024947619840403157,0.0,3.2196646763518784
2013-12-04 00:00:00-05:00,30.030197143554688,63.448116302490234,-0.4158994689189658,3.6421592694402243,0.405,False,True,0.0,False,False,0.0,0.0,0.0070199255332359205,0.0,3.2196646763518784
2013-12-05 00:00:00-05:00,29.841655731201172,63.387062072753906,-0.4153019371281314,3.516886063525366,0.222,False,False,0.0,False,False,0.0,0.0,-0.0022303930689055963,-0.0,3.2196646763518784
2013-12-06 00:00:00-05:00,30.450817108154297,63.48301315307617,-0.41536748345006147,4.082037692933895,1.37,False,False,0.0,False,False,0.0,0.0,0.009946421023528993,0.0,3.2196646763518784
2013-12-09 00:00:00-05:00,30.17524528503418,63.25617599487305,-0.41538931702238396,3.8993055410761457,0.956,False,False,0.0,False,False,0.0,0.0,-0.0032369940819471114,-0.0,3.2196646763518784
2013-12-10 00:00:00-05:00,29.638591766357422,62.59305953979492,-0.4151116330285338,3.6554846045409057,0.499,False,False,0.0,False,False,0.0,0.0,-0.004383557878195947,-0.0,3.2196646763518784
2013-12-11 00:00:00-05:00,29.42102813720703,62.34006118774414,-0.41465643149191406,3.571320826109474,0.368,False,False,0.0,False,False,0.0,0.0,-0.001522754813171447,-0.0,3.2196646763518784
2013-12-12 00:00:00-05:00,29.508066177368164,62.26153564453125,-0.4143207623207832,3.7118192658633617,0.644,False,False,0.0,False,False,0.0,0.0,0.002540460805075171,0.0,3.2196646763518784
2013-12-13 00:00:00-05:00,29.392030715942383,62.846107482910156,-0.4136419390565466,3.396244954555282,-0.172,False,False,0.0,False,False,0.0,0.0,-0.005697540206107344,-0.0,3.2196646763518784
2013-12-16 00:00:00-05:00,29.74737548828125,64.20722198486328,-0.4126976441279206,3.2492062391297445,-0.541,False,False,0.0,False,True,0.0,0.0,-0.002614228666678375,-0.0,3.2196646763518784
2013-12-17 00:00:00-05:00,29.587831497192383,64.01524353027344,-0.411668434541509,3.2347764062912567,-0.575,False,False,0.0,False,False,0.0,0.0,-0.00025794787531234817,-0.0,3.2196646763518784
2013-12-18 00:00:00-05:00,30.131729125976562,65.19312286376953,-0.410757168169515,3.353186594327326,-0.288,False,False,0.0,False,False,0.0,0.0,0.0020806470358888667,0.0,3.2196646763518784
2013-12-19 00:00:00-05:00,29.899677276611328,64.62599182128906,-0.4099426116889818,3.4067294064013147,-0.159,False,False,0.0,False,False,0.0,0.0,0.0009494647914436861,0.0,3.2196646763518784
2013-12-20 00:00:00-05:00,30.138978958129883,65.36763000488281,-0.4091390377733785,3.394529716405902,-0.173,False,False,0.0,False,False,0.0,0.0,-0.00021446826222481428,-0.0,3.2196646763518784
2013-12-23 00:00:00-05:00,30.015703201293945,66.26628112792969,-0.4078590413893731,2.9884013040178345,-1.136,False,False,0.0,False,True,0.0,0.0,-0.007119688236730857,-0.0,3.2196646763518784
2013-12-24 00:00:00-05:00,30.102720260620117,66.3797378540039,-0.40660598260381126,3.112321725509453,-0.782,False,False,0.0,False,False,0.0,0.0,0.002170496622105795,0.0,3.2196646763518784
2013-12-26 00:00:00-05:00,29.892419815063477,66.41461944580078,-0.4052081053503736,2.9806777018644617,-1.051,False,False,0.0,False,False,0.0,0.0,-0.0023175066610654966,-0.0,3.2196646763518784
2013-12-27 00:00:00-05:00,29.943174362182617,65.9085693359375,-0.40415891392137615,3.3056385612584016,-0.214,False,False,0.0,False,False,0.0,0.0,0.005743315318191765,0.0,3.2196646763518784
2013-12-30 00:00:00-05:00,29.993938446044922,66.51060485839844,-0.4030593646032213,3.1862163124429266,-0.513,False,False,0.0,False,False,0.0,0.0,-0.0021024429144641276,-0.0,3.2196646763518784
2013-12-31 00:00:00-05:00,29.97943687438965,67.68849182128906,-0.401498341121164,2.802619695148614,-1.406,False,False,0.0,False,False,0.0,0.0,-0.0067113673498332685,-0.0,3.2196646763518784
2014-01-02 00:00:00-05:00,29.53707504272461,67.00792694091797,-0.3997649603472858,2.7496537862347132,-1.555,True,False,1.0,False,False,0.0,1.0,-0.0009403707515204112,-0.0,3.2196646763518784
2014-01-03 00:00:00-05:00,29.50082015991211,66.72872924804688,-0.39820175089915727,2.9293233380640373,-1.202,False,False,1.0,False,False,0.0,1.0,0.003204246970706935,0.003204246970706935,3.222868923322585
2014-01-06 00:00:00-05:00,29.232484817504883,65.83878326416016,-0.3968859358755252,3.101997704802816,-0.751,False,False,1.0,False,False,0.0,1.0,0.0031189504594597945,0.0031189504594597945,3.225987873782045
2014-01-07 00:00:00-05:00,29.73287582397461,66.24884796142578,-0.3960863645515495,3.4926104792051405,0.247,False,True,0.0,False,False,0.0,0.0,0.006978575192425438,0.006978575192425438,3.2329664489744703
2014-01-08 00:00:00-05:00,29.508066177368164,66.61527252197266,-0.39506562952922625,3.190661602214071,-0.495,False,False,0.0,False,True,0.0,0.0,-0.005408801267966505,-0.0,3.2329664489744703
2014-01-09 00:00:00-05:00,29.551570892333984,66.92068481445312,-0.39398493321629113,3.1858293549232,-0.466,False,False,0.0,False,False,0.0,0.0,-8.641773148418278e-05,-0.0,3.2329664489744703
2014-01-10 00:00:00-05:00,30.05195426940918,66.81598663330078,-0.3935529150682607,3.756327956711715,1.336,False,True,0.0,False,False,0.0,0.0,0.01012463349614834,0.0,3.2329664489744703
2014-01-13 00:00:00-05:00,29.72562599182129,64.04141998291016,-0.3941261755421288,4.485226057669646,3.044,False,False,0.0,True,False,-1.0,-1.0,0.013260884131219444,0.0,3.2329664489744703
2014-01-14 00:00:00-05:00,29.72562599182129,64.87028503417969,-0.3945415512046321,4.131603107349406,1.936,False,False,0.0,False,False,-1.0,-1.0,-0.006392357101018811,0.006392357101018811,3.239358806075489
2014-01-15 00:00:00-05:00,29.66036033630371,65.59447479248047,-0.3945130854519991,3.7824816973188646,0.993,False,False,0.0,False,False,-1.0,-1.0,-0.006286144762095914,0.006286144762095914,3.245644950837585
2014-01-16 00:00:00-05:00,29.805387496948242,64.83538055419922,-0.3948626418579983,4.20431784544845,1.902,False,False,0.0,True,False,-1.0,-1.0,0.007613483515096068,-0.007613483515096068,3.238031467322489
2014-01-17 00:00:00-05:00,29.83440399169922,64.7132568359375,-0.39535922348128033,4.249421020098314,1.841,False,False,0.0,False,False,-1.0,-1.0,0.0008138519229693363,-0.0008138519229693363,3.2372176153995196
2014-01-21 00:00:00-05:00,30.095474243164062,63.613922119140625,-0.39660688146151374,4.86575497395609,2.779,False,False,0.0,False,False,-1.0,-1.0,0.011140204213112221,-0.011140204213112221,3.2260774111864072
2014-01-22 00:00:00-05:00,30.21150016784668,63.832027435302734,-0.3979783415472388,4.80773575154705,2.351,False,False,0.0,False,False,-1.0,-1.0,-0.001043224784470041,0.001043224784470041,3.227120635970877
2014-01-23 00:00:00-05:00,30.197002410888672,62.706485748291016,-0.39975531216395854,5.12975162587578,2.555,False,False,0.0,False,False,-1.0,-1.0,0.0058268384300289725,-0.0058268384300289725,3.221293797540848
2014-01-24 00:00:00-05:00,30.044702529907227,61.231971740722656,-0.4019856997237025,5.430325524250851,2.631,False,False,0.0,False,False,-1.0,-1.0,0.005499066228868778,-0.005499066228868778,3.2157947313119792
2014-01-27 00:00:00-05:00,30.03745460510254,61.47627639770508,-0.4040684644484299,5.196830001074595,2.061,False,False,0.0,False,False,-1.0,-1.0,-0.004254804952018205,0.004254804952018205,3.2200495362639976
2014-01-28 00:00:00-05:00,30.073715209960938,61.66823196411133,-0.40593751716913223,5.0402662382394645,1.726,False,False,0.0,False,False,-1.0,-1.0,-0.002841078200267328,0.002841078200267328,3.222890614464265
2014-01-29 00:00:00-05:00,30.146223068237305,60.20244216918945,-0.40836406355664767,5.561709147993017,2.173,False,False,0.0,False,False,-1.0,-1.0,0.009527423499948368,-0.009527423499948368,3.2133631909643166
2014-01-30 00:00:00-05:00,30.661117553710938,58.85877990722656,-0.41194074563965954,6.414787871287416,2.73,False,False,0.0,False,False,-1.0,-1.0,0.01553666699574752,-0.01553666699574752,3.197826523968569
2014-01-31 00:00:00-05:00,30.94394874572754,58.029911041259766,-0.4162698176203636,6.787848260056414,2.673,False,False,0.0,False,False,-1.0,-1.0,0.006770599917293908,-0.006770599917293908,3.191055924051275
2014-02-03 00:00:00-05:00,30.59584617614746,55.3338737487793,-0.4213846620683904,7.2790004855831185,2.679,False,False,0.0,False,False,-1.0,-1.0,0.009110141017276205,-0.009110141017276205,3.1819457830339988
2014-02-04 00:00:00-05:00,30.574094772338867,55.447322845458984,-0.4263416519866294,6.934591552169909,2.144,False,False,0.0,False,False,-1.0,-1.0,-0.006352814536692544,0.006352814536692544,3.1882985975706912
2014-02-05 00:00:00-05:00,30.450817108154297,55.61307907104492,-0.4307671092871114,6.494531798164719,1.665,False,False,0.0,False,False,-1.0,-1.0,-0.008088277714610249,0.008088277714610249,3.1963868752853015
2014-02-06 00:00:00-05:00,30.400049209594727,56.7996826171875,-0.4341747551004069,5.739060919496506,1.038,False,False,0.0,False,False,-1.0,-1.0,-0.013720607401784352,0.013720607401784352,3.2101074826870857
2014-02-07 00:00:00-05:00,30.530574798583984,58.03861999511719,-0.4366566557033207,5.187625089880235,0.592,False,False,0.0,False,False,-1.0,-1.0,-0.00986935824219117,0.00986935824219117,3.219976840929277
2014-02-10 00:00:00-05:00,30.8206729888916,57.60239028930664,-0.4392864526251109,5.516723295974952,0.789,False,False,0.0,False,False,-1.0,-1.0,0.005863704562621275,-0.005863704562621275,3.2141131363666555
2014-02-11 00:00:00-05:00,31.306549072265625,57.2970085144043,-0.4424927011172982,5.953041008786034,1.049,False,False,0.0,False,False,-1.0,-1.0,0.007700622534950138,-0.007700622534950138,3.2064125138317054
2014-02-12 00:00:00-05:00,31.379711151123047,57.58494186401367,-0.4455867114807714,5.720626275125792,0.826,False,False,0.0,False,False,-1.0,-1.0,-0.004074678111188317,0.004074678111188317,3.2104871919428937
2014-02-13 00:00:00-05:00,31.69439125061035,57.74197769165039,-0.44873386749672106,5.783610284126681,0.822,False,False,0.0,False,False,-1.0,-1.0,0.001093374198475166,-0.001093374198475166,3.2093938177444183
2014-02-14 00:00:00-05:00,31.921260833740234,57.32318115234375,-0.45216621763598547,6.001654829222549,0.931,False,False,0.0,False,False,-1.0,-1.0,0.003769731627736357,-0.003769731627736357,3.205624086116682
2014-02-18 00:00:00-05:00,32.09687805175781,58.047359466552734,-0.45528231402592806,5.6689419107308225,0.634,False,False,0.0,False,False,-1.0,-1.0,-0.005684988890280739,0.005684988890280739,3.211309075006963
2014-02-19 00:00:00-05:00,31.811487197875977,57.25339889526367,-0.4581984722742736,5.578067291556575,0.521,False,False,0.0,False,False,-1.0,-1.0,-0.0015655916032584897,0.0015655916032584897,3.2128746666102215
2014-02-20 00:00:00-05:00,32.11885452270508,57.4981575012207,-0.461100282770347,5.606437840118264,0.498,False,False,0.0,False,False,-1.0,-1.0,0.0004838808365991653,-0.0004838808365991653,3.2123907857736222
2014-02-21 00:00:00-05:00,32.14079666137695,58.0489387512207,-0.4635448163781421,5.232512006996334,0.139,False,False,0.0,False,False,-1.0,-1.0,-0.006332458097398819,0.006332458097398819,3.218723243871021
2014-02-24 00:00:00-05:00,32.02370071411133,58.37238693237305,-0.46540058640607207,4.857157605862774,-0.249,False,False,0.0,False,True,0.0,0.0,-0.00634149104470769,0.00634149104470769,3.2250647349157284
2014-02-25 00:00:00-05:00,32.06029510498047,60.49677658081055,-0.46588335093110794,3.8758541109818765,-1.21,False,False,0.0,False,False,0.0,0.0,-0.016288618034091235,-0.0,3.2250647349157284
2014-02-26 00:00:00-05:00,31.921260833740234,61.59832000732422,-0.4652209698543022,3.2644306585371936,-1.764,True,False,1.0,False,False,0.0,1.0,-0.010093144935095711,-0.0,3.2250647349157284
2014-02-27 00:00:00-05:00,31.85538673400879,61.47593307495117,-0.4642973585086312,3.3122733954555663,-1.733,False,False,1.0,False,False,0.0,1.0,0.0007921179642026711,0.0007921179642026711,3.225856852879931
2014-02-28 00:00:00-05:00,32.170074462890625,61.68572998046875,-0.4636212558968736,3.5712588584302765,-1.528,False,False,1.0,False,False,0.0,1.0,0.004261809993364583,0.004261809993364583,3.2301186628732954
2014-03-03 00:00:00-05:00,31.804168701171875,61.32731246948242,-0.4628307884578256,3.420000316921886,-1.64,False,False,1.0,False,False,0.0,1.0,-0.0025130872330584226,-0.0025130872330584226,3.227605575640237
2014-03-04 00:00:00-05:00,32.3603401184082,62.71731185913086,-0.4619681709547526,3.386938271646706,-1.585,False,False,1.0,False,False,0.0,1.0,-0.0005390514945909467,-0.0005390514945909467,3.2270665241456458
2014-03-05 00:00:00-05:00,32.089561462402344,62.71731185913086,-0.46084387945694666,3.186672156129312,-1.686,False,False,1.0,False,False,0.0,1.0,-0.003283457427820674,-0.003283457427820674,3.223783066717825
2014-03-06 00:00:00-05:00,31.95052146911621,63.19815444946289,-0.4593272915668704,2.92188435381966,-1.834,False,False,1.0,False,False,0.0,1.0,-0.004342267234519298,-0.004342267234519298,3.219440799483306
2014-03-07 00:00:00-05:00,31.95052146911621,63.574073791503906,-0.45762889389620537,2.8571883994345377,-1.777,False,False,1.0,False,False,0.0,1.0,-0.0010598274777029908,-0.0010598274777029908,3.218380972005603
2014-03-10 00:00:00-04:00,32.009071350097656,63.425472259521484,-0.45615420910153154,3.077275214664507,-1.52,False,False,1.0,False,False,0.0,1.0,0.003611481495274486,0.003611481495274486,3.2219924535008775
2014-03-11 00:00:00-04:00,31.89198875427246,63.04954528808594,-0.4549059984232264,3.2103724048653,-1.337,False,False,1.0,False,False,0.0,1.0,0.0021972803166161224,0.0021972803166161224,3.2241897338174934
2014-03-12 00:00:00-04:00,32.484737396240234,63.02330017089844,-0.45448373168779305,3.841672751290389,-0.819,False,False,1.0,False,False,0.0,1.0,0.010327548600548348,0.010327548600548348,3.2345172824180417
2014-03-13 00:00:00-04:00,32.916507720947266,61.95676040649414,-0.4553252046365234,4.70603311024427,-0.149,False,False,1.0,False,False,0.0,1.0,0.01414040618370807,0.01414040618370807,3.24865768860175
2014-03-14 00:00:00-04:00,33.15800857543945,62.12284469604492,-0.4566092060040642,4.792145784064591,-0.069,False,False,1.0,False,False,0.0,1.0,0.0013996627960373956,0.0013996627960373956,3.2500573513977873
2014-03-17 00:00:00-04:00,33.41414260864258,63.2243537902832,-0.4576375280508079,4.480305627447649,-0.291,False,False,1.0,False,True,0.0,1.0,-0.005001608049986764,-0.005001608049986764,3.2450557433478004
2014-03-18 00:00:00-04:00,33.39217758178711,64.70182800292969,-0.4577475832018251,3.7750721847058735,-0.795,False,False,1.0,False,False,0.0,1.0,-0.011192532423806382,-0.011192532423806382,3.233863210923994
2014-03-19 00:00:00-04:00,32.938453674316406,64.30842590332031,-0.45731651779794225,3.5291482751429726,-0.928,False,False,1.0,False,False,0.0,1.0,-0.003944390515672396,-0.003944390515672396,3.229918820408322
2014-03-20 00:00:00-04:00,32.821372985839844,64.75428771972656,-0.4564269501114607,3.2657709352850333,-1.064,False,False,1.0,False,False,0.0,1.0,-0.0042223487064620945,-0.0042223487064620945,3.22569647170186
2014-03-21 00:00:00-04:00,33.01165008544922,65.01653289794922,-0.455569408608926,3.3921066433277147,-0.918,False,False,1.0,False,False,0.0,1.0,0.0020171371632422674,0.0020171371632422674,3.2277136088651024
2014-03-24 00:00:00-04:00,33.26044845581055,63.993709564208984,-0.4555750689237177,4.106509810411666,-0.311,False,False,1.0,False,False,0.0,1.0,0.011446129654778068,0.011446129654778068,3.2391597385198803
2014-03-25 00:00:00-04:00,33.58977127075195,62.80474090576172,-0.45675374932800755,4.903470386471202,0.435,False,True,0.0,False,False,0.0,0.0,0.012797219678138159,0.012797219678138159,3.2519569581980186
2014-03-26 00:00:00-04:00,33.3702278137207,61.572086334228516,-0.45851646233066645,5.138412609431871,0.716,False,False,0.0,False,False,0.0,0.0,0.003813870635621334,0.0,3.2519569581980186
2014-03-27 00:00:00-04:00,33.597076416015625,61.40598678588867,-0.4606395912909555,5.311047760146053,0.903,False,False,0.0,False,False,0.0,0.0,0.002789697616395366,0.0,3.2519569581980186
2014-03-28 00:00:00-04:00,33.6190299987793,61.86932373046875,-0.4624974060530185,5.00462825918304,0.618,False,False,0.0,False,False,0.0,0.0,-0.004923712101418041,-0.0,3.2519569581980186
2014-03-31 00:00:00-04:00,34.06544876098633,61.74692916870117,-0.4647212739495912,5.3703371752323505,0.977,False,False,0.0,False,False,0.0,0.0,0.005827049886566304,0.0,3.2519569581980186
2014-04-01 00:00:00-04:00,34.09471130371094,62.69982147216797,-0.46642583178341296,4.8498949208834965,0.524,False,False,0.0,False,False,0.0,0.0,-0.008216705639556959,-0.0,3.2519569581980186
2014-04-02 00:00:00-04:00,34.06544876098633,63.17190933227539,-0.46760662080798665,4.525845708132515,0.244,False,False,0.0,False,False,0.0,0.0,-0.005094708730045721,-0.0,3.2519569581980186
2014-04-03 00:00:00-04:00,34.270347595214844,62.10536193847656,-0.4693551131448955,5.1208784156764935,0.898,False,False,0.0,False,False,0.0,0.0,0.0093824412905093,0.0,3.2519569581980186
2014-04-04 00:00:00-04:00,34.3874397277832,60.453060150146484,-0.4721133301612705,5.84674418185795,1.682,False,False,0.0,True,False,-1.0,-1.0,0.011534836731205754,0.0,3.2519569581980186
2014-04-07 00:00:00-04:00,34.25571823120117,58.555992126464844,-0.4757896695216113,6.3953820888403925,2.15,False,False,0.0,False,False,-1.0,-1.0,0.008832465495682795,-0.008832465495682795,3.2431244927023357
2014-04-08 00:00:00-04:00,34.67283630371094,59.35153579711914,-0.47951166705671655,6.2130824312579485,1.886,False,False,0.0,False,False,-1.0,-1.0,-0.0028875681652496543,0.0028875681652496543,3.2460120608675855
2014-04-09 00:00:00-04:00,34.431339263916016,60.453060150146484,-0.4821486506006839,5.283977887840912,0.988,False,False,0.0,False,False,-1.0,-1.0,-0.014613455985488133,0.014613455985488133,3.260625516853074
2014-04-10 00:00:00-04:00,34.314247131347656,59.09800338745117,-0.4849377129310073,5.655396529848165,1.327,False,False,0.0,False,False,-1.0,-1.0,0.005898052587200562,-0.005898052587200562,3.2547274642658732
2014-04-11 00:00:00-04:00,34.32889175415039,58.652156829833984,-0.48784636714185786,5.715650119681374,1.33,False,False,0.0,False,False,-1.0,-1.0,0.0009572854714216558,-0.0009572854714216558,3.2537701787944515
2014-04-14 00:00:00-04:00,34.56306076049805,58.44234085083008,-0.49097951714531657,5.869068468715486,1.382,False,False,0.0,False,False,-1.0,-1.0,0.002425316097278751,-0.002425316097278751,3.251344862697173
2014-04-15 00:00:00-04:00,35.177772521972656,58.32868957519531,-0.4947263100499887,6.321035158385037,1.673,False,False,0.0,True,False,-1.0,-1.0,0.007058173639140611,-0.007058173639140611,3.244286689058032
2014-04-16 00:00:00-04:00,35.433902740478516,58.4773063659668,-0.49859846859701684,6.277207338728886,1.524,False,False,0.0,False,False,-1.0,-1.0,-0.0006785479762804273,0.0006785479762804273,3.2449652370343127
2014-04-17 00:00:00-04:00,34.84114456176758,58.79202651977539,-0.5014083435710537,5.36233192930154,0.665,False,False,0.0,False,False,-1.0,-1.0,-0.014223818692301085,0.014223818692301085,3.2591890557266137
2014-04-21 00:00:00-04:00,34.753334045410156,58.75705337524414,-0.503683698860582,5.158364067218546,0.443,False,False,0.0,False,False,-1.0,-1.0,-0.003169747286706768,0.003169747286706768,3.2623588030133206
2014-04-22 00:00:00-04:00,34.775291442871094,59.0018424987793,-0.5055588420399503,4.946388270964707,0.212,False,False,0.0,False,False,-1.0,-1.0,-0.003281146023378358,0.003281146023378358,3.2656399490366987
2014-04-23 00:00:00-04:00,34.84114456176758,58.8707160949707,-0.5073572718670823,4.972658650961705,0.194,False,False,0.0,False,False,-1.0,-1.0,0.0004059732655733849,-0.0004059732655733849,3.2652339757711255
2014-04-24 00:00:00-04:00,34.9509162902832,58.3024787902832,-0.509469628598896,5.247574074602607,0.412,False,True,0.0,False,False,-1.0,-1.0,0.004252085322663524,-0.004252085322663524,3.2609818904484618
2014-04-25 00:00:00-04:00,35.587589263916016,57.41950225830078,-0.5127615741394093,6.145074899648343,1.271,False,False,0.0,False,False,-1.0,-1.0,0.013801313160706138,-0.013801313160706138,3.2471805772877556
2014-04-28 00:00:00-04:00,35.433902740478516,58.08389663696289,-0.5155898995182908,5.4864323097960295,0.535,False,False,0.0,False,False,-1.0,-1.0,-0.010073856786826147,0.010073856786826147,3.2572544340745817
2014-04-29 00:00:00-04:00,35.21437072753906,58.35491180419922,-0.517704181065948,5.003788900770488,-0.066,False,False,0.0,False,False,-1.0,-1.0,-0.007377054016583526,0.007377054016583526,3.2646314880911653
2014-04-30 00:00:00-04:00,35.477821350097656,58.78327941894531,-0.5195409222668936,4.937502146906301,-0.19,False,False,0.0,False,False,-1.0,-1.0,-0.0010040687803177534,0.0010040687803177534,3.265635556871483
2014-05-01 00:00:00-04:00,35.8217658996582,58.31121063232422,-0.5218555269040888,5.391738350711346,0.346,False,True,0.0,False,False,-1.0,-1.0,0.0068562099252063285,-0.0068562099252063285,3.2587793469462767
2014-05-02 00:00:00-04:00,34.96554946899414,58.63467025756836,-0.5229714143595284,4.301293033889042,-0.97,False,False,0.0,False,True,0.0,0.0,-0.016615092819498876,0.016615092819498876,3.2753944397657757
2014-05-05 00:00:00-04:00,35.14119338989258,58.41611099243164,-0.52403075441374,4.529354676611852,-0.694,False,False,0.0,False,False,0.0,0.0,0.0034684581901098964,0.0,3.2753944397657757
2014-05-06 00:00:00-04:00,34.877742767333984,57.096012115478516,-0.5254952425884225,4.874060029879093,-0.326,False,False,0.0,False,False,0.0,0.0,0.005312851106235297,0.0,3.2753944397657757
2014-05-07 00:00:00-04:00,35.455875396728516,56.256771087646484,-0.528141155856504,5.744359289744146,0.74,False,True,0.0,False,False,0.0,0.0,0.01335482731137809,0.0,3.2753944397657757
2014-05-08 00:00:00-04:00,34.81187057495117,56.32670974731445,-0.5301536919567195,4.950057446637878,-0.448,False,False,0.0,False,True,0.0,0.0,-0.01228168549592259,-0.0,3.2753944397657757
2014-05-09 00:00:00-04:00,33.90443801879883,57.20968246459961,-0.5302898391441117,3.5667247071605956,-2.61,True,False,1.0,False,False,0.0,1.0,-0.0215331010999608,-0.0,3.2753944397657757
2014-05-12 00:00:00-04:00,33.4690055847168,58.1363525390625,-0.5288494390724744,2.723628154713971,-3.298,False,False,1.0,False,False,0.0,1.0,-0.013129403614348589,-0.013129403614348589,3.262265036151427
2014-05-13 00:00:00-04:00,33.31404113769531,56.580223083496094,-0.5278560352236382,3.4478289087720917,-2.12,False,False,1.0,False,False,0.0,1.0,0.011462454097101709,0.011462454097101709,3.2737274902485285
2014-05-14 00:00:00-04:00,33.79373550415039,56.08190155029297,-0.5279015329075977,4.188013707377753,-1.149,False,False,1.0,False,False,0.0,1.0,0.011674939031298057,0.011674939031298057,3.2854024292798267
2014-05-15 00:00:00-04:00,33.61660385131836,55.3544921875,-0.5284610961324355,4.363908234057771,-0.892,False,False,1.0,False,False,0.0,1.0,0.002797780922752726,0.002797780922752726,3.2882002102025796
2014-05-16 00:00:00-04:00,33.48377990722656,55.93292999267578,-0.528616678034673,3.9167002617523607,-1.348,False,False,1.0,False,False,0.0,1.0,-0.007092813253903595,-0.007092813253903595,3.281107396948676
2014-05-19 00:00:00-04:00,33.055721282958984,55.80145263671875,-0.5282373257139092,3.579311171187303,-1.611,True,False,1.0,False,False,0.0,1.0,-0.0053954516348612425,-0.0053954516348612425,3.275711945313815
2014-05-20 00:00:00-04:00,33.08523941040039,55.731346130371094,-0.5278144409338436,3.6694301101080455,-1.426,False,False,1.0,False,False,0.0,1.0,0.0014418788289119503,0.0014418788289119503,3.277153824142727
2014-05-21 00:00:00-04:00,32.94500732421875,56.06438446044922,-0.5270386668277289,3.396908881666352,-1.62,True,False,1.0,False,False,0.0,1.0,-0.004360820687305293,-0.004360820687305293,3.272793003455422
2014-05-22 00:00:00-04:00,33.29189682006836,55.731346130371094,-0.5268253794828087,3.931209245847846,-1.013,False,False,1.0,False,False,0.0,1.0,0.008527986025588408,0.008527986025588408,3.28132098948101
2014-05-23 00:00:00-04:00,33.3066520690918,55.86280059814453,-0.5267153326582895,3.882858468816405,-1.002,False,False,1.0,False,False,0.0,1.0,-0.0007707705009188538,-0.0007707705009188538,3.2805502189800912
2014-05-27 00:00:00-04:00,33.31404113769531,56.79180908203125,-0.5260776901132497,3.4371373984676374,-1.379,False,False,1.0,False,False,0.0,1.0,-0.007053559196130055,-0.007053559196130055,3.273496659783961
2014-05-28 00:00:00-04:00,33.446868896484375,55.86280059814453,-0.5260643454968107,4.059441262202629,-0.693,False,False,1.0,False,False,0.0,1.0,0.009903888450955878,0.009903888450955878,3.283400548234917
2014-05-29 00:00:00-04:00,33.28449249267578,55.75763702392578,-0.526097240917289,3.9505534943207437,-0.764,False,False,1.0,False,False,0.0,1.0,-0.0017389092203224854,-0.0017389092203224854,3.2816616390145943
2014-05-30 00:00:00-04:00,33.5944709777832,56.98462677001953,-0.525748063190514,3.634913821811118,-1.034,False,False,1.0,False,False,0.0,1.0,-0.00496647784221219,-0.00496647784221219,3.2766951611723822
2014-06-02 00:00:00-04:00,33.54281234741211,57.01091384887695,-0.525240956000618,3.598345454959105,-1.012,False,False,1.0,False,False,0.0,1.0,-0.0005759951802919692,-0.0005759951802919692,3.2761191659920903
2014-06-03 00:00:00-04:00,33.498538970947266,57.25630569458008,-0.5245220312737037,3.466345204797996,-1.09,False,False,1.0,False,False,0.0,1.0,-0.002077738512907665,-0.002077738512907665,3.2740414274791827
2014-06-04 00:00:00-04:00,33.58708953857422,57.124855041503906,-0.5239780424359236,3.6549198194910986,-0.848,False,False,1.0,False,False,0.0,1.0,0.0029687785546770166,0.0029687785546770166,3.2770102060338595
2014-06-05 00:00:00-04:00,33.852783203125,57.44036102294922,-0.5236356737486211,3.7749610585089535,-0.673,False,False,1.0,False,False,0.0,1.0,0.00187768031234662,0.00187768031234662,3.2788878863462063
2014-06-06 00:00:00-04:00,33.77159881591797,57.83475112915039,-0.5230353004854851,3.521982380579548,-0.924,False,False,1.0,False,False,0.0,1.0,-0.003951481972601903,-0.003951481972601903,3.2749364043736042
2014-06-09 00:00:00-04:00,33.60184097290039,58.01001739501953,-0.522100581559699,3.3147771546724414,-1.11,False,False,1.0,False,False,0.0,1.0,-0.003243211424339193,-0.003243211424339193,3.271693192949265
2014-06-10 00:00:00-04:00,33.439491271972656,57.53675842285156,-0.5212383259932017,3.449127628570256,-0.892,False,False,1.0,False,False,0.0,1.0,0.0021180952420127466,0.0021180952420127466,3.2738112881912778
2014-06-11 00:00:00-04:00,32.959781646728516,57.7558708190918,-0.5197613941556078,2.940509709126175,-1.415,False,False,1.0,False,False,0.0,1.0,-0.008075985434792637,-0.008075985434792637,3.265735302756485
2014-06-12 00:00:00-04:00,33.04834747314453,57.01091384887695,-0.5187728398547234,3.4726337930496527,-0.729,False,False,1.0,False,False,0.0,1.0,0.008497118745163845,0.008497118745163845,3.2742324215016487
2014-06-13 00:00:00-04:00,33.262367248535156,56.96709442138672,-0.5182578080910346,3.7387257603922706,-0.354,False,False,1.0,False,False,0.0,1.0,0.004238077442676707,0.004238077442676707,3.2784704989443254
2014-06-16 00:00:00-04:00,33.55757522583008,56.40618896484375,-0.5185880022647836,4.306002375181873,0.502,False,True,0.0,False,False,0.0,0.0,0.009031751459180264,0.009031751459180264,3.287502250403506
2014-06-17 00:00:00-04:00,33.38044357299805,56.48506164550781,-0.5188721401994943,4.0719187476930365,0.208,False,False,0.0,False,False,0.0,0.0,-0.0037340481662029154,-0.0,3.287502250403506
2014-06-18 00:00:00-04:00,34.18488311767578,56.58145523071289,-0.5200050869397538,4.762238571251139,1.276,False,False,0.0,False,False,0.0,0.0,0.01085280074401812,0.0,3.287502250403506
2014-06-19 00:00:00-04:00,34.59817886352539,56.2572021484375,-0.5219737611013457,5.23339546906676,2.038,False,False,0.0,True,False,-1.0,-1.0,0.007366089392722122,0.0,3.287502250403506
2014-06-20 00:00:00-04:00,34.60554885864258,55.258087158203125,-0.5246594305987712,5.613872314242457,2.351,False,False,0.0,False,False,-1.0,-1.0,0.005982601328351238,-0.005982601328351238,3.281519649075155
2014-06-23 00:00:00-04:00,33.409976959228516,55.21426010131836,-0.5260023610011973,4.367145785000847,0.584,False,False,0.0,False,False,-1.0,-1.0,-0.01996269769931664,0.01996269769931664,3.3014823467744714
2014-06-24 00:00:00-04:00,33.978248596191406,54.82863998413086,-0.5277945384697228,5.03999186084447,1.525,False,False,0.0,True,False,-1.0,-1.0,0.010694269688026413,-0.010694269688026413,3.290788077086445
2014-06-25 00:00:00-04:00,34.044654846191406,54.56570816040039,-0.5298389683796015,5.133616325582459,1.785,False,False,0.0,False,False,-1.0,-1.0,0.0014871484965228179,-0.0014871484965228179,3.289300928589922
2014-06-26 00:00:00-04:00,34.42843246459961,53.32120132446289,-0.5330497412865006,6.00557989350925,2.761,False,False,0.0,False,False,-1.0,-1.0,0.013873440573755148,-0.013873440573755148,3.275427488016167
2014-06-27 00:00:00-04:00,34.53174591064453,52.76906204223633,-0.5368604498596882,6.2021235239757395,2.607,False,False,0.0,False,False,-1.0,-1.0,0.003126620304173208,-0.003126620304173208,3.272300867711994
2014-06-30 00:00:00-04:00,34.62770462036133,52.935577392578125,-0.5406228537306202,6.009521706507638,2.173,False,False,0.0,False,False,-1.0,-1.0,-0.0030452860253389184,0.0030452860253389184,3.2753461537373325
2014-07-01 00:00:00-04:00,34.3029670715332,53.53153991699219,-0.5433825667739579,5.214861508075401,1.17,False,False,0.0,False,False,-1.0,-1.0,-0.012535837703960774,0.012535837703960774,3.287881991441293
2014-07-02 00:00:00-04:00,33.46161651611328,53.36502456665039,-0.5447996885651326,4.388367751931497,0.207,False,False,0.0,False,False,-1.0,-1.0,-0.013216527331423466,0.013216527331423466,3.3010985187727164
2014-07-03 00:00:00-04:00,33.144287109375,54.031097412109375,-0.5449429818319388,3.7004197739681643,-0.563,False,False,0.0,False,True,0.0,0.0,-0.010991664222505113,0.010991664222505113,3.3120901829952216
2014-07-07 00:00:00-04:00,33.35830307006836,53.934696197509766,-0.5450328473994277,3.962122027916525,-0.263,False,False,0.0,False,False,0.0,0.0,0.004170255841484948,0.0,3.3120901829952216
2014-07-08 00:00:00-04:00,33.50590133666992,53.277374267578125,-0.5457036119830568,4.432245761879372,0.251,False,True,0.0,False,False,0.0,0.0,0.007512417108161902,0.0,3.3120901829952216
2014-07-09 00:00:00-04:00,33.37306213378906,53.794464111328125,-0.5460038129313833,4.001079614403448,-0.262,False,False,0.0,False,True,0.0,0.0,-0.006871716322128852,-0.0,3.3120901829952216
2014-07-10 00:00:00-04:00,33.660888671875,52.514896392822266,-0.547355182217021,4.916587987673793,0.757,False,True,0.0,False,False,0.0,0.0,0.014670388516034603,0.0,3.3120901829952216
2014-07-11 00:00:00-04:00,33.37306213378906,52.89175033569336,-0.5483354731391908,4.370639188306686,0.103,False,False,0.0,False,False,0.0,0.0,-0.008752618094645262,-0.0,3.3120901829952216
2014-07-14 00:00:00-04:00,33.06310272216797,53.15468978881836,-0.5486057236136095,3.902135667116333,-0.448,False,False,0.0,False,True,0.0,0.0,-0.007529297309991665,-0.0,3.3120901829952216
2014-07-15 00:00:00-04:00,33.188560485839844,53.44389724731445,-0.5486151132195486,3.8684307466105032,-0.509,False,False,0.0,False,False,0.0,0.0,-0.0005392037552614174,-0.0,3.3120901829952216
2014-07-16 00:00:00-04:00,33.32878875732422,53.41761016845703,-0.5487341523157295,4.0167217228038545,-0.331,False,False,0.0,False,False,0.0,0.0,0.0023673204064472214,0.0,3.3120901829952216
2014-07-17 00:00:00-04:00,33.107383728027344,53.5490608215332,-0.5485251658898189,3.7343762576518387,-0.656,False,False,0.0,False,False,0.0,0.0,-0.0045189452200362235,-0.0,3.3120901829952216
2014-07-18 00:00:00-04:00,33.49115753173828,54.53066635131836,-0.5480491733347559,3.6056709165048666,-0.807,False,False,0.0,False,False,0.0,0.0,-0.0020308008238571584,-0.0,3.3120901829952216
2014-07-21 00:00:00-04:00,33.446868896484375,54.00481033325195,-0.5478205375065627,3.861924671782319,-0.516,False,False,0.0,False,False,0.0,0.0,0.004065466985453406,0.0,3.3120901829952216
2014-07-22 00:00:00-04:00,33.47639465332031,53.978519439697266,-0.5477305523339762,3.9107103864446593,-0.479,False,False,0.0,False,False,0.0,0.0,0.0007738595474317656,0.0,3.3120901829952216
2014-07-23 00:00:00-04:00,33.56495666503906,53.522769927978516,-0.5480920867301533,4.229550007635421,-0.117,False,False,0.0,False,False,0.0,0.0,0.005068963108469047,0.0,3.3120901829952216
2014-07-24 00:00:00-04:00,33.64613342285156,57.0634880065918,-0.5463268317637523,2.470818810821388,-2.069,True,False,1.0,False,True,0.0,1.0,-0.027131933181554716,-0.0,3.3120901829952216
2014-07-25 00:00:00-04:00,33.3214111328125,55.62617874145508,-0.5446302503315119,3.025711479868395,-1.393,False,False,1.0,False,False,0.0,1.0,0.008722380853096573,0.008722380853096573,3.3208125638483184
2014-07-28 00:00:00-04:00,34.01513671875,55.591121673583984,-0.5439216322200979,3.7779230811081383,-0.576,False,False,1.0,False,False,0.0,1.0,0.011707145296123987,0.011707145296123987,3.3325197091444423
2014-07-29 00:00:00-04:00,33.46161651611328,55.687530517578125,-0.5428178030048428,3.233433545796384,-1.175,False,False,1.0,False,False,0.0,1.0,-0.008549085406176606,-0.008549085406176606,3.3239706237382656
2014-07-30 00:00:00-04:00,32.782657623291016,55.92415237426758,-0.5407120612023774,2.5437939220049692,-1.893,True,False,1.0,False,False,0.0,1.0,-0.010942922501657695,-0.010942922501657695,3.313027701236608
2014-07-31 00:00:00-04:00,32.1627311706543,54.48684310913086,-0.5386540751277743,2.813171089073272,-1.536,False,False,1.0,False,False,0.0,1.0,0.004379241312337129,0.004379241312337129,3.3174069425489447
2014-08-01 00:00:00-04:00,32.48006820678711,53.74187088012695,-0.5375990140532136,3.588491408255745,-0.7,False,False,1.0,False,False,0.0,1.0,0.012633200871758999,0.012633200871758999,3.3300401434207036
2014-08-04 00:00:00-04:00,32.14796829223633,54.17132568359375,-0.5362236315159554,3.100023310146142,-1.158,False,False,1.0,False,False,0.0,1.0,-0.00798203788412992,-0.00798203788412992,3.322058105536574
2014-08-05 00:00:00-04:00,31.638742446899414,54.180084228515625,-0.5342320450194042,2.694005250175941,-1.486,False,False,1.0,False,False,0.0,1.0,-0.0067017949836913815,-0.0067017949836913815,3.3153563105528825
2014-08-06 00:00:00-04:00,31.02618980407715,53.75940704345703,-0.5317301061284165,2.440694591458996,-1.612,True,False,1.0,False,False,0.0,1.0,-0.00424934572216841,-0.00424934572216841,3.311106964830714
2014-08-07 00:00:00-04:00,31.47637367248535,53.38254928588867,-0.5300180848824275,3.1826571338368375,-0.839,False,False,1.0,False,False,0.0,1.0,0.012413609210842882,0.012413609210842882,3.3235205740415568
2014-08-08 00:00:00-04:00,32.037254333496094,54.11873245239258,-0.5288427860998076,3.4169530831827295,-0.565,False,False,1.0,False,False,0.0,1.0,0.0038626012388872076,0.0038626012388872076,3.327383175280444
2014-08-11 00:00:00-04:00,31.911806106567383,54.44300842285156,-0.52754200280666,3.19083240435641,-0.754,False,False,1.0,False,False,0.0,1.0,-0.003729347055164737,-0.003729347055164737,3.323653828225279
2014-08-12 00:00:00-04:00,31.919254302978516,54.451786041259766,-0.5262936623253027,3.2616244071701175,-0.639,False,False,1.0,False,False,0.0,1.0,0.0011686306377429216,0.0011686306377429216,3.324822458863022
2014-08-13 00:00:00-04:00,32.16501998901367,54.083683013916016,-0.5256676637194923,3.7349766937428512,-0.117,False,False,1.0,False,False,0.0,1.0,0.007811730212277855,0.007811730212277855,3.3326341890753
2014-08-14 00:00:00-04:00,32.3139533996582,54.50546646118164,-0.5251727890410712,3.6891655602548745,-0.103,False,False,1.0,False,False,0.0,1.0,-0.0007517571344025718,-0.0007517571344025718,3.3318824319408975
2014-08-15 00:00:00-04:00,32.37353515625,53.864009857177734,-0.5252222145154382,4.082960616381719,0.477,False,True,0.0,False,False,0.0,0.0,0.006491400897490501,0.006491400897490501,3.338373832838388
2014-08-18 00:00:00-04:00,32.232032775878906,54.3560791015625,-0.5249455838614802,3.698049095488379,0.075,False,False,0.0,False,False,0.0,0.0,-0.006334322098772812,-0.0,3.338373832838388
2014-08-19 00:00:00-04:00,32.92464065551758,54.76027297973633,-0.5251685926481643,4.166265161720151,0.915,False,True,0.0,False,False,0.0,0.0,0.007590680473509426,0.0,3.338373832838388
2014-08-20 00:00:00-04:00,32.872501373291016,55.577476501464844,-0.5249438570791263,3.697446491887554,0.171,False,False,0.0,False,False,0.0,0.0,-0.007555795878699519,-0.0,3.338373832838388
2014-08-21 00:00:00-04:00,32.81292724609375,55.82349395751953,-0.5243807165150434,3.540163486276466,-0.091,False,False,0.0,False,False,0.0,0.0,-0.002533321334800213,-0.0,3.338373832838388
2014-08-22 00:00:00-04:00,32.753353118896484,56.72854995727539,-0.523121179165436,3.0774471729012376,-0.835,False,False,0.0,False,True,0.0,0.0,-0.007411850153375367,-0.0,3.338373832838388
2014-08-25 00:00:00-04:00,33.12570571899414,57.352420806884766,-0.5218071345652037,3.1988033573758337,-0.583,False,False,0.0,False,False,0.0,0.0,0.0019246814393378113,0.0,3.338373832838388
2014-08-26 00:00:00-04:00,32.82035827636719,58.679264068603516,-0.5193826983427686,2.3433637676480252,-1.904,True,False,1.0,False,False,0.0,1.0,-0.013514618733460854,-0.0,3.338373832838388
2014-08-27 00:00:00-04:00,33.2225227355957,58.4420166015625,-0.5174500000406647,2.9817012427406624,-0.81,False,False,1.0,False,False,0.0,1.0,0.010058364916837603,0.010058364916837603,3.3484321977552254
2014-08-28 00:00:00-04:00,33.617244720458984,59.004398345947266,-0.5159167279988419,3.1758885882775907,-0.41,False,False,1.0,False,False,0.0,1.0,0.003031401606532657,0.003031401606532657,3.351463599361758
2014-08-29 00:00:00-04:00,33.75874710083008,58.82863998413086,-0.5148805517494901,3.4690244871286673,0.179,False,False,1.0,False,False,0.0,1.0,0.004576782242536064,0.004576782242536064,3.356040381604294
2014-09-02 00:00:00-04:00,33.28956604003906,59.01315689086914,-0.5133919398644609,2.9926869463099806,-0.702,False,False,1.0,False,True,0.0,1.0,-0.007491180546681064,-0.007491180546681064,3.348549201057613
2014-09-03 00:00:00-04:00,33.56509780883789,58.635345458984375,-0.5124381772268565,3.5181082607689014,0.364,False,True,0.0,False,False,0.0,0.0,0.008259771629736836,0.008259771629736836,3.35680897268735
2014-09-04 00:00:00-04:00,33.45339584350586,57.84450912475586,-0.5120417346807268,3.8345930495107403,0.987,False,False,0.0,False,False,0.0,0.0,0.005017817605515751,0.0,3.35680897268735
2014-09-05 00:00:00-04:00,33.93747329711914,57.835716247558594,-0.5123955377652919,4.302710368410526,1.791,False,False,0.0,True,False,-1.0,-1.0,0.0073635496671360144,0.0,3.35680897268735
2014-09-08 00:00:00-04:00,33.71405029296875,56.719757080078125,-0.5133359700870249,4.597758769166447,2.166,False,False,0.0,False,False,-1.0,-1.0,0.004695954091995157,-0.004695954091995157,3.3521130185953547
2014-09-09 00:00:00-04:00,33.252323150634766,55.82349395751953,-0.5143719086064181,4.5382860186265965,1.932,False,False,0.0,False,False,-1.0,-1.0,-0.0009597586540274632,0.0009597586540274632,3.3530727772493822
2014-09-10 00:00:00-04:00,33.32678985595703,54.145198822021484,-0.5164625228366647,5.362823872843009,2.903,False,False,0.0,False,False,-1.0,-1.0,0.01345289094462095,-0.01345289094462095,3.3396198863047615
2014-09-11 00:00:00-04:00,33.64702606201172,54.3209228515625,-0.5189846564220081,5.455300579367147,2.658,False,False,0.0,False,False,-1.0,-1.0,0.0014954491191070877,-0.0014954491191070877,3.3381244371856544
2014-09-12 00:00:00-04:00,32.85015869140625,53.64432907104492,-0.5209481706839698,4.9042435942764975,1.748,False,False,0.0,False,False,-1.0,-1.0,-0.009064022571710212,0.009064022571710212,3.3471884597573647
2014-09-15 00:00:00-04:00,33.12570571899414,52.8886604309082,-0.5234248307302335,5.4424675853972175,2.206,False,False,0.0,False,False,-1.0,-1.0,0.00885106625804004,-0.00885106625804004,3.338337393499325
2014-09-16 00:00:00-04:00,33.282108306884766,53.363155364990234,-0.5257908931208665,5.224247187778992,1.781,False,False,0.0,False,False,-1.0,-1.0,-0.003557556348010866,0.003557556348010866,3.341894949847336
2014-09-17 00:00:00-04:00,33.27466583251953,53.48616409301758,-0.5278975759994753,5.039449458305377,1.472,False,False,0.0,False,False,-1.0,-1.0,-0.003004358370456853,0.003004358370456853,3.3448993082177925
2014-09-18 00:00:00-04:00,32.77568435668945,53.99581527709961,-0.5288938264043709,4.217631004960655,0.488,False,False,0.0,False,False,-1.0,-1.0,-0.01339912557182904,0.01339912557182904,3.3582984337896216
2014-09-19 00:00:00-04:00,32.91718292236328,53.61798095703125,-0.5299188426105526,4.5040045104986355,0.784,False,False,0.0,False,False,-1.0,-1.0,0.004669359503319249,-0.004669359503319249,3.353629074286302
2014-09-22 00:00:00-04:00,32.64907455444336,52.985313415527344,-0.5309680726456572,4.515564811674725,0.751,False,False,0.0,False,False,-1.0,-1.0,0.0001901910112864334,-0.0001901910112864334,3.353438883275016
2014-09-23 00:00:00-04:00,32.40332794189453,52.730499267578125,-0.5318291901253918,4.359709221510894,0.527,False,False,0.0,False,False,-1.0,-1.0,-0.002578386482192539,0.002578386482192539,3.3560172697572086
2014-09-24 00:00:00-04:00,32.26182556152344,54.145198822021484,-0.5315200302458876,3.4825678459729836,-0.577,False,False,0.0,False,True,0.0,0.0,-0.014369688879151184,0.014369688879151184,3.37038695863636
2014-09-25 00:00:00-04:00,31.94159698486328,53.29286575317383,-0.5310549350558064,3.640157623373746,-0.403,False,False,0.0,False,False,0.0,0.0,0.0026159003091201735,0.0,3.37038695863636
2014-09-26 00:00:00-04:00,31.88945198059082,54.3560791015625,-0.5298375855117514,3.089558271533175,-1.071,False,False,0.0,False,False,0.0,0.0,-0.009072421947934834,-0.0,3.37038695863636
2014-09-29 00:00:00-04:00,31.92670440673828,53.978248596191406,-0.5287679806216474,3.384734899036875,-0.715,False,False,0.0,False,False,0.0,0.0,0.0048814800853969635,0.0,3.37038695863636
2014-09-30 00:00:00-04:00,32.023502349853516,54.04853820800781,-0.5278801919159033,3.492349627836319,-0.593,False,False,0.0,False,False,0.0,0.0,0.0017771503887144386,0.0,3.37038695863636
2014-10-01 00:00:00-04:00,32.17245864868164,53.02924346923828,-0.5279227732132876,4.177113374998747,0.253,False,True,0.0,False,False,0.0,0.0,0.011380899792287411,0.0,3.37038695863636
2014-10-02 00:00:00-04:00,32.3288459777832,53.56525802612305,-0.5280776037536193,4.042232874903817,0.07,False,False,0.0,False,False,0.0,0.0,-0.0022251831816606513,-0.0,3.37038695863636
2014-10-03 00:00:00-04:00,32.626739501953125,54.46152877807617,-0.5280448072463115,3.8686120359944454,-0.141,False,False,0.0,False,False,0.0,0.0,-0.0028283980643002784,-0.0,3.37038695863636
2014-10-06 00:00:00-04:00,32.678871154785156,53.96065902709961,-0.5283394735632141,4.1693249712832525,0.221,False,True,0.0,False,False,0.0,0.0,0.004914540175574109,0.0,3.37038695863636
2014-10-07 00:00:00-04:00,32.976768493652344,52.150569915771484,-0.5302104544133682,5.325991120695015,1.576,False,False,0.0,True,False,-1.0,-1.0,0.019078228103717305,0.0,3.37038695863636
2014-10-08 00:00:00-04:00,33.78107833862305,52.04511642456055,-0.5334531703416565,6.017445981140604,2.161,False,False,0.0,False,False,-1.0,-1.0,0.01123500058128218,-0.01123500058128218,3.3591519580550777
2014-10-09 00:00:00-04:00,33.423606872558594,51.236717224121094,-0.5369844433158955,5.9102867966299755,1.864,False,False,0.0,False,False,-1.0,-1.0,-0.001758526231577364,0.001758526231577364,3.3609104842866553
2014-10-10 00:00:00-04:00,33.930023193359375,50.2174186706543,-0.5416579932368992,6.729356970675571,2.424,False,False,0.0,False,False,-1.0,-1.0,0.013398673920903603,-0.013398673920903603,3.3475118103657517
2014-10-13 00:00:00-04:00,34.42900466918945,50.23500061035156,-0.5469905577537686,6.950933666572347,2.347,False,False,0.0,False,False,-1.0,-1.0,0.0035791820804368085,-0.0035791820804368085,3.343932628285315
2014-10-14 00:00:00-04:00,35.20352554321289,50.700714111328125,-0.5528403465439613,7.174125183879941,2.336,False,False,0.0,False,False,-1.0,-1.0,0.003529672462912364,-0.003529672462912364,3.3404029558224027
2014-10-15 00:00:00-04:00,35.54609298706055,50.58647155761719,-0.558988834702897,7.268820199336876,2.193,False,False,0.0,False,False,-1.0,-1.0,0.0014837045070779987,-0.0014837045070779987,3.3389192513153247
2014-10-16 00:00:00-04:00,35.0918083190918,51.430015563964844,-0.5637397935396364,6.098661963321966,1.144,False,False,0.0,False,False,-1.0,-1.0,-0.018259484491356337,0.018259484491356337,3.357178735806681
2014-10-17 00:00:00-04:00,35.143943786621094,51.69361877441406,-0.56766491146887,5.79929026153782,0.841,False,False,0.0,False,False,-1.0,-1.0,-0.004642242415928803,0.004642242415928803,3.36182097822261
2014-10-20 00:00:00-04:00,35.620567321777344,53.090755462646484,-0.5707159454493583,5.320826623292369,0.391,False,False,0.0,False,False,-1.0,-1.0,-0.0072582130244049,0.0072582130244049,3.369079191247015
2014-10-21 00:00:00-04:00,35.717384338378906,54.00458908081055,-0.5727885702254193,4.7841729731701435,-0.115,False,False,0.0,False,False,-1.0,-1.0,-0.008051745741461372,0.008051745741461372,3.3771309369884763
2014-10-22 00:00:00-04:00,35.8886833190918,53.864009857177734,-0.5747371802126586,4.931034178830618,-0.013,False,False,0.0,False,False,-1.0,-1.0,0.0021969972062382956,-0.0021969972062382956,3.374933939782238
2014-10-23 00:00:00-04:00,36.02272415161133,62.3873405456543,-0.5707080078817532,0.41776931176043064,-3.29,True,False,1.0,False,True,0.0,1.0,-0.06301006720611668,0.06301006720611668,3.4379440069883547
2014-10-24 00:00:00-04:00,36.20890808105469,62.97608184814453,-0.5650990265587613,0.6211855321833326,-2.686,False,False,1.0,False,False,0.0,1.0,0.0028332279473030682,0.0028332279473030682,3.440777234935658
2014-10-27 00:00:00-04:00,36.26102828979492,63.143028259277344,-0.5594758207813739,0.934030727814239,-2.219,False,False,1.0,False,False,0.0,1.0,0.004370077145005486,0.004370077145005486,3.4451473120806635
2014-10-28 00:00:00-04:00,36.24613571166992,64.68072509765625,-0.5532805218311746,0.4595503772199194,-2.23,False,False,1.0,False,False,0.0,1.0,-0.006587011342949646,-0.006587011342949646,3.4385603007377137
2014-10-29 00:00:00-04:00,35.96314239501953,63.652687072753906,-0.5478062670548608,1.0938015016830178,-1.727,False,False,1.0,False,False,0.0,1.0,0.008954240978409423,0.008954240978409423,3.447514541716123
2014-10-30 00:00:00-04:00,36.91640853881836,63.5296516418457,-0.5441749361436174,2.3451644133907124,-1.006,False,False,1.0,False,False,0.0,1.0,0.017504602054636408,0.017504602054636408,3.4650191437707596
2014-10-31 00:00:00-04:00,36.983428955078125,64.33805084228516,-0.5408956369347137,2.1832579656023086,-1.029,False,False,1.0,False,False,0.0,1.0,-0.00225547963481159,-0.00225547963481159,3.462763664135948
2014-11-03 00:00:00-05:00,37.17706298828125,64.51377868652344,-0.5380919488163207,2.4627180893450387,-0.836,False,False,1.0,False,False,0.0,1.0,0.0038872534556722606,0.0038872534556722606,3.46665091759162
2014-11-04 00:00:00-05:00,36.804691314697266,63.687835693359375,-0.5357226794945659,2.6856733258411296,-0.683,False,False,1.0,False,False,0.0,1.0,0.0031435924415887887,0.0031435924415887887,3.469794510033209
2014-11-05 00:00:00-05:00,37.5866584777832,64.46109008789062,-0.5340713088923701,3.159839721914473,-0.422,False,False,1.0,False,False,0.0,1.0,0.006584411894663588,0.006584411894663588,3.4763789219278722
2014-11-06 00:00:00-05:00,36.67063903808594,65.37490844726562,-0.531135468423603,1.9477064167973452,-0.991,False,False,1.0,False,False,0.0,1.0,-0.016978185527687706,-0.016978185527687706,3.4594007364001844
2014-11-07 00:00:00-05:00,36.68552780151367,65.51549530029297,-0.5280394599814654,2.0907610427287366,-0.873,False,False,1.0,False,False,0.0,1.0,0.0020069309030474928,0.0020069309030474928,3.461407667303232
2014-11-10 00:00:00-05:00,37.05790328979492,64.70714569091797,-0.5260503435441757,3.0186870693245,-0.389,False,False,1.0,False,False,0.0,1.0,0.013051527726967682,0.013051527726967682,3.4744591950302
2014-11-11 00:00:00-05:00,37.035560607910156,64.45228576660156,-0.5246164796296158,3.2228293449536523,-0.283,False,False,1.0,False,False,0.0,1.0,0.002881400104906372,0.002881400104906372,3.4773405951351064
2014-11-12 00:00:00-05:00,36.22488021850586,64.92678833007812,-0.5222423334615172,2.317362776843858,-0.71,False,False,1.0,False,False,0.0,1.0,-0.0129108172302522,-0.0129108172302522,3.4644297779048543
2014-11-13 00:00:00-05:00,35.7294921875,65.12052154541016,-0.5191492112849474,1.922224788735896,-0.879,False,False,1.0,False,False,0.0,1.0,-0.005682433154190507,-0.005682433154190507,3.458747344750664
2014-11-14 00:00:00-05:00,35.894615173339844,65.92186737060547,-0.5158341612156682,1.889864012453046,-0.864,False,False,1.0,False,False,0.0,1.0,-0.00046296236976048984,-0.00046296236976048984,3.4582843823809033
2014-11-17 00:00:00-05:00,36.50262451171875,65.6664810180664,-0.5135414056260501,2.7801675471845897,-0.421,False,False,1.0,False,False,0.0,1.0,0.012677856914023032,0.012677856914023032,3.470962239294926
2014-11-18 00:00:00-05:00,36.63022232055664,65.4903793334961,-0.5119129603587699,3.1048483609278534,-0.249,False,False,1.0,False,False,0.0,1.0,0.004628010179637883,0.004628010179637883,3.475590249474564
2014-11-19 00:00:00-05:00,36.51762771606445,66.3269271850586,-0.509970869624798,2.69282697995947,-0.428,False,False,1.0,False,False,0.0,1.0,-0.005857366457692663,-0.005857366457692663,3.469732883016871
2014-11-20 00:00:00-05:00,36.45758819580078,66.31812286376953,-0.5080403356587258,2.7653067958346966,-0.376,False,False,1.0,False,False,0.0,1.0,0.001033213836217882,0.001033213836217882,3.470766096853089
2014-11-21 00:00:00-05:00,36.495121002197266,66.64395141601562,-0.5061183994838601,2.76539097624331,-0.356,False,False,1.0,False,False,0.0,1.0,1.198726766680232e-06,1.198726766680232e-06,3.4707672955798556
2014-11-24 00:00:00-05:00,36.23240661621094,67.61261749267578,-0.5035203624100204,2.1880769528087427,-0.594,False,False,1.0,False,False,0.0,1.0,-0.008214866739650271,-0.008214866739650271,3.462552428840205
2014-11-25 00:00:00-05:00,36.179840087890625,67.01382446289062,-0.5012350020660566,2.590165644779283,-0.358,False,False,1.0,False,False,0.0,1.0,0.005763100039801381,0.005763100039801381,3.4683155288800065
2014-11-26 00:00:00-05:00,36.3900260925293,66.65279388427734,-0.49962207003803266,3.088819238248327,-0.072,False,False,1.0,False,False,0.0,1.0,0.0071551839791617125,0.0071551839791617125,3.475470712859168
2014-11-28 00:00:00-05:00,37.080604553222656,67.74470520019531,-0.4984451908429417,3.3135820411124755,0.099,False,False,1.0,False,False,0.0,1.0,0.003172481735441632,0.003172481735441632,3.4786431945946097
2014-12-01 00:00:00-05:00,37.29077911376953,67.29557800292969,-0.4979310955197823,3.78221823513379,0.428,False,True,0.0,False,False,0.0,0.0,0.006619216988062118,0.006619216988062118,3.485262411582672
2014-12-02 00:00:00-05:00,37.41087341308594,67.41007232666016,-0.49767835388562126,3.862339582243038,0.581,False,False,0.0,False,False,0.0,0.0,0.0011291152254672076,0.0,3.485262411582672
2014-12-03 00:00:00-05:00,37.47842788696289,69.25054168701172,-0.49658955176435643,3.0893324311708596,0.196,False,False,0.0,False,False,0.0,0.0,-0.01075600097397967,-0.0,3.485262411582672
2014-12-04 00:00:00-05:00,37.75615310668945,68.84544372558594,-0.49590816419453376,3.615135495576048,0.683,False,True,0.0,False,False,0.0,0.0,0.007313265030538838,0.0,3.485262411582672
2014-12-05 00:00:00-05:00,37.636051177978516,69.18891143798828,-0.4950609628677228,3.383322061718438,0.611,False,False,0.0,False,False,0.0,0.0,-0.0032246121426570988,-0.0,3.485262411582672
2014-12-08 00:00:00-05:00,38.18400192260742,69.15367889404297,-0.4948464694995843,3.963548068982341,1.22,False,False,0.0,False,False,0.0,0.0,0.00801367817827543,0.0,3.485262411582672
2014-12-09 00:00:00-05:00,38.24406433105469,68.92471313476562,-0.494977413195895,4.127888118339271,1.433,False,False,0.0,False,False,0.0,0.0,0.00227113741084819,0.0,3.485262411582672
2014-12-10 00:00:00-05:00,38.221534729003906,67.92082977294922,-0.49568238068467807,4.554376129069674,1.888,False,False,0.0,True,False,-1.0,-1.0,0.005932615978689983,0.0,3.485262411582672
2014-12-11 00:00:00-05:00,38.461734771728516,68.34353637695312,-0.49649807686579317,4.529300394363908,1.786,False,False,0.0,False,False,-1.0,-1.0,-0.00034637782297249916,0.00034637782297249916,3.4856087894056444
2014-12-12 00:00:00-05:00,37.81620407104492,68.44036102294922,-0.49654071784137793,3.8327780793866566,1.061,False,False,0.0,False,False,-1.0,-1.0,-0.009700917878949694,0.009700917878949694,3.4953097072845942
2014-12-15 00:00:00-05:00,37.636051177978516,68.3523178100586,-0.4962610816438576,3.715456008694126,0.898,False,False,0.0,False,False,-1.0,-1.0,-0.0016395691620757226,0.0016395691620757226,3.49694927644667
2014-12-16 00:00:00-05:00,37.711116790771484,67.20755004882812,-0.4966121888317834,4.335028255001319,1.584,False,False,0.0,True,False,-1.0,-1.0,0.008715664703108887,-0.008715664703108887,3.488233611743561
2014-12-17 00:00:00-05:00,38.4242057800293,67.71830749511719,-0.49756762749858063,4.729768181464486,1.977,False,False,0.0,False,False,-1.0,-1.0,0.005473479643688525,-0.005473479643688525,3.4827601320998722
2014-12-18 00:00:00-05:00,39.00968551635742,68.24665069580078,-0.49893210265723753,4.959240585387512,2.047,False,False,0.0,False,False,-1.0,-1.0,0.003140870438062851,-0.003140870438062851,3.4796192616618096
2014-12-19 00:00:00-05:00,39.27239990234375,67.26036834716797,-0.5010889744030333,5.568970909291103,2.436,False,False,0.0,False,False,-1.0,-1.0,0.008355236701423135,-0.008355236701423135,3.4712640249603863
2014-12-22 00:00:00-05:00,39.24988555908203,68.03529357910156,-0.5028346583109161,5.039381959151633,1.724,False,False,0.0,False,False,-1.0,-1.0,-0.007209177029992598,0.007209177029992598,3.478473201990379
2014-12-23 00:00:00-05:00,39.39250183105469,69.09200286865234,-0.5039488015072692,4.573669791660535,1.169,False,False,0.0,False,False,-1.0,-1.0,-0.00627548574054867,0.00627548574054867,3.4847486877309275
2014-12-24 00:00:00-05:00,40.20316696166992,68.51083374023438,-0.5060062269706086,5.536258474163255,1.953,False,False,0.0,True,False,-1.0,-1.0,0.012856787931997547,-0.012856787931997547,3.47189189979893
2014-12-26 00:00:00-05:00,40.946285247802734,68.61648559570312,-0.5088528702769068,6.030589604115164,2.206,False,False,0.0,False,False,-1.0,-1.0,0.006516190641778514,-0.006516190641778514,3.4653757091571515
2014-12-29 00:00:00-05:00,41.456722259521484,69.2945785522461,-0.5118410855614938,5.988909949813639,1.992,False,False,0.0,False,False,-1.0,-1.0,-0.0005418252386566603,0.0005418252386566603,3.465917534395808
2014-12-30 00:00:00-05:00,40.31578063964844,68.24665069580078,-0.513999976944454,5.2370037554706315,1.248,False,False,0.0,False,False,-1.0,-1.0,-0.009972950555554218,0.009972950555554218,3.4758904849513623
2014-12-31 00:00:00-05:00,39.587677001953125,69.40904235839844,-0.5144200302417863,3.8822753328923767,0.057,False,False,0.0,False,False,-1.0,-1.0,-0.017992735142331143,0.017992735142331143,3.4938832200936933
2015-01-02 00:00:00-05:00,39.92544174194336,68.74859619140625,-0.5151366458715544,4.510520491524424,0.56,False,True,0.0,False,False,-1.0,-1.0,0.008338759380489535,-0.008338759380489535,3.485544460713204
2015-01-05 00:00:00-05:00,39.437538146972656,67.33963775634766,-0.5161174521763254,4.682375877689815,0.669,False,False,0.0,False,False,-1.0,-1.0,0.002316338200405184,-0.002316338200405184,3.483228122512799
2015-01-06 00:00:00-05:00,39.54262924194336,66.309326171875,-0.5177596558686188,5.210335342313357,1.113,False,False,0.0,False,False,-1.0,-1.0,0.007146666854891541,-0.007146666854891541,3.4760814556579076
2015-01-07 00:00:00-05:00,40.03053665161133,68.45799255371094,-0.5187774754393486,4.51607210095144,0.401,False,False,0.0,False,False,-1.0,-1.0,-0.00919006195397405,0.00919006195397405,3.485271517611882
2015-01-08 00:00:00-05:00,40.473392486572266,71.25831604003906,-0.5185163476634842,3.5247907128409395,-0.598,False,False,0.0,False,True,0.0,0.0,-0.01280361475548762,0.01280361475548762,3.4980751323673696
2015-01-09 00:00:00-05:00,40.24821472167969,70.37772369384766,-0.5182355071182644,3.775979393369454,-0.39,False,False,0.0,False,False,0.0,0.0,0.0032740772553451333,0.0,3.4980751323673696
2015-01-12 00:00:00-05:00,40.12811279296875,69.79651641845703,-0.5181618555294538,3.962220336089068,-0.242,False,False,0.0,False,False,0.0,0.0,0.00244109536666361,0.0,3.4980751323673696
2015-01-13 00:00:00-05:00,40.32326889038086,69.18891143798828,-0.5186743544202601,4.4367549172417355,0.218,False,True,0.0,False,False,0.0,0.0,0.006226688534233014,0.0,3.4980751323673696
2015-01-14 00:00:00-05:00,40.80365753173828,68.12336730957031,-0.5203617510420739,5.354862831647893,1.203,False,False,0.0,False,False,0.0,0.0,0.012040372309796064,0.0,3.4980751323673696
2015-01-15 00:00:00-05:00,41.321598052978516,66.22128295898438,-0.5237705926950558,6.636837428524274,2.479,False,False,0.0,True,False,-1.0,-1.0,0.016866675620088818,0.0,3.4980751323673696
2015-01-16 00:00:00-05:00,41.92959213256836,67.38365173339844,-0.5273287164319743,6.396257555496177,2.033,False,False,0.0,False,False,-1.0,-1.0,-0.003105742104605445,0.003105742104605445,3.501180874471975
2015-01-20 00:00:00-05:00,41.854530334472656,66.65279388427734,-0.5309974564705416,6.462066315266114,1.939,False,False,0.0,False,False,-1.0,-1.0,0.0008519264771471588,-0.0008519264771471588,3.5003289479948276
2015-01-21 00:00:00-05:00,42.372467041015625,67.88560485839844,-0.5342944720910412,6.10156363061661,1.452,False,False,0.0,False,False,-1.0,-1.0,-0.0045840187491992075,0.0045840187491992075,3.5049129667440266
2015-01-22 00:00:00-05:00,42.4925651550293,70.21038818359375,-0.5360902401492575,4.853461292713931,0.121,False,False,0.0,False,False,-1.0,-1.0,-0.015575643852276746,0.015575643852276746,3.5204886105963036
2015-01-23 00:00:00-05:00,42.747779846191406,70.20158386230469,-0.5376898535011592,5.0011005037194565,0.229,False,True,0.0,False,False,-1.0,-1.0,0.0018341537106235871,-0.0018341537106235871,3.51865445688568
2015-01-26 00:00:00-05:00,42.80031204223633,72.01561737060547,-0.5381559083026884,4.044682064179277,-0.859,False,False,0.0,False,True,0.0,0.0,-0.0117271460036866,0.0117271460036866,3.5303816028893666
2015-01-27 00:00:00-05:00,42.852867126464844,70.9413070678711,-0.5389972079056583,4.615700691704383,-0.268,False,False,0.0,False,False,0.0,0.0,0.007041785561649455,0.0,3.5303816028893666
2015-01-28 00:00:00-05:00,42.62766647338867,70.32487487792969,-0.5399682820456526,4.654464600477503,-0.25,False,False,0.0,False,False,0.0,0.0,0.0004809366148088122,0.0,3.5303816028893666
2015-01-29 00:00:00-05:00,43.13809585571289,73.34534454345703,-0.5397251792101478,3.5517666277655024,-1.507,True,False,1.0,False,False,0.0,1.0,-0.013329774992051357,-0.0,3.5303816028893666
2015-01-30 00:00:00-05:00,41.86204528808594,71.47845458984375,-0.5389590216175715,3.3380873356077387,-1.643,False,False,1.0,False,False,0.0,1.0,-0.0026581653962606455,-0.0026581653962606455,3.527723437493106
2015-02-02 00:00:00-05:00,42.1998291015625,71.64576721191406,-0.5383958094424909,3.6260482703757546,-1.262,False,False,1.0,False,False,0.0,1.0,0.0035650373309768783,0.0035650373309768783,3.531288474824083
2015-02-03 00:00:00-05:00,42.004661560058594,73.18684387207031,-0.5368565622195375,2.713824159200904,-2.097,True,False,1.0,False,False,0.0,1.0,-0.011221090009096477,-0.011221090009096477,3.5200673848149866
2015-02-04 00:00:00-05:00,41.516761779785156,73.4069595336914,-0.5346034501628816,2.2731479471067004,-2.326,False,False,1.0,False,False,0.0,1.0,-0.00545658943203571,-0.00545658943203571,3.514610795382951
2015-02-05 00:00:00-05:00,42.04970932006836,73.53023529052734,-0.5328579408137467,2.8685395556076685,-1.646,False,False,1.0,False,False,0.0,1.0,0.007329621631712272,0.007329621631712272,3.521940417014663
2015-02-06 00:00:00-05:00,40.10558319091797,73.02833557128906,-0.5296312000541691,1.4274981843375798,-2.564,False,False,1.0,False,False,0.0,1.0,-0.01829111799742077,-0.01829111799742077,3.5036492990172423
2015-02-09 00:00:00-05:00,39.49009323120117,72.58802795410156,-0.5259483358694972,1.3125407246929157,-2.343,False,False,1.0,False,False,0.0,1.0,-0.001480120306889251,-0.001480120306889251,3.502169178710353
2015-02-10 00:00:00-05:00,40.37581253051758,73.31013488769531,-0.5229685454513472,2.0369179214575013,-1.668,False,False,1.0,False,False,0.0,1.0,0.009202564845729694,0.009202564845729694,3.511371743556083
2015-02-11 00:00:00-05:00,39.15926742553711,72.5968246459961,-0.5195016999736116,1.4450936092559559,-1.907,False,False,1.0,False,False,0.0,1.0,-0.007698683740979711,-0.007698683740979711,3.503673059815103
2015-02-12 00:00:00-05:00,39.54511642456055,73.32772064208984,-0.5162011383943654,1.693263553249757,-1.612,False,False,1.0,False,False,0.0,1.0,0.003206455578965927,0.003206455578965927,3.506879515394069
2015-02-13 00:00:00-05:00,38.55403518676758,74.19953918457031,-0.5117174868903355,0.5848334668182886,-2.105,False,False,1.0,False,False,0.0,1.0,-0.01448488238654441,-0.01448488238654441,3.4923946330075246
2015-02-17 00:00:00-05:00,38.59185791015625,74.47252655029297,-0.5072347790483871,0.8168023602432513,-1.814,False,False,1.0,False,False,0.0,1.0,0.003037557535257132,0.003037557535257132,3.4954321905427816
2015-02-18 00:00:00-05:00,39.49972915649414,74.7455062866211,-0.5038851592844834,1.8365778154607142,-1.141,False,False,1.0,False,False,0.0,1.0,0.01321588111592255,0.01321588111592255,3.5086480716587043
2015-02-19 00:00:00-05:00,38.93987274169922,75.49539947509766,-0.500079939238345,1.186137959417799,-1.428,False,False,1.0,False,False,0.0,1.0,-0.00848101787152906,-0.00848101787152906,3.5001670537871754
2015-02-20 00:00:00-05:00,39.287899017333984,77.74519348144531,-0.49569949965411736,0.7496455080689941,-1.567,True,False,1.0,False,False,0.0,1.0,-0.00560855749871,-0.00560855749871,3.4945584962884655
2015-02-23 00:00:00-05:00,39.7493782043457,77.97456359863281,-0.4919173880459646,1.3923345448823028,-1.136,False,False,1.0,False,False,0.0,1.0,0.008228376380292246,0.008228376380292246,3.5027868726687577
2015-02-24 00:00:00-05:00,39.764522552490234,78.57453155517578,-0.48828792558531275,1.3975275355757546,-1.068,False,False,1.0,False,False,0.0,1.0,6.646473606299582e-05,6.646473606299582e-05,3.5028533374048205
2015-02-25 00:00:00-05:00,39.01552963256836,79.38621520996094,-0.4838468120223834,0.6047624847059154,-1.406,False,False,1.0,False,False,0.0,1.0,-0.010238963812488672,-0.010238963812488672,3.492614373592332
2015-02-26 00:00:00-05:00,38.4254150390625,78.41571044921875,-0.4794965310093498,0.825353902028489,-1.209,False,False,1.0,False,False,0.0,1.0,0.0029015460134918653,0.0029015460134918653,3.4955159196058236
2015-02-27 00:00:00-05:00,38.569156646728516,77.74519348144531,-0.4759780983335602,1.5641472988554739,-0.78,False,False,1.0,False,False,0.0,1.0,0.009775739991358405,0.009775739991358405,3.505291659597182
2015-03-02 00:00:00-05:00,37.91095733642578,78.79507446289062,-0.4717566335415219,0.7388582681589568,-1.145,False,False,1.0,False,False,0.0,1.0,-0.010991681348828755,-0.010991681348828755,3.4942999782483533
2015-03-03 00:00:00-05:00,38.33463668823242,76.38651275634766,-0.46927844664888885,2.4880926370080587,-0.22,False,False,1.0,False,False,0.0,1.0,0.023580567893531634,0.023580567893531634,3.517880546141885
2015-03-04 00:00:00-05:00,37.782344818115234,75.1072006225586,-0.46737335742826813,2.679240296111516,-0.095,False,False,1.0,False,False,0.0,1.0,0.0026225763967162932,0.0026225763967162932,3.520503122538601
2015-03-05 00:00:00-05:00,38.19088363647461,75.30131530761719,-0.4660337651427979,3.09792814346077,0.163,False,False,1.0,False,False,0.0,1.0,0.005713235719125687,0.005713235719125687,3.526216358257727
2015-03-06 00:00:00-05:00,36.61725997924805,74.71021270751953,-0.4636212724608618,1.9800160979661925,-0.39,False,False,1.0,False,True,0.0,1.0,-0.01568900188657161,-0.01568900188657161,3.5105273563711554
2015-03-09 00:00:00-04:00,36.78368377685547,75.3277816772461,-0.46105760304822735,2.0532373138042033,-0.297,False,False,1.0,False,False,0.0,1.0,0.0010238706056044774,0.0010238706056044774,3.51155122697676
2015-03-10 00:00:00-04:00,36.579429626464844,74.16320037841797,-0.4589832050207502,2.5397662221824504,0.086,False,False,1.0,False,False,0.0,1.0,0.006889481123276599,0.006889481123276599,3.5184407081000364
2015-03-11 00:00:00-04:00,36.17844009399414,74.75431060791016,-0.4564891994119948,2.053904691993644,-0.187,False,False,1.0,False,False,0.0,1.0,-0.006910966808460154,-0.006910966808460154,3.511529741291576
2015-03-12 00:00:00-04:00,36.7382926940918,76.97762298583984,-0.4536476589508005,1.8175742349682196,-0.32,False,False,1.0,False,True,0.0,1.0,-0.0032979865786889255,-0.0032979865786889255,3.508231754712887
2015-03-13 00:00:00-04:00,36.4735107421875,76.10418701171875,-0.45108848504717913,2.1437883173240806,0.02,False,False,1.0,False,False,0.0,1.0,0.004607333136697329,0.004607333136697329,3.5128390878495845
2015-03-16 00:00:00-04:00,37.11659240722656,77.92164611816406,-0.448604773660373,2.1605699871438944,0.089,False,False,1.0,False,False,0.0,1.0,0.0002328439152655106,0.0002328439152655106,3.51307193176485
2015-03-17 00:00:00-04:00,36.844215393066406,77.39228057861328,-0.44629753338328104,2.3042314679244953,0.319,False,True,0.0,False,False,0.0,0.0,0.002012510921922696,0.002012510921922696,3.515084442686773
2015-03-18 00:00:00-04:00,37.767215728759766,77.81575775146484,-0.44492639142064605,3.1449314367373447,1.382,False,False,0.0,False,False,0.0,0.0,0.011613562306294341,0.0,3.515084442686773
2015-03-19 00:00:00-04:00,37.54780960083008,77.64815521240234,-0.443700862603579,3.0952561535105687,1.376,False,False,0.0,False,False,0.0,0.0,-0.0006899310103972122,-0.0,3.515084442686773
2015-03-20 00:00:00-04:00,37.97148132324219,78.47747039794922,-0.4426534431908147,3.23315883868473,1.553,False,False,0.0,True,False,-1.0,-1.0,0.00189661748419363,0.0,3.515084442686773
2015-03-23 00:00:00-04:00,37.95635986328125,77.80697631835938,-0.4419987984544769,3.5657698191904643,1.963,False,False,0.0,False,False,-1.0,-1.0,0.004597443028788166,-0.004597443028788166,3.5104869996579846
2015-03-24 00:00:00-04:00,37.540245056152344,77.277587890625,-0.44129153070953947,3.4383000063574656,1.723,False,False,0.0,False,False,-1.0,-1.0,-0.0017792562265962484,0.0017792562265962484,3.512266255884581
2015-03-25 00:00:00-04:00,37.1392822265625,75.79537963867188,-0.4408755829474071,3.72295004364301,1.893,False,False,0.0,False,False,-1.0,-1.0,0.0040344066119746,-0.0040344066119746,3.5082318492726063
2015-03-26 00:00:00-04:00,36.97283935546875,75.1954574584961,-0.4406418832706669,3.8385713675577193,1.9,False,False,0.0,False,False,-1.0,-1.0,0.0016492097348761513,-0.0016492097348761513,3.50658263953773
2015-03-27 00:00:00-04:00,37.4116325378418,76.0248031616211,-0.440532055758488,3.9202697124184596,1.819,False,False,0.0,False,False,-1.0,-1.0,0.001152255196584659,-0.001152255196584659,3.5054303843411456
2015-03-30 00:00:00-04:00,37.62347412109375,76.38651275634766,-0.4405056962329025,3.9747801365553386,1.726,False,False,0.0,False,False,-1.0,-1.0,0.0007648206247365642,-0.0007648206247365642,3.5046655637164092
2015-03-31 00:00:00-04:00,37.449459075927734,75.04546356201172,-0.44090615985467313,4.361451922287351,1.914,False,False,0.0,False,False,-1.0,-1.0,0.005481792959128525,-0.005481792959128525,3.4991837707572806
2015-04-01 00:00:00-04:00,37.7747688293457,74.73665618896484,-0.4418129645074524,4.755145201124904,2.051,False,False,0.0,False,False,-1.0,-1.0,0.005561079983468027,-0.005561079983468027,3.4936226907738126
2015-04-02 00:00:00-04:00,37.66886901855469,75.53955078125,-0.4422991900134242,4.257786894029884,1.514,False,False,0.0,False,False,-1.0,-1.0,-0.0069971672616075484,0.0069971672616075484,3.50061985803542
2015-04-06 00:00:00-04:00,38.001747131347656,76.08650970458984,-0.4427575242874031,4.313872462873988,1.472,False,False,0.0,False,False,-1.0,-1.0,0.0007823387463350176,-0.0007823387463350176,3.499837519289085
2015-04-07 00:00:00-04:00,37.47972106933594,75.3277816772461,-0.442993196330083,4.110026291678032,1.234,False,False,0.0,False,False,-1.0,-1.0,-0.002877175044550559,0.002877175044550559,3.5027146943336356
2015-04-08 00:00:00-04:00,37.343544006347656,75.49539947509766,-0.44296143397111754,3.9019935966360464,1.001,False,False,0.0,False,False,-1.0,-1.0,-0.002938933637909916,0.002938933637909916,3.5056536279715456
2015-04-09 00:00:00-04:00,37.1090087890625,75.87478637695312,-0.44248396659537553,3.535632348411518,0.653,False,False,0.0,False,False,-1.0,-1.0,-0.005183204373110451,0.005183204373110451,3.510836832344656
2015-04-10 00:00:00-04:00,37.56295394897461,77.00409698486328,-0.44191094923232505,3.5340003556156603,0.607,False,False,0.0,False,False,-1.0,-1.0,-2.2795771922862342e-05,2.2795771922862342e-05,3.510859628116579
2015-04-13 00:00:00-04:00,37.396514892578125,77.19817352294922,-0.44111548316388943,3.343205279632606,0.399,False,False,0.0,False,False,-1.0,-1.0,-0.0026703365236160114,0.0026703365236160114,3.513529964640195
2015-04-14 00:00:00-04:00,37.661293029785156,77.04820251464844,-0.4406633838460665,3.708971390423166,0.681,False,False,0.0,False,False,-1.0,-1.0,0.005107494049565695,-0.005107494049565695,3.508422470590629
2015-04-15 00:00:00-04:00,37.600772857666016,76.27180480957031,-0.4405884291103171,3.9962981912087017,0.91,False,False,0.0,False,False,-1.0,-1.0,0.004035191376705678,-0.004035191376705678,3.5043872792139235
2015-04-16 00:00:00-04:00,37.4116325378418,76.28943634033203,-0.4403983389905695,3.813891491032777,0.695,False,False,0.0,False,False,-1.0,-1.0,-0.0025687693182995935,0.0025687693182995935,3.506956048532223
2015-04-17 00:00:00-04:00,37.47972106933594,76.757080078125,-0.4400650086453884,3.701615961161089,0.532,False,False,0.0,False,False,-1.0,-1.0,-0.0015756238422429273,0.0015756238422429273,3.508531672374466
2015-04-20 00:00:00-04:00,38.0774040222168,78.10693359375,-0.4397331007019419,3.7311999267164424,0.531,False,False,0.0,False,False,-1.0,-1.0,0.0004084851103699209,-0.0004084851103699209,3.508123187264096
2015-04-21 00:00:00-04:00,37.95635986328125,80.12730407714844,-0.43843925058646543,2.825404712182454,-0.612,False,False,0.0,False,True,0.0,0.0,-0.012393330010218213,0.012393330010218213,3.5205165172743142
2015-04-22 00:00:00-04:00,38.03957748413086,80.13612365722656,-0.437144925237084,3.0084776992028353,-0.398,False,False,0.0,False,False,0.0,0.0,0.00250542343197771,0.0,3.5205165172743142
2015-04-23 00:00:00-04:00,38.32707214355469,80.51549530029297,-0.43607397381566143,3.2163601542197213,-0.139,False,False,0.0,False,False,0.0,0.0,0.002830728860782503,0.0,3.5205165172743142
2015-04-24 00:00:00-04:00,38.667518615722656,80.26846313476562,-0.43556739663549515,3.7051930961805795,0.434,False,True,0.0,False,False,0.0,0.0,0.006639059850009019,0.0,3.5205165172743142
2015-04-27 00:00:00-04:00,37.98661804199219,79.9773178100586,-0.4346702646175706,3.2228561460904785,-0.263,False,False,0.0,False,True,0.0,0.0,-0.006630026544216896,-0.0,3.5205165172743142
2015-04-28 00:00:00-04:00,38.084964752197266,79.05094146728516,-0.43425592239983557,3.756625248745941,0.439,False,True,0.0,False,False,0.0,0.0,0.007371146892717931,0.0,3.5205165172743142
2015-04-29 00:00:00-04:00,37.7520866394043,78.03633880615234,-0.43406779978921856,3.879024750211734,0.569,False,False,0.0,False,False,0.0,0.0,0.0017088900195009597,0.0,3.5205165172743142
2015-04-30 00:00:00-04:00,37.161983489990234,75.9277114868164,-0.43425067510710486,4.190323517502726,1.027,False,False,0.0,False,False,0.0,0.0,0.004438651008592482,0.0,3.5205165172743142
2015-05-01 00:00:00-04:00,37.525115966796875,76.8982162475586,-0.4344333661207933,4.117965033685316,0.881,False,False,0.0,False,False,0.0,0.0,-0.0010201067437970732,-0.0,3.5205165172743142
2015-05-04 00:00:00-04:00,37.71426010131836,77.04820251464844,-0.43472273201409717,4.219655007374961,1.062,False,False,0.0,False,False,0.0,0.0,0.0014280521591068874,0.0,3.5205165172743142
2015-05-05 00:00:00-04:00,36.291927337646484,75.77774810791016,-0.43416650879988167,3.3917669969182924,-0.751,False,False,0.0,False,True,0.0,0.0,-0.011965067657807015,-0.0,3.5205165172743142
2015-05-06 00:00:00-04:00,36.04983139038086,74.68372344970703,-0.4337170478401483,3.6582273340638665,-0.184,False,False,0.0,False,False,0.0,0.0,0.003893260499381156,0.0,3.5205165172743142
2015-05-07 00:00:00-04:00,36.16331481933594,75.60128021240234,-0.43304243375242746,3.424752441357988,-0.773,False,False,0.0,False,True,0.0,0.0,-0.0033885127982402805,-0.0,3.5205165172743142
2015-05-08 00:00:00-04:00,36.382720947265625,76.68648529052734,-0.4321298019716434,3.2442052447687004,-1.21,False,False,0.0,False,False,0.0,0.0,-0.002597007839472953,-0.0,3.5205165172743142
2015-05-11 00:00:00-04:00,36.23141098022461,76.86293029785156,-0.43101804036692676,3.1021013863849447,-1.471,False,False,0.0,False,False,0.0,0.0,-0.002048765601159166,-0.0,3.5205165172743142
2015-05-12 00:00:00-04:00,36.11157989501953,76.59825897216797,-0.42994592000381726,3.1784709705401255,-1.253,False,False,0.0,False,False,0.0,0.0,0.0011060891932590368,0.0,3.5205165172743142
2015-05-13 00:00:00-04:00,35.75282287597656,76.25416564941406,-0.4287552318256778,3.058450405288397,-1.435,False,False,0.0,False,False,0.0,0.0,-0.0017534767442823594,-0.0,3.5205165172743142
2015-05-14 00:00:00-04:00,36.294761657714844,77.51873779296875,-0.42763000025131376,3.1454237958260904,-1.172,False,False,0.0,False,False,0.0,0.0,0.0012524230444249805,0.0,3.5205165172743142
2015-05-15 00:00:00-04:00,36.638248443603516,78.24385070800781,-0.4266358880098112,3.256613715485507,-0.881,False,False,0.0,False,False,0.0,0.0,0.0015879763664661778,0.0,3.5205165172743142
2015-05-18 00:00:00-04:00,36.836692810058594,79.70297241210938,-0.4253309707901742,2.9365501791536417,-1.464,False,False,0.0,False,False,0.0,0.0,-0.004524708157166405,-0.0,3.5205165172743142
2015-05-19 00:00:00-04:00,36.81380081176758,79.64994049072266,-0.4240712200292427,3.0365533726102427,-1.19,False,False,0.0,False,False,0.0,0.0,0.0014166554532683362,0.0,3.5205165172743142
2015-05-20 00:00:00-04:00,37.19546127319336,79.50843048095703,-0.423348579904124,3.5356801386744365,-0.059,False,False,0.0,False,False,0.0,0.0,0.007044316681497459,0.0,3.5205165172743142
2015-05-21 00:00:00-04:00,37.172550201416016,80.10973358154297,-0.4225148818885442,3.3249955790876484,-0.511,False,False,0.0,False,True,0.0,0.0,-0.0029665481360476565,-0.0,3.5205165172743142
2015-05-22 00:00:00-04:00,36.897769927978516,80.04785919189453,-0.42148629085084954,3.15869466663581,-0.879,False,False,0.0,False,False,0.0,0.0,-0.0023543083217564104,-0.0,3.5205165172743142
2015-05-26 00:00:00-04:00,36.821434020996094,78.11124420166016,-0.4212171114932764,3.919641363226866,1.122,False,True,0.0,False,False,0.0,0.0,0.010913819294350115,0.0,3.5205165172743142
2015-05-27 00:00:00-04:00,36.86723327636719,78.7037124633789,-0.420912740214581,3.739837998345898,0.669,False,False,0.0,False,False,0.0,0.0,-0.002568816616281545,-0.0,3.5205165172743142
2015-05-28 00:00:00-04:00,36.8901252746582,78.14659881591797,-0.420873607088236,4.000284349325533,1.291,False,False,0.0,False,False,0.0,0.0,0.003732394341281133,0.0,3.5205165172743142
2015-05-29 00:00:00-04:00,36.85197448730469,77.05889129638672,-0.4212922050955613,4.387664250830767,2.076,False,False,0.0,True,False,-1.0,-1.0,0.005588584313901425,0.0,3.5205165172743142
2015-06-01 00:00:00-04:00,36.9054069519043,77.59831237792969,-0.4215973682271478,4.190162674501039,1.489,False,False,0.0,False,False,-1.0,-1.0,-0.0028368246036542025,0.0028368246036542025,3.5233533418779683
2015-06-02 00:00:00-04:00,36.21842956542969,78.332275390625,-0.42089515185326976,3.2487546198804296,-0.674,False,False,0.0,False,True,0.0,0.0,-0.013606501598424688,0.013606501598424688,3.536959843476393
2015-06-03 00:00:00-04:00,35.66122817993164,79.80908966064453,-0.4189194958615598,2.2276445741244117,-2.636,True,False,1.0,False,False,0.0,1.0,-0.014778389568850006,-0.0,3.536959843476393
2015-06-04 00:00:00-04:00,35.325374603271484,77.98744201660156,-0.4172732948564413,2.7832977155784775,-1.377,False,False,1.0,False,False,0.0,1.0,0.008187328818852766,0.008187328818852766,3.545147172295246
2015-06-05 00:00:00-04:00,34.737640380859375,77.80171966552734,-0.41531894218265386,2.425112469381183,-1.92,True,False,1.0,False,False,0.0,1.0,-0.0053420484291048,-0.0053420484291048,3.539805123866141
2015-06-08 00:00:00-04:00,34.508644104003906,77.45682525634766,-0.4133702558262243,2.490296432300326,-1.658,False,False,1.0,False,False,0.0,1.0,0.000979812271369603,0.000979812271369603,3.540784936137511
2015-06-09 00:00:00-04:00,34.50101089477539,77.20042419433594,-0.4116621964644812,2.72051470294538,-1.216,False,False,1.0,False,False,0.0,1.0,0.0034733409176143757,0.0034733409176143757,3.544258277055125
2015-06-10 00:00:00-04:00,34.56208038330078,78.65065002441406,-0.40960779641308,2.346160940344184,-1.788,True,False,1.0,False,False,0.0,1.0,-0.005605944526268939,-0.005605944526268939,3.5386523325288564
2015-06-11 00:00:00-04:00,35.01243209838867,79.68527221679688,-0.40767251293041573,2.5269369302228526,-1.391,False,False,1.0,False,False,0.0,1.0,0.002678245054322487,0.002678245054322487,3.541330577583179
2015-06-12 00:00:00-04:00,34.78343963623047,79.75605010986328,-0.40566236323388466,2.429411866463205,-1.453,False,False,1.0,False,False,0.0,1.0,-0.0014526175551110379,-0.0014526175551110379,3.539877960028068
2015-06-15 00:00:00-04:00,34.75289535522461,79.86215209960938,-0.4037247013315108,2.5105718511181294,-1.251,False,False,1.0,False,False,0.0,1.0,0.0012114295025341243,0.0012114295025341243,3.541089389530602
2015-06-16 00:00:00-04:00,35.14982223510742,80.58726501464844,-0.40205271527951825,2.7494935190178893,-0.814,False,False,1.0,False,False,0.0,1.0,0.0035369523907115164,0.0035369523907115164,3.5446263419213135
2015-06-17 00:00:00-04:00,35.37879180908203,81.11788940429688,-0.4005777214178021,2.884772505287515,-0.554,False,False,1.0,False,False,0.0,1.0,0.0019931248470709205,0.0019931248470709205,3.5466194667683846
2015-06-18 00:00:00-04:00,35.87495422363281,82.19673919677734,-0.3993187420839401,3.052255724173989,-0.233,False,False,1.0,False,False,0.0,1.0,0.0024379758586740947,0.0024379758586740947,3.5490574426270585
2015-06-19 00:00:00-04:00,35.55437469482422,81.74577331542969,-0.3980673906435784,3.0140480150096636,-0.253,False,False,1.0,False,False,0.0,1.0,-0.0005610966549969402,-0.0005610966549969402,3.5484963459720613
2015-06-22 00:00:00-04:00,35.325374603271484,82.28518676757812,-0.39649436151525136,2.699762013697388,-0.77,False,False,1.0,False,False,0.0,1.0,-0.004625186686697117,-0.004625186686697117,3.5438711592853642
2015-06-23 00:00:00-04:00,35.02769470214844,82.14369201660156,-0.3947599304102106,2.6006565580370307,-0.904,False,False,1.0,False,False,0.0,1.0,-0.0014692142638268904,-0.0014692142638268904,3.5424019450215374
2015-06-24 00:00:00-04:00,34.9437141418457,81.25051879882812,-0.3933904172664711,2.9805386484574505,-0.166,False,False,1.0,False,False,0.0,1.0,0.005677772386244204,0.005677772386244204,3.5480797174077816
2015-06-25 00:00:00-04:00,34.95135498046875,81.97564697265625,-0.3919303907026703,2.8226076343714155,-0.432,False,False,1.0,False,True,0.0,1.0,-0.002354364537447773,-0.002354364537447773,3.545725352870334
2015-06-26 00:00:00-04:00,35.27195739746094,82.01986694335938,-0.39085778123335674,3.213854186924351,0.31,False,True,0.0,False,False,0.0,0.0,0.005810874801239418,0.005810874801239418,3.551536227671573
2015-06-29 00:00:00-04:00,34.47047805786133,79.67647552490234,-0.3900474257358122,3.3928738876707243,0.629,False,False,0.0,False,False,0.0,0.0,0.002731120341912307,0.0,3.551536227671573
2015-06-30 00:00:00-04:00,34.483524322509766,79.53497314453125,-0.3894093777022509,3.5118599247326117,0.827,False,False,0.0,False,False,0.0,0.0,0.0018178243679100314,0.0,3.551536227671573
2015-07-01 00:00:00-04:00,35.21965789794922,80.27779388427734,-0.3892742062339685,3.969583405433024,1.566,False,False,0.0,True,False,-1.0,-1.0,0.006886194125344027,0.0,3.551536227671573
2015-07-02 00:00:00-04:00,35.77176284790039,79.87100982666016,-0.3899141699463464,4.628924348561718,2.414,False,False,0.0,False,False,-1.0,-1.0,0.009853468896977871,-0.009853468896977871,3.5416827587745954
2015-07-06 00:00:00-04:00,35.84077835083008,80.5076904296875,-0.3904751319197146,4.404527309746307,1.883,False,False,0.0,False,False,-1.0,-1.0,-0.0033354183566609995,0.0033354183566609995,3.5450181771312566
2015-07-07 00:00:00-04:00,36.707275390625,80.23356628417969,-0.3919028953131093,5.263508462558711,2.717,False,False,0.0,False,False,-1.0,-1.0,0.01260407946213932,-0.01260407946213932,3.5324140976691174
2015-07-08 00:00:00-04:00,36.362213134765625,77.47452545166016,-0.39407875510197504,5.831148592659108,2.898,False,False,0.0,False,False,-1.0,-1.0,0.00848575746044889,-0.00848575746044889,3.5239283402086685
2015-07-09 00:00:00-04:00,35.89445495605469,78.45611572265625,-0.39542104271140893,4.8712558699149895,1.667,False,False,0.0,False,False,-1.0,-1.0,-0.014344386940684833,0.014344386940684833,3.5382727271493533
2015-07-10 00:00:00-04:00,36.2395133972168,80.60498046875,-0.39603221409562844,4.317344515042848,1.007,False,False,0.0,False,False,-1.0,-1.0,-0.008126433156413182,0.008126433156413182,3.5463991603057665
2015-07-13 00:00:00-04:00,36.20118713378906,81.81649017333984,-0.395970342926224,3.8042834628316484,0.427,False,False,0.0,False,False,-1.0,-1.0,-0.007479232237986707,0.007479232237986707,3.553878392543753
2015-07-14 00:00:00-04:00,36.20885467529297,82.5062484741211,-0.3955397273381022,3.5743556501494,0.19,False,False,0.0,False,False,-1.0,-1.0,-0.0033398694328976397,0.0033398694328976397,3.557218261976651
2015-07-15 00:00:00-04:00,36.33920669555664,82.61237335205078,-0.39516121865289716,3.6940005659521304,0.322,False,True,0.0,False,False,-1.0,-1.0,0.0017343760844347107,-0.0017343760844347107,3.555483885892216
2015-07-16 00:00:00-04:00,37.12901306152344,83.05448913574219,-0.39540451034474666,4.288893452872216,0.954,False,False,0.0,False,False,-1.0,-1.0,0.00850221896738856,-0.00850221896738856,3.5469816669248275
2015-07-17 00:00:00-04:00,36.69960021972656,83.56741333007812,-0.39514198231820963,3.6786068592743177,0.321,False,False,0.0,False,False,-1.0,-1.0,-0.008753318958710062,0.008753318958710062,3.5557349858835376
2015-07-20 00:00:00-04:00,36.50022506713867,82.35590362548828,-0.39507416400058265,3.963535291786336,0.646,False,False,0.0,False,False,-1.0,-1.0,0.004127189535657663,-0.004127189535657663,3.55160779634788
2015-07-21 00:00:00-04:00,36.43888854980469,82.70966339111328,-0.3948567866352637,3.7804166395053898,0.425,False,False,0.0,False,False,-1.0,-1.0,-0.002650154087820426,0.002650154087820426,3.5542579504357
2015-07-22 00:00:00-04:00,36.82996368408203,83.81503295898438,-0.39458757807279493,3.7575928227049005,0.359,False,False,0.0,False,False,-1.0,-1.0,-0.0003265100793686141,0.0003265100793686141,3.554584460515069
2015-07-23 00:00:00-04:00,36.11682891845703,84.41634368896484,-0.39343929822273194,2.90412189894176,-0.613,False,False,0.0,False,True,0.0,0.0,-0.012310351024514617,0.012310351024514617,3.5668948115395835
2015-07-24 00:00:00-04:00,36.132164001464844,82.74502563476562,-0.3928601938914945,3.624937187034135,0.168,False,False,0.0,False,False,0.0,0.0,0.01050148143105967,0.0,3.5668948115395835
2015-07-27 00:00:00-04:00,36.56157684326172,81.42740631103516,-0.39331259532702534,4.53515233632028,1.153,False,True,0.0,False,False,0.0,0.0,0.013270763564587368,0.0,3.5668948115395835
2015-07-28 00:00:00-04:00,36.85297393798828,81.10903930664062,-0.39430170276747983,4.87154162954543,1.441,False,False,0.0,False,False,0.0,0.0,0.004886935350627657,0.0,3.5668948115395835
2015-07-29 00:00:00-04:00,36.92965316772461,81.60426330566406,-0.39519913366717535,4.679719005778104,1.158,False,False,0.0,False,False,0.0,0.0,-0.002772821162595361,-0.0,3.5668948115395835
2015-07-30 00:00:00-04:00,37.397403717041016,81.3478012084961,-0.39654550166907765,5.13929907714153,1.578,False,False,0.0,True,False,-1.0,-1.0,0.006597899896277671,0.0,3.5668948115395835
2015-07-31 00:00:00-04:00,37.57377624511719,81.81649017333984,-0.3978594303722008,5.0223140696994335,1.367,False,False,0.0,False,False,-1.0,-1.0,-0.0016682297283689433,0.0016682297283689433,3.5685630412679523
2015-08-03 00:00:00-04:00,37.85748291015625,80.77298736572266,-0.3997226444744079,5.570690798231652,1.853,False,False,0.0,True,False,-1.0,-1.0,0.00781784013534382,-0.00781784013534382,3.5607452011326086
2015-08-04 00:00:00-04:00,37.297706604003906,81.59539794921875,-0.4007086758624008,4.601722735306808,0.721,False,False,0.0,False,False,-1.0,-1.0,-0.013843648711490101,0.013843648711490101,3.5745888498440985
2015-08-05 00:00:00-04:00,37.32072448730469,82.55047607421875,-0.4011270904113507,4.207492207581502,0.233,False,False,0.0,False,False,-1.0,-1.0,-0.005597165711267495,0.005597165711267495,3.580186015555366
2015-08-06 00:00:00-04:00,37.76546859741211,80.62268829345703,-0.4025558191020752,5.3103362732282235,1.424,False,False,0.0,False,False,-1.0,-1.0,0.01570542050584399,-0.01570542050584399,3.564480595049522
2015-08-07 00:00:00-04:00,38.37125015258789,81.09135437011719,-0.40444681370049157,5.574110258936564,1.612,False,False,0.0,True,False,-1.0,-1.0,0.003706336275654996,-0.003706336275654996,3.560774258773867
2015-08-10 00:00:00-04:00,38.14121627807617,82.33822631835938,-0.4055860380459078,4.745981285885499,0.63,False,False,0.0,False,False,-1.0,-1.0,-0.011576321698183897,0.011576321698183897,3.572350580472051
2015-08-11 00:00:00-04:00,38.7163200378418,82.65657043457031,-0.4069222823417222,5.08151974606713,0.98,False,False,0.0,False,False,-1.0,-1.0,0.004637640145072925,-0.004637640145072925,3.5677129403269783
2015-08-12 00:00:00-04:00,39.2586669921875,82.02873229980469,-0.4089367293406124,5.714105493548715,1.653,False,False,0.0,True,False,-1.0,-1.0,0.008688979329553977,-0.008688979329553977,3.559023960997424
2015-08-13 00:00:00-04:00,39.2586669921875,82.59590148925781,-0.4106971280670755,5.336767460438232,1.144,False,False,0.0,False,False,-1.0,-1.0,-0.005156260070589356,0.005156260070589356,3.5641802210680136
2015-08-14 00:00:00-04:00,39.55141067504883,82.50728607177734,-0.4125838004466745,5.510241023013961,1.294,False,False,0.0,False,False,-1.0,-1.0,0.002357215385093481,-0.002357215385093481,3.56182300568292
2015-08-17 00:00:00-04:00,39.51289367675781,83.25172424316406,-0.41402182458774056,5.044862905527594,0.65,False,False,0.0,False,False,-1.0,-1.0,-0.006290515034230868,0.006290515034230868,3.5681135207171506
2015-08-18 00:00:00-04:00,39.49749755859375,83.3846206665039,-0.4152018420048664,4.876049462984277,0.384,False,False,0.0,False,False,-1.0,-1.0,-0.0022776017798594303,0.0022776017798594303,3.57039112249701
2015-08-19 00:00:00-04:00,39.697784423828125,82.72884368896484,-0.4166853356509056,5.225888423280509,0.81,False,False,0.0,False,False,-1.0,-1.0,0.0047167381373974205,-0.0047167381373974205,3.5656743843596126
2015-08-20 00:00:00-04:00,39.651573181152344,79.4498291015625,-0.4193422163162827,6.334905759753227,2.092,False,False,0.0,True,False,-1.0,-1.0,0.015198630627719138,-0.015198630627719138,3.5504757537318934
2015-08-21 00:00:00-04:00,39.52060317993164,75.85173797607422,-0.42330854148591607,7.411914608107793,2.882,False,False,0.0,False,False,-1.0,-1.0,0.015035871806287559,-0.015035871806287559,3.5354398819256057
2015-08-24 00:00:00-04:00,37.571533203125,74.0704345703125,-0.426120346538709,6.008613955750665,1.298,False,False,0.0,False,False,-1.0,-1.0,-0.020298137941598647,0.020298137941598647,3.555738019867204
2015-08-25 00:00:00-04:00,36.269596099853516,73.5918960571289,-0.42750617862019885,4.808605839055456,0.052,False,False,0.0,False,False,-1.0,-1.0,-0.017717373806649332,0.017717373806649332,3.5734553936738536
2015-08-26 00:00:00-04:00,36.762638092041016,75.36433410644531,-0.42829244893569274,4.484662875183801,-0.288,False,False,0.0,False,True,0.0,0.0,-0.004692063820787409,0.004692063820787409,3.578147457494641
2015-08-27 00:00:00-04:00,37.12471389770508,77.20765686035156,-0.4285070394289897,4.040689435226504,-0.757,False,False,0.0,False,False,0.0,0.0,-0.006323620824513783,-0.0,3.578147457494641
2015-08-28 00:00:00-04:00,37.132415771484375,75.67451477050781,-0.429237700692496,4.650061050371278,-0.128,False,False,0.0,False,False,0.0,0.0,0.008753481636624394,0.0,3.578147457494641
2015-08-31 00:00:00-04:00,36.70870590209961,75.60360717773438,-0.4296350873409134,4.226743529005596,-0.626,False,False,0.0,False,True,0.0,0.0,-0.0061181302611793215,-0.0,3.578147457494641
2015-09-01 00:00:00-04:00,36.02306365966797,72.8740463256836,-0.430412455576174,4.657166432858631,-0.18,False,False,0.0,False,False,0.0,0.0,0.006387142614917609,0.0,3.578147457494641
2015-09-02 00:00:00-04:00,35.97684097290039,74.16793060302734,-0.43062648579238305,4.038165658825385,-0.876,False,False,0.0,False,True,0.0,0.0,-0.009114276204831797,-0.0,3.578147457494641
2015-09-03 00:00:00-04:00,36.22336196899414,74.39836883544922,-0.43086261298956363,4.167886370391173,-0.758,False,False,0.0,False,False,0.0,0.0,0.0018998670186404804,0.0,3.578147457494641
2015-09-04 00:00:00-04:00,35.87669372558594,73.72480010986328,-0.4310316502471829,4.0989714700878785,-0.846,False,False,0.0,False,False,0.0,0.0,-0.0010186312202083443,-0.0,3.578147457494641
2015-09-08 00:00:00-04:00,36.415958404541016,76.53413391113281,-0.43052156849729034,3.4663630295384564,-1.549,True,False,1.0,False,False,0.0,1.0,-0.0091199220085515,-0.0,3.578147457494641
2015-09-09 00:00:00-04:00,36.107810974121094,76.03787231445312,-0.4298276581916309,3.4246303833254643,-1.56,False,False,1.0,False,False,0.0,1.0,-0.0006066585938597763,-0.0006066585938597763,3.577540798900781
2015-09-10 00:00:00-04:00,36.392845153808594,76.82660675048828,-0.42909708669161967,3.426772016771352,-1.63,False,False,1.0,False,False,0.0,1.0,3.0877549688809806e-05,3.0877549688809806e-05,3.5775716764504697
2015-09-11 00:00:00-04:00,36.885902404785156,77.95210266113281,-0.4284243973594774,3.4893197992852194,-1.542,False,False,1.0,False,False,0.0,1.0,0.0008899483634466567,0.0008899483634466567,3.5784616248139165
2015-09-14 00:00:00-04:00,37.15552520751953,76.31259155273438,-0.4287626889181338,4.4355332550578765,-0.439,False,False,1.0,False,False,0.0,1.0,0.013541416138735479,0.013541416138735479,3.592003040952652
2015-09-15 00:00:00-04:00,37.18634796142578,76.6582260131836,-0.42915361892600984,4.288192847420056,-0.587,False,False,1.0,False,False,0.0,1.0,-0.0021023250672012133,-0.0021023250672012133,3.5899007158854506
2015-09-16 00:00:00-04:00,37.30189514160156,77.95210266113281,-0.4290961475023391,3.8529482000026363,-1.043,False,False,1.0,False,False,0.0,1.0,-0.006151794587908759,-0.006151794587908759,3.5837489212975417
2015-09-17 00:00:00-04:00,37.89509582519531,77.09246826171875,-0.4298962030791902,4.753336433479447,-0.009,False,False,1.0,False,False,0.0,1.0,0.012674945008861576,0.012674945008861576,3.596423866306403
2015-09-18 00:00:00-04:00,38.00295639038086,76.45437622070312,-0.43117196873652985,5.037972476776957,0.314,False,True,0.0,False,False,0.0,0.0,0.004010769399228688,0.004010769399228688,3.600434635705632
2015-09-21 00:00:00-04:00,38.14161682128906,75.23139190673828,-0.433094297307077,5.559330008006924,0.907,False,False,0.0,False,False,0.0,0.0,0.0073717301285264065,0.0,3.600434635705632
2015-09-22 00:00:00-04:00,37.94131851196289,73.3880386352539,-0.43558750050473294,5.97440619588787,1.299,False,False,0.0,False,False,0.0,0.0,0.005937443745386157,0.0,3.600434635705632
2015-09-23 00:00:00-04:00,38.11849594116211,73.5918960571289,-0.4381051915949614,5.877504219217165,1.122,False,False,0.0,False,False,0.0,0.0,-0.0013772410784837865,-0.0,3.600434635705632
2015-09-24 00:00:00-04:00,38.665470123291016,72.98040008544922,-0.44125306956287635,6.462644567659744,1.655,False,False,0.0,True,False,-1.0,-1.0,0.008256729512638918,0.0,3.600434635705632
2015-09-25 00:00:00-04:00,39.29719161987305,74.41606140136719,-0.4443031028920536,6.2339046342400195,1.365,False,False,0.0,False,False,-1.0,-1.0,-0.00316111692221891,0.00316111692221891,3.603595752627851
2015-09-28 00:00:00-04:00,39.27408218383789,72.3866195678711,-0.44798212323226055,6.846170656217097,1.828,False,False,0.0,True,False,-1.0,-1.0,0.008539037623429873,-0.008539037623429873,3.595056715004421
2015-09-29 00:00:00-04:00,39.381935119628906,72.94496154785156,-0.45139100822819733,6.455235381377101,1.367,False,False,0.0,False,False,-1.0,-1.0,-0.005406481198384702,0.005406481198384702,3.6004631962028055
2015-09-30 00:00:00-04:00,40.229347229003906,74.72624206542969,-0.45454940664005705,6.26257823772157,1.153,False,False,0.0,False,False,-1.0,-1.0,-0.0025965933726711096,0.0025965933726711096,3.6030597895754766
2015-10-01 00:00:00-04:00,40.12150573730469,76.17080688476562,-0.4566670525074349,5.336807870125739,0.292,False,False,0.0,False,False,-1.0,-1.0,-0.012359061373394948,0.012359061373394948,3.6154188509488714
2015-10-02 00:00:00-04:00,40.537506103515625,76.94180297851562,-0.45848143488564247,5.261117871237381,0.229,False,False,0.0,False,False,-1.0,-1.0,-0.0009983657949704098,0.0009983657949704098,3.6164172167438418
2015-10-05 00:00:00-04:00,40.637657165527344,78.35093688964844,-0.45955550848372617,4.631052523028615,-0.346,False,False,0.0,False,True,0.0,0.0,-0.008220646051584611,0.008220646051584611,3.6246378627954265
2015-10-06 00:00:00-04:00,40.16001510620117,76.72025299072266,-0.460668049083829,4.817445835747165,-0.171,False,False,0.0,False,False,0.0,0.0,0.0024687010949016176,0.0,3.6246378627954265
2015-10-07 00:00:00-04:00,39.79793930053711,78.52813720703125,-0.4605254286730966,3.6337352503692983,-1.202,False,False,0.0,False,True,0.0,0.0,-0.015582901339590519,-0.0,3.6246378627954265
2015-10-08 00:00:00-04:00,40.40653610229492,79.05101776123047,-0.4605130473794507,4.002511014623593,-0.816,False,False,0.0,False,False,0.0,0.0,0.004801107537051401,0.0,3.6246378627954265
2015-10-09 00:00:00-04:00,40.33720779418945,79.44095611572266,-0.46028262356417954,3.771916094797774,-1.004,False,False,0.0,False,False,0.0,0.0,-0.0029985360858793184,-0.0,3.6246378627954265
2015-10-12 00:00:00-04:00,40.653072357177734,75.98468780517578,-0.4618958162581406,5.556062960286084,0.799,False,True,0.0,False,False,0.0,0.0,0.023553068513915677,0.0,3.6246378627954265
2015-10-13 00:00:00-04:00,40.39884567260742,74.85032653808594,-0.4640071305226837,5.667760436984281,0.876,False,False,0.0,False,False,0.0,0.0,0.0014867240705256695,0.0,3.6246378627954265
2015-10-14 00:00:00-04:00,40.25246047973633,74.5755844116211,-0.46604409192891283,5.496949962554389,0.672,False,False,0.0,False,False,0.0,0.0,-0.002277230968384813,-0.0,3.6246378627954265
2015-10-15 00:00:00-04:00,40.83024978637695,75.05414581298828,-0.4682690137430624,5.684718949200935,0.81,False,False,0.0,False,False,0.0,0.0,0.002471432147264261,0.0,3.6246378627954265
2015-10-16 00:00:00-04:00,41.06136703491211,75.51496887207031,-0.47038312264611654,5.540400170343389,0.637,False,False,0.0,False,False,0.0,0.0,-0.0018844917817074274,-0.0,3.6246378627954265
2015-10-19 00:00:00-04:00,41.19232940673828,77.07473754882812,-0.4717265297020327,4.834130935134631,-0.078,False,False,0.0,False,False,0.0,0.0,-0.009107213767992966,-0.0,3.6246378627954265
2015-10-20 00:00:00-04:00,41.11528396606445,76.61389923095703,-0.47295593208130104,4.8802858449043,-0.039,False,False,0.0,False,False,0.0,0.0,0.0005966999540819004,0.0,3.6246378627954265
2015-10-21 00:00:00-04:00,40.953514099121094,76.43665313720703,-0.4739938882571302,4.723007673254763,-0.218,False,False,0.0,False,True,0.0,0.0,-0.002037703796456419,-0.0,3.6246378627954265
2015-10-22 00:00:00-04:00,41.39262008666992,80.66395568847656,-0.4733811151665449,3.2078267891141223,-1.655,True,False,1.0,False,False,0.0,1.0,-0.019040338454139653,-0.0,3.6246378627954265
2015-10-23 00:00:00-04:00,40.68388366699219,80.14108276367188,-0.4720514745044301,2.8531673800193147,-1.872,False,False,1.0,False,False,0.0,1.0,-0.004517114132947919,-0.004517114132947919,3.6201207486624787
2015-10-26 00:00:00-04:00,40.71468734741211,81.28428649902344,-0.470198022098246,2.4949766079041282,-2.08,False,False,1.0,False,False,0.0,1.0,-0.004537828637405431,-0.004537828637405431,3.6155829200250733
2015-10-27 00:00:00-04:00,40.58372497558594,80.35375213623047,-0.46869682891653175,2.9221761577897283,-1.657,False,False,1.0,False,False,0.0,1.0,0.00545974893018691,0.00545974893018691,3.62104266895526
2015-10-28 00:00:00-04:00,39.982818603515625,81.16021728515625,-0.466433868093399,2.126944519899453,-2.186,False,False,1.0,False,False,0.0,1.0,-0.010216405369070926,-0.010216405369070926,3.610826263586189
2015-10-29 00:00:00-04:00,39.52060317993164,80.77027130126953,-0.46394193663429656,2.04788708994311,-2.096,False,False,1.0,False,False,0.0,1.0,-0.0010268089583095733,-0.0010268089583095733,3.6097994546278795
2015-10-30 00:00:00-04:00,39.720909118652344,81.8780517578125,-0.4613059149132537,1.9500795411999121,-1.983,False,False,1.0,False,False,0.0,1.0,-0.0012621674308633676,-0.0012621674308633676,3.608537287197016
2015-11-02 00:00:00-05:00,39.836448669433594,81.60334014892578,-0.45909224676772814,2.372987896712104,-1.572,False,False,1.0,False,False,0.0,1.0,0.005471007127487797,0.005471007127487797,3.614008294324504
2015-11-03 00:00:00-05:00,39.967430114746094,81.97554016113281,-0.45709732334974174,2.4966301269430318,-1.418,False,False,1.0,False,False,0.0,1.0,0.0015966562002668729,0.0015966562002668729,3.6156049505247707
2015-11-04 00:00:00-05:00,40.05217361450195,82.17937469482422,-0.4552964711052782,2.636194318310089,-1.249,False,False,1.0,False,False,0.0,1.0,0.0018015685946191147,0.0018015685946191147,3.61740651911939
2015-11-05 00:00:00-05:00,39.8133430480957,82.99471282958984,-0.4530950261457141,2.2088514686166576,-1.432,False,False,1.0,False,False,0.0,1.0,-0.005519953532014963,-0.005519953532014963,3.611886565587375
2015-11-06 00:00:00-05:00,38.14161682128906,82.75542449951172,-0.4495129668372139,0.9419804326404915,-2.032,True,False,1.0,False,False,0.0,1.0,-0.016815104368466543,-0.016815104368466543,3.5950714612189083
2015-11-09 00:00:00-05:00,37.89509582519531,81.55902862548828,-0.44624814740315744,1.4995303970700817,-1.576,False,False,1.0,False,False,0.0,1.0,0.007504980505267339,0.007504980505267339,3.6025764417241755
2015-11-10 00:00:00-05:00,38.5467414855957,81.505859375,-0.4439380616604856,2.363188260686087,-1.005,False,False,1.0,False,False,0.0,1.0,0.011556997961291263,0.011556997961291263,3.6141334396854665
2015-11-11 00:00:00-05:00,38.87334442138672,80.98296356201172,-0.4425102043271504,3.0375566685427415,-0.563,False,False,1.0,False,False,0.0,1.0,0.009026586017408772,0.009026586017408772,3.6231600257028753
2015-11-12 00:00:00-05:00,38.48453140258789,79.73065948486328,-0.4415073558987465,3.282858749362589,-0.372,False,False,1.0,False,False,0.0,1.0,0.003329009601770838,0.003329009601770838,3.626489035304646
2015-11-13 00:00:00-05:00,38.119049072265625,75.6717529296875,-0.4420100595780227,4.671373051441037,0.564,False,True,0.0,False,False,0.0,0.0,0.019401674455165333,0.019401674455165333,3.6458907097598114
2015-11-16 00:00:00-05:00,39.16883850097656,77.22602844238281,-0.44309594365052984,4.950298553916291,0.808,False,False,0.0,False,False,0.0,0.0,0.0038007285227220837,0.0,3.6458907097598114
2015-11-17 00:00:00-05:00,38.52341079711914,76.51551055908203,-0.4438950669371582,4.558553115764589,0.599,False,False,0.0,False,False,0.0,0.0,-0.0054042598392046795,-0.0,3.6458907097598114
2015-11-18 00:00:00-05:00,38.935546875,78.2918472290039,-0.44422504440948607,4.156347562795041,0.343,False,False,0.0,False,False,0.0,0.0,-0.005456242797718006,-0.0,3.6458907097598114
2015-11-19 00:00:00-05:00,39.083290100097656,79.25991821289062,-0.4441741841166078,3.8780805947379022,0.174,False,False,0.0,False,False,0.0,0.0,-0.003745761046931908,-0.0,3.6458907097598114
2015-11-20 00:00:00-05:00,39.277706146240234,80.65436553955078,-0.4436508014658907,3.4953322328956133,-0.086,False,False,0.0,False,False,0.0,0.0,-0.005099226666670915,-0.0,3.6458907097598114
2015-11-23 00:00:00-05:00,38.818912506103516,81.2316665649414,-0.4423988700347103,2.882115006737081,-0.507,False,False,0.0,False,True,0.0,0.0,-0.008202948324799038,-0.0,3.6458907097598114
2015-11-24 00:00:00-05:00,38.39900588989258,80.82311248779297,-0.4408848935671518,2.7653165429460387,-0.573,False,False,0.0,False,False,0.0,0.0,-0.001577660564935404,-0.0,3.6458907097598114
2015-11-25 00:00:00-05:00,38.157920837402344,80.94743347167969,-0.4391595244302285,2.609084450131931,-0.657,False,False,0.0,False,False,0.0,0.0,-0.0021196440963734352,-0.0,3.6458907097598114
2015-11-27 00:00:00-05:00,38.52341079711914,81.187255859375,-0.4377787508026891,2.9813553459036513,-0.36,False,False,0.0,False,False,0.0,0.0,0.005026241170527848,0.0,3.6458907097598114
2015-11-30 00:00:00-05:00,38.352333068847656,79.35763549804688,-0.4371677532367559,3.659733855985081,0.195,False,False,0.0,False,False,0.0,0.0,0.009287139968384768,0.0,3.6458907097598114
2015-12-01 00:00:00-05:00,38.811134338378906,79.63294982910156,-0.4370641661417347,4.006425523916036,0.526,False,True,0.0,False,False,0.0,0.0,0.0047094708568527965,0.0,3.6458907097598114
2015-12-02 00:00:00-05:00,37.86243438720703,79.40203857421875,-0.4362528569281678,3.2230682132835184,-0.059,False,False,0.0,False,False,0.0,0.0,-0.01080466008526261,-0.0,3.6458907097598114
2015-12-03 00:00:00-05:00,37.4191780090332,76.08032989501953,-0.4363327543464543,4.222838114352442,0.881,False,True,0.0,False,False,0.0,0.0,0.014157934838517145,0.0,3.6458907097598114
2015-12-04 00:00:00-05:00,38.453426361083984,78.19412994384766,-0.43667625803864546,4.307906296616991,1.047,False,False,0.0,False,False,0.0,0.0,0.0011717550522828293,0.0,3.6458907097598114
2015-12-07 00:00:00-05:00,38.94333267211914,78.096435546875,-0.4375522449572163,4.772061975427434,1.496,False,False,0.0,False,False,0.0,0.0,0.006348330667529018,0.0,3.6458907097598114
2015-12-08 00:00:00-05:00,39.26992416381836,79.96160125732422,-0.4379921979180497,4.24736668007624,1.036,False,False,0.0,False,False,0.0,0.0,-0.007062562505857858,-0.0,3.6458907097598114
2015-12-09 00:00:00-05:00,38.83445739746094,78.95796966552734,-0.4383222560705738,4.225421998915067,1.049,False,False,0.0,False,False,0.0,0.0,-0.0002987968072559637,-0.0,3.6458907097598114
2015-12-10 00:00:00-05:00,37.76134490966797,78.91353607177734,-0.4375987503507583,3.2288801388987167,0.05,False,False,0.0,False,False,0.0,0.0,-0.01378460845294221,-0.0,3.6458907097598114
2015-12-11 00:00:00-05:00,37.76134490966797,78.0698013305664,-0.4370900984603682,3.637807759309311,0.436,False,True,0.0,False,False,0.0,0.0,0.0056886456330153545,0.0,3.6458907097598114
2015-12-14 00:00:00-05:00,38.52341079711914,78.35401916503906,-0.43726977076388757,4.261566798393254,1.0,False,False,0.0,False,False,0.0,0.0,0.008569854441445887,0.0,3.6458907097598114
2015-12-15 00:00:00-05:00,38.818912506103516,77.4303207397461,-0.4382336250780182,4.886342357370928,1.509,False,False,0.0,True,False,-1.0,-1.0,0.00858780517150248,0.0,3.6458907097598114
2015-12-16 00:00:00-05:00,39.82981491088867,78.23854064941406,-0.4399019573486325,5.412527739110878,1.852,False,False,0.0,False,False,-1.0,-1.0,0.007086948405799015,-0.007086948405799015,3.6388037613540125
2015-12-17 00:00:00-05:00,39.86091232299805,76.26681518554688,-0.4424404201450993,6.117390569176045,2.251,False,False,0.0,False,False,-1.0,-1.0,0.0095763636920231,-0.0095763636920231,3.6292273976619893
2015-12-18 00:00:00-05:00,39.067752838134766,76.12471008300781,-0.4442562044388652,5.248878072648701,1.409,False,False,0.0,False,False,-1.0,-1.0,-0.011915937464558983,0.011915937464558983,3.6411433351265483
2015-12-21 00:00:00-05:00,39.18440628051758,75.28096771240234,-0.4462827986551901,5.5878053243556565,1.586,False,False,0.0,True,False,-1.0,-1.0,0.004656809029927059,-0.004656809029927059,3.636486526096621
2015-12-22 00:00:00-05:00,39.45655822753906,75.8493881225586,-0.4482243071844355,5.459018785941886,1.384,False,False,0.0,False,False,-1.0,-1.0,-0.0017532927705935662,0.0017532927705935662,3.6382398188672145
2015-12-23 00:00:00-05:00,40.07866668701172,76.43553924560547,-0.45035864882385435,5.655260510238151,1.447,False,False,0.0,False,False,-1.0,-1.0,0.0026340438158688542,-0.0026340438158688542,3.6356057750513457
2015-12-24 00:00:00-05:00,40.101985931396484,76.08919525146484,-0.4525476614255343,5.667998560595201,1.374,False,False,0.0,False,False,-1.0,-1.0,0.00017089802135414087,-0.00017089802135414087,3.635434877029992
2015-12-28 00:00:00-05:00,40.350826263427734,76.37338256835938,-0.4547049639583183,5.6234700953070345,1.328,False,False,0.0,False,False,-1.0,-1.0,-0.0005930946094594796,0.0005930946094594796,3.6360279716394515
2015-12-29 00:00:00-05:00,40.66965103149414,77.4391860961914,-0.45653658772161954,5.315829255199432,1.031,False,False,0.0,False,False,-1.0,-1.0,-0.004046655970129313,0.004046655970129313,3.6400746276095806
2015-12-30 00:00:00-05:00,40.61521530151367,76.63983154296875,-0.4584708278776675,5.4780882856038104,1.137,False,False,0.0,False,False,-1.0,-1.0,0.0021419671714501907,-0.0021419671714501907,3.6379326604381306
2015-12-31 00:00:00-05:00,39.89980697631836,75.9382095336914,-0.459899051687767,4.975896424906736,0.591,False,False,0.0,False,False,-1.0,-1.0,-0.0067116667988456995,0.0067116667988456995,3.644644327236976
2016-01-04 00:00:00-05:00,39.90756607055664,74.38391876220703,-0.461832170303174,5.5546794329515805,1.114,False,False,0.0,False,False,-1.0,-1.0,0.007793960135409092,-0.007793960135409092,3.6368503671015673
2016-01-05 00:00:00-05:00,40.33527374267578,74.33061218261719,-0.4641676421342014,5.8334087474786145,1.326,False,False,0.0,False,False,-1.0,-1.0,0.003724478503959385,-0.003724478503959385,3.633125888597608
2016-01-06 00:00:00-05:00,40.22640609741211,73.30921173095703,-0.46677365139112226,6.007597657148402,1.426,False,False,0.0,False,False,-1.0,-1.0,0.0023398268209924044,-0.0023398268209924044,3.630786061776616
2016-01-07 00:00:00-05:00,40.21862030029297,73.25593566894531,-0.46926907094398984,5.841875427794314,1.202,False,False,0.0,False,False,-1.0,-1.0,-0.00222161563215371,0.00222161563215371,3.6330076774087696
2016-01-08 00:00:00-05:00,40.02423095703125,72.70526123046875,-0.4716335309085386,5.733991887277597,1.041,False,False,0.0,False,False,-1.0,-1.0,-0.0014517164756450904,0.0014517164756450904,3.6344593938844145
2016-01-11 00:00:00-05:00,40.350826263427734,73.40691375732422,-0.4738055602508205,5.570222364355068,0.839,False,False,0.0,False,False,-1.0,-1.0,-0.002179773798639458,0.002179773798639458,3.636639167683054
2016-01-12 00:00:00-05:00,40.08643341064453,75.192138671875,-0.4746896929921956,4.393500189065591,-0.277,False,False,0.0,False,True,0.0,0.0,-0.015528266170399771,0.015528266170399771,3.6521674338534535
2016-01-13 00:00:00-05:00,40.31193923950195,72.42994689941406,-0.47677606727427235,5.779074003914943,0.976,False,True,0.0,False,False,0.0,0.0,0.018512625219169625,0.0,3.6521674338534535
2016-01-14 00:00:00-05:00,41.2139892578125,73.7177734375,-0.47923893140530205,5.885562290046842,1.037,False,False,0.0,False,False,0.0,0.0,0.0013912323569466054,0.0,3.6521674338534535
2016-01-15 00:00:00-05:00,41.01958465576172,72.37664794921875,-0.4820443786820306,6.130828363992499,1.26,False,False,0.0,False,False,0.0,0.0,0.003231081998158666,0.0,3.6521674338534535
2016-01-19 00:00:00-05:00,42.139347076416016,74.1263427734375,-0.48499617793138117,6.188354147267368,1.285,False,False,0.0,False,False,0.0,0.0,0.0007366568422005817,0.0,3.6521674338534535
2016-01-20 00:00:00-05:00,41.167335510253906,72.37664794921875,-0.4876390316490974,5.873656990289241,0.877,False,False,0.0,False,False,0.0,0.0,-0.004115785815419006,-0.0,3.6521674338534535
2016-01-21 00:00:00-05:00,40.80184555053711,73.98421478271484,-0.48889012739264165,4.631693360371088,-0.619,False,False,0.0,False,True,0.0,0.0,-0.01613526563389945,-0.0,3.6521674338534535
2016-01-22 00:00:00-05:00,41.696109771728516,75.3520278930664,-0.48999696239540147,4.773844993792416,-0.548,False,False,0.0,False,False,0.0,0.0,0.0018081222644908317,0.0,3.6521674338534535
2016-01-25 00:00:00-05:00,41.37728500366211,74.17961120605469,-0.4912460079934604,4.93684712418078,-0.371,False,False,0.0,False,False,0.0,0.0,0.002094665898064625,0.0,3.6521674338534535
2016-01-26 00:00:00-05:00,41.88273620605469,76.10692596435547,-0.49199135300575497,4.438786727742617,-1.05,False,False,0.0,False,False,0.0,0.0,-0.006278598332216944,-0.0,3.6521674338534535
2016-01-27 00:00:00-05:00,41.665008544921875,74.80134582519531,-0.49300200476915945,4.787795093669388,-0.58,False,False,0.0,False,False,0.0,0.0,0.004443576423694387,0.0,3.6521674338534535
2016-01-28 00:00:00-05:00,42.535945892333984,75.47637176513672,-0.49452508003035295,5.210987104779079,-0.048,False,False,0.0,False,False,0.0,0.0,0.005299113662761477,0.0,3.6521674338534535
2016-01-29 00:00:00-05:00,42.94807052612305,78.43395233154297,-0.49498911836847803,4.124117611377358,-1.543,True,False,1.0,False,True,0.0,1.0,-0.013291458957080378,-0.0,3.6521674338534535
2016-02-01 00:00:00-05:00,43.61684036254883,77.02178192138672,-0.49656306322790844,5.3706683963931,0.103,False,False,1.0,False,False,0.0,1.0,0.015227277247146329,0.015227277247146329,3.6673947111006
2016-02-02 00:00:00-05:00,43.647953033447266,76.45333862304688,-0.4985417931394955,5.532768504812431,0.306,False,True,0.0,False,False,0.0,0.0,0.0019825573388282665,0.0019825573388282665,3.6693772684394284
2016-02-03 00:00:00-05:00,44.052310943603516,75.20101165771484,-0.5014660821167891,6.341554256390268,1.673,False,False,0.0,True,False,-1.0,-1.0,0.009891822494108608,0.0,3.6693772684394284
2016-02-04 00:00:00-05:00,43.85789489746094,74.40167999267578,-0.5045630367355056,6.317557302133132,1.518,False,False,0.0,False,False,-1.0,-1.0,-0.0002948092792956141,0.0002948092792956141,3.669672077718724
2016-02-05 00:00:00-05:00,44.363346099853516,71.74604797363281,-0.5092984455065074,7.823195395647019,3.306,False,False,0.0,False,False,-1.0,-1.0,0.018610296872091807,-0.018610296872091807,3.6510617808466326
2016-02-08 00:00:00-05:00,44.68217849731445,70.89342498779297,-0.5147836213612874,8.187404451393604,3.147,False,False,0.0,False,False,-1.0,-1.0,0.004486606657876263,-0.004486606657876263,3.646575174188756
2016-02-09 00:00:00-05:00,44.62774658203125,72.34111785888672,-0.5192523019205932,7.064454610295385,1.648,False,False,0.0,False,False,-1.0,-1.0,-0.01366267978672171,0.01366267978672171,3.660237853975478
2016-02-10 00:00:00-05:00,44.27085494995117,72.76744842529297,-0.5226265344533283,6.240655558429005,0.661,False,False,0.0,False,False,-1.0,-1.0,-0.01000958078189832,0.01000958078189832,3.670247434757376
2016-02-11 00:00:00-05:00,43.7217903137207,72.55427551269531,-0.5251042125900925,5.623234600582201,-0.059,False,False,0.0,False,False,-1.0,-1.0,-0.0075460565474035355,0.0075460565474035355,3.67779349130478
2016-02-12 00:00:00-05:00,43.666866302490234,74.14410400390625,-0.5263355925531026,4.642185387275376,-1.137,False,False,0.0,False,True,0.0,0.0,-0.01186396005777931,0.01186396005777931,3.6896574513625593
2016-02-16 00:00:00-05:00,43.713932037353516,75.97372436523438,-0.5263093573448652,3.7282499915910847,-1.977,True,False,1.0,False,False,0.0,1.0,-0.010919230700116835,-0.0,3.6896574513625593
2016-02-17 00:00:00-05:00,43.55705261230469,76.39116668701172,-0.5256580167633701,3.401423433370084,-2.095,False,False,1.0,False,False,0.0,1.0,-0.003904146316038864,-0.003904146316038864,3.6857533050465205
2016-02-18 00:00:00-05:00,44.40420913696289,75.24278259277344,-0.5263799680984848,4.797915636137581,-0.695,False,False,1.0,False,False,0.0,1.0,0.016622828800209447,0.016622828800209447,3.70237613384673
2016-02-19 00:00:00-05:00,44.34144592285156,75.3317642211914,-0.5272101414787577,4.625775849952824,-0.83,False,False,1.0,False,False,0.0,1.0,-0.0020478907008118228,-0.0020478907008118228,3.700328243145918
2016-02-22 00:00:00-05:00,44.78855514526367,76.9074935913086,-0.5276167157370232,4.210875961051272,-1.189,False,False,1.0,False,False,0.0,1.0,-0.004860234168233552,-0.004860234168233552,3.6954680089776843
2016-02-23 00:00:00-05:00,44.98463821411133,75.5543441772461,-0.5288122868848601,5.030572685656004,-0.392,False,False,1.0,False,False,0.0,1.0,0.009650450130356121,0.009650450130356121,3.7051184591080406
2016-02-24 00:00:00-05:00,45.01602554321289,76.19528198242188,-0.5297671379532276,4.650269081846126,-0.716,False,False,1.0,False,False,0.0,1.0,-0.004454153976189905,-0.004454153976189905,3.7006643051318506
2016-02-25 00:00:00-05:00,45.47880935668945,76.11519622802734,-0.5311025214843704,5.053836716706492,-0.31,False,False,1.0,False,False,0.0,1.0,0.00469790299658749,0.00469790299658749,3.705362208128438
2016-02-26 00:00:00-05:00,44.27085494995117,75.47421264648438,-0.5315506242260197,4.152490104745048,-1.099,False,False,1.0,False,False,0.0,1.0,-0.010680826462779642,-0.010680826462779642,3.6946813816656583
2016-02-29 00:00:00-05:00,44.200260162353516,75.28727722167969,-0.5318196226958838,4.161008796519418,-1.033,False,False,1.0,False,False,0.0,1.0,0.0001011246577743907,0.0001011246577743907,3.6947825063234325
2016-03-01 00:00:00-05:00,44.200260162353516,78.01139068603516,-0.5305985646021341,2.8075282417269705,-2.054,True,False,1.0,False,False,0.0,1.0,-0.015812983304524342,-0.015812983304524342,3.678969523018908
2016-03-02 00:00:00-05:00,44.10613250732422,77.61967468261719,-0.5292957945577456,3.022365122874625,-1.758,False,False,1.0,False,False,0.0,1.0,0.002521858593807312,0.002521858593807312,3.6814913816127155
2016-03-03 00:00:00-05:00,44.29437255859375,76.89859008789062,-0.5286416653865547,3.642573828653248,-1.176,False,False,1.0,False,False,0.0,1.0,0.007301196703403825,0.007301196703403825,3.6887925783161193
2016-03-04 00:00:00-05:00,44.741477966308594,77.7176513671875,-0.5281776408916485,3.692752211547898,-1.07,False,False,1.0,False,False,0.0,1.0,0.0005848964184511744,0.0005848964184511744,3.6893774747345707
2016-03-07 00:00:00-05:00,44.6395149230957,76.3911361694336,-0.5283760018708049,4.2762718155221435,-0.566,False,False,1.0,False,False,0.0,1.0,0.0068647137750955075,0.0068647137750955075,3.6962421885096663
2016-03-08 00:00:00-05:00,45.31409454345703,76.48907470703125,-0.5293001708166694,4.82841423541641,-0.092,False,False,1.0,False,False,0.0,1.0,0.006435243225869945,0.006435243225869945,3.702677431735536
2016-03-09 00:00:00-05:00,45.557247161865234,77.29918670654297,-0.5301119121372769,4.5800274902033635,-0.265,False,False,1.0,False,True,0.0,1.0,-0.002870379333253271,-0.002870379333253271,3.699807052402283
2016-03-10 00:00:00-05:00,45.431739807128906,79.08857727050781,-0.5297842628207662,3.5318562003297203,-1.08,False,False,1.0,False,False,0.0,1.0,-0.012002196328191415,-0.012002196328191415,3.6878048560740915
2016-03-11 00:00:00-05:00,45.61214828491211,80.39722442626953,-0.5287617333260073,3.1011725426778227,-1.348,False,False,1.0,False,False,0.0,1.0,-0.004887294480382075,-0.004887294480382075,3.6829175615937095
2016-03-14 00:00:00-04:00,45.53371047973633,80.19245910644531,-0.5277197418982247,3.21456665789907,-1.192,False,False,1.0,False,False,0.0,1.0,0.0012907277301656907,0.0012907277301656907,3.684208289323875
2016-03-15 00:00:00-04:00,45.761192321777344,80.20135498046875,-0.5269755844860717,3.4970364043699007,-0.942,False,False,1.0,False,False,0.0,1.0,0.0032089591478047506,0.0032089591478047506,3.6874172484716796
2016-03-16 00:00:00-04:00,46.098472595214844,79.72954559326172,-0.5269169194805519,4.087626039629171,-0.478,False,False,1.0,False,False,0.0,1.0,0.006702919066352867,0.006702919066352867,3.6941201675380326
2016-03-17 00:00:00-04:00,46.43576431274414,78.99954223632812,-0.5276920962569546,4.74833026671633,0.03,False,False,1.0,False,False,0.0,1.0,0.007497506211670437,0.007497506211670437,3.701617673749703
2016-03-18 00:00:00-04:00,45.88669204711914,79.50697326660156,-0.5277717601934686,3.9251568185497803,-0.586,False,False,1.0,False,True,0.0,1.0,-0.009370404773032437,-0.009370404773032437,3.6922472689766703
2016-03-21 00:00:00-04:00,45.93375015258789,79.72064208984375,-0.5276514439404046,3.8690382420256384,-0.594,False,False,1.0,False,False,0.0,1.0,-0.000637722242053158,-0.000637722242053158,3.6916095467346173
2016-03-22 00:00:00-04:00,45.68275833129883,79.284423828125,-0.527483139820367,3.861561511590736,-0.564,False,False,1.0,False,False,0.0,1.0,-8.54444855892476e-05,-8.54444855892476e-05,3.691524102249028
2016-03-23 00:00:00-04:00,46.145530700683594,79.284423828125,-0.5277657269594188,4.301929122474533,-0.192,False,False,1.0,False,False,0.0,1.0,0.0050047954727863025,0.0050047954727863025,3.6965288977218145
2016-03-24 00:00:00-04:00,46.192604064941406,78.96392059326172,-0.5283188754991359,4.474474332106311,-0.017,False,False,1.0,False,False,0.0,1.0,0.001962731991621053,0.001962731991621053,3.6984916297134354
2016-03-28 00:00:00-04:00,46.02786636352539,79.52479553222656,-0.5284352871134775,4.004158203812651,-0.342,False,False,1.0,False,True,0.0,1.0,-0.005341371018522071,-0.005341371018522071,3.693150258694913
2016-03-29 00:00:00-04:00,46.74168014526367,80.07672882080078,-0.5288682079449485,4.3916440757131525,0.136,False,False,1.0,False,False,0.0,1.0,0.0043492918125655165,0.0043492918125655165,3.697499550507479
2016-03-30 00:00:00-04:00,46.757362365722656,80.74441528320312,-0.5290010968697985,4.043478114797686,-0.19,False,False,1.0,False,False,0.0,1.0,-0.003891372637370675,-0.003891372637370675,3.693608177870108
2016-03-31 00:00:00-04:00,47.11818313598633,80.53077697753906,-0.5295231393994747,4.4752732925609,0.538,False,True,0.0,False,False,0.0,0.0,0.004810493761058065,0.004810493761058065,3.6984186716311664
2016-04-01 00:00:00-04:00,47.03974533081055,81.7325668334961,-0.5293901328672045,3.7713309152483774,-0.521,False,False,0.0,False,True,0.0,0.0,-0.007794892280935848,-0.0,3.6984186716311664
2016-04-04 00:00:00-04:00,47.149559020996094,80.57526397705078,-0.5298392948121442,4.45761797609314,0.665,False,True,0.0,False,False,0.0,0.0,0.007638864671019164,0.0,3.6984186716311664
2016-04-05 00:00:00-04:00,46.26319885253906,79.0618667602539,-0.5302789821521156,4.3383526198654465,0.43,False,False,0.0,False,False,0.0,0.0,-0.0013523982316701953,-0.0,3.6984186716311664
2016-04-06 00:00:00-04:00,46.129859924316406,79.4001693725586,-0.5303847228785815,4.017223095139478,-0.159,False,False,0.0,False,False,0.0,0.0,-0.0036391708818376747,-0.0,3.6984186716311664
2016-04-07 00:00:00-04:00,46.20829391479492,77.72650909423828,-0.5313458182806485,4.908638338018612,1.397,False,True,0.0,False,False,0.0,0.0,0.010186677302557469,0.0,3.6984186716311664
2016-04-08 00:00:00-04:00,46.2239875793457,77.36152648925781,-0.5325943392525193,5.021676495233166,1.535,False,False,0.0,True,False,-1.0,-1.0,0.0012929537100694003,0.0,3.6984186716311664
2016-04-11 00:00:00-04:00,46.06709289550781,77.4327392578125,-0.533618144570218,4.74757824376443,1.024,False,False,0.0,False,False,-1.0,-1.0,-0.0031366162294437063,0.0031366162294437063,3.70155528786061
2016-04-12 00:00:00-04:00,46.380859375,79.10638427734375,-0.5339691872243567,4.140487658169128,0.05,False,False,0.0,False,False,-1.0,-1.0,-0.006850396661339804,0.006850396661339804,3.7084056845219497
2016-04-13 00:00:00-04:00,45.96513366699219,79.82747650146484,-0.5334007067165084,3.385101285715372,-1.19,False,False,0.0,False,True,0.0,0.0,-0.00853108539027381,0.00853108539027381,3.7169367699122238
2016-04-14 00:00:00-04:00,45.79255676269531,81.19843292236328,-0.5318406841848448,2.6079266425284047,-2.304,True,False,1.0,False,False,0.0,1.0,-0.008734538261027647,-0.0,3.7169367699122238
2016-04-15 00:00:00-04:00,46.11417007446289,79.6405258178711,-0.5313241186996828,3.7992378815032026,-0.318,False,False,1.0,False,False,0.0,1.0,0.01347193636968176,0.01347193636968176,3.7304087062819056
2016-04-18 00:00:00-04:00,46.38869857788086,80.2458724975586,-0.5309928392007538,3.7787149062605394,-0.334,False,False,1.0,False,False,0.0,1.0,-0.00023059864173189206,-0.00023059864173189206,3.7301781076401737
2016-04-19 00:00:00-04:00,46.38869857788086,79.7918472290039,-0.5309517443435587,4.023078107246484,0.011,False,False,1.0,False,False,0.0,1.0,0.0027532541920846625,0.0027532541920846625,3.732931361832258
2016-04-20 00:00:00-04:00,44.804229736328125,80.18355560302734,-0.5292531045146941,2.366834002399308,-2.658,True,False,1.0,False,True,0.0,1.0,-0.018984562654805585,-0.018984562654805585,3.7139467991774526
2016-04-21 00:00:00-04:00,43.8472785949707,83.98486328125,-0.524552067941993,-0.20715511503454564,-4.324,False,False,1.0,False,False,0.0,1.0,-0.02928258221527438,-0.02928258221527438,3.684664216962178
2016-04-22 00:00:00-04:00,44.435569763183594,84.08280181884766,-0.5202124058539597,0.6946531380591594,-2.838,False,False,1.0,False,False,0.0,1.0,0.010227309910290125,0.010227309910290125,3.6948915268724685
2016-04-25 00:00:00-04:00,44.568912506103516,84.69706726074219,-0.5161237719377403,0.854742679424767,-2.368,False,False,1.0,False,False,0.0,1.0,0.001813366016856452,0.001813366016856452,3.696704892889325
2016-04-26 00:00:00-04:00,44.482627868652344,84.67034912109375,-0.5123543819537097,1.1014034749095245,-1.969,False,False,1.0,False,False,0.0,1.0,0.0028073068632153042,0.0028073068632153042,3.6995121997525406
2016-04-27 00:00:00-04:00,45.259178161621094,85.44486236572266,-0.5093135922783989,1.7409483684015115,-1.368,False,False,1.0,False,False,0.0,1.0,0.007203914917377526,0.007203914917377526,3.706716114669918
2016-04-28 00:00:00-04:00,45.557247161865234,84.54570770263672,-0.5073657529385135,2.6616505155974792,-0.629,False,False,1.0,False,False,0.0,1.0,0.010408960385638972,0.010408960385638972,3.717125075055557
2016-04-29 00:00:00-04:00,45.659217834472656,84.2697525024414,-0.5059951571114075,3.019131177260391,-0.351,False,False,1.0,False,False,0.0,1.0,0.004048510503234773,0.004048510503234773,3.721173585558792
2016-05-02 00:00:00-04:00,45.823944091796875,85.09765625,-0.5045989408825864,2.8837568764564665,-0.447,False,False,1.0,False,False,0.0,1.0,-0.0015251013986213534,-0.0015251013986213534,3.7196484841601705
2016-05-03 00:00:00-04:00,46.23966598510742,84.66146087646484,-0.5039056911980682,3.5782740243141973,0.086,False,False,1.0,False,False,0.0,1.0,0.007812248401817315,0.007812248401817315,3.7274607325619877
2016-05-04 00:00:00-04:00,47.14170837402344,84.2608642578125,-0.5044180601170073,4.6390066813151805,0.882,False,True,0.0,False,False,0.0,0.0,0.011832669278668564,0.011832669278668564,3.7392934018406563
2016-05-05 00:00:00-04:00,47.03974533081055,83.1124496459961,-0.5055421078193647,5.022902350742868,1.161,False,False,0.0,False,False,0.0,0.0,0.004310693646691097,0.0,3.7392934018406563
2016-05-06 00:00:00-04:00,46.474979400634766,83.29940032958984,-0.5060714475249128,4.31953129788203,0.616,False,False,0.0,False,False,0.0,0.0,-0.007935999776532218,-0.0,3.7392934018406563
2016-05-09 00:00:00-04:00,47.12602996826172,83.7356185913086,-0.5068566973600518,4.684070877670095,0.864,False,False,0.0,False,False,0.0,0.0,0.004069976155750618,0.0,3.7392934018406563
2016-05-10 00:00:00-04:00,47.08680725097656,84.5902328491211,-0.5071855605040267,4.183862590228948,0.482,False,False,0.0,False,False,0.0,0.0,-0.0055585027940940265,-0.0,3.7392934018406563
2016-05-11 00:00:00-04:00,47.50203323364258,82.3023452758789,-0.5088719741352405,5.620676317145893,1.478,False,False,0.0,False,False,0.0,0.0,0.016074728475877872,0.0,3.7392934018406563
2016-05-12 00:00:00-04:00,47.59693908691406,83.5162124633789,-0.5101782560434505,4.988783460993133,1.001,False,False,0.0,False,False,0.0,0.0,-0.007005068374068787,-0.0,3.7392934018406563
2016-05-13 00:00:00-04:00,47.38338851928711,82.1148910522461,-0.5117830526486637,5.358378908656157,1.21,False,False,0.0,False,False,0.0,0.0,0.004133788943695978,0.0,3.7392934018406563
2016-05-16 00:00:00-04:00,47.57321548461914,83.5162124633789,-0.5128280057060673,4.743762802900328,0.769,False,False,0.0,False,False,0.0,0.0,-0.006798650064453356,-0.0,3.7392934018406563
2016-05-17 00:00:00-04:00,46.58458709716797,82.0345687866211,-0.5134829502881386,4.461234690998523,0.561,False,False,0.0,False,False,0.0,0.0,-0.003184924748378075,-0.0,3.7392934018406563
2016-05-18 00:00:00-04:00,45.78575134277344,81.72216796875,-0.5134283520238125,3.8272733187649237,0.135,False,False,0.0,False,False,0.0,0.0,-0.0072251061614953755,-0.0,3.7392934018406563
2016-05-19 00:00:00-04:00,46.20493698120117,82.73075103759766,-0.5131636883359898,3.7505196399410465,0.082,False,False,0.0,False,False,0.0,0.0,-0.0008657143897610374,-0.0,3.7392934018406563
2016-05-20 00:00:00-04:00,46.2761116027832,83.81074523925781,-0.5124342965880677,3.3286113195823788,-0.19,False,False,0.0,False,False,0.0,0.0,-0.0047286621942385695,-0.0,3.7392934018406563
2016-05-23 00:00:00-04:00,45.86484909057617,83.23057556152344,-0.5115761830044111,3.286068935551789,-0.199,False,False,0.0,False,False,0.0,0.0,-0.00048101128813306596,-0.0,3.7392934018406563
2016-05-24 00:00:00-04:00,46.56085205078125,84.76576232910156,-0.5106799288927542,3.2726785720155647,-0.193,False,False,0.0,False,False,0.0,0.0,-0.00014903181706540643,-0.0,3.7392934018406563
2016-05-25 00:00:00-04:00,46.46593475341797,84.899658203125,-0.5096977149106428,3.1927729705905534,-0.217,False,False,0.0,False,True,0.0,0.0,-0.0008904212824645229,-0.0,3.7392934018406563
2016-05-26 00:00:00-04:00,47.193580627441406,85.45303344726562,-0.5091920228891954,3.681577664410149,0.163,False,False,0.0,False,False,0.0,0.0,0.005388915152417779,0.0,3.7392934018406563
2016-05-27 00:00:00-04:00,47.241024017333984,86.35453796386719,-0.5084284943143192,3.3359163031562673,-0.059,False,False,0.0,False,False,0.0,0.0,-0.003792386519178818,-0.0,3.7392934018406563
2016-05-31 00:00:00-04:00,47.565311431884766,85.77435302734375,-0.5082545842546968,3.9701032942565746,0.413,False,True,0.0,False,False,0.0,0.0,0.006956816328988981,0.0,3.7392934018406563
2016-06-01 00:00:00-04:00,47.81049346923828,86.19384765625,-0.5082239291330747,4.004717546281249,0.424,False,False,0.0,False,False,0.0,0.0,0.0003778177419176068,0.0,3.7392934018406563
2016-06-02 00:00:00-04:00,47.59693908691406,86.26526641845703,-0.5079903791454405,3.775013691919632,0.231,False,False,0.0,False,False,0.0,0.0,-0.0025126526747340475,-0.0,3.7392934018406563
2016-06-03 00:00:00-04:00,48.656768798828125,84.91751861572266,-0.5093425075782778,5.404666929770862,1.362,False,False,0.0,False,False,0.0,0.0,0.017731185532025687,0.0,3.7392934018406563
2016-06-06 00:00:00-04:00,48.33249282836914,85.06925201416016,-0.5104866729102382,4.905773400697946,0.966,False,False,0.0,False,False,0.0,0.0,-0.005436985745701786,-0.0,3.7392934018406563
2016-06-07 00:00:00-04:00,48.16639709472656,85.96179962158203,-0.5109358996439315,4.245427670062178,0.492,False,False,0.0,False,False,0.0,0.0,-0.007170861276576072,-0.0,3.7392934018406563
2016-06-08 00:00:00-04:00,48.75957489013672,84.24810791015625,-0.5125783580278288,5.575818070597492,1.342,False,False,0.0,False,False,0.0,0.0,0.014469677961379627,0.0,3.7392934018406563
2016-06-09 00:00:00-04:00,49.28948974609375,83.7482681274414,-0.515015227285759,6.157856401650825,1.745,False,False,0.0,True,False,-1.0,-1.0,0.006297676457395593,0.0,3.7392934018406563
2016-06-10 00:00:00-04:00,49.4555778503418,82.89140319824219,-0.5179578465598353,6.521325151457226,1.95,False,False,0.0,False,False,-1.0,-1.0,0.003934077459020133,-0.003934077459020133,3.735359324381636
2016-06-13 00:00:00-04:00,49.447669982910156,81.46333312988281,-0.5214392793078673,6.969488265647357,2.203,False,False,0.0,False,False,-1.0,-1.0,0.00487526746721768,-0.00487526746721768,3.730484056914418
2016-06-14 00:00:00-04:00,49.97758483886719,82.68611907958984,-0.5246588762393937,6.5955785219728895,1.862,False,False,0.0,False,False,-1.0,-1.0,-0.004005049069362727,0.004005049069362727,3.734489105983781
2016-06-15 00:00:00-04:00,49.479312896728516,82.4808349609375,-0.5272326587603453,5.992722983500194,1.324,False,False,0.0,False,False,-1.0,-1.0,-0.006484695143606227,0.006484695143606227,3.740973801127387
2016-06-16 00:00:00-04:00,49.93803787231445,82.1952133178711,-0.53006625119525,6.369129282716635,1.558,False,False,0.0,True,False,-1.0,-1.0,0.00402543675586456,-0.00402543675586456,3.7369483643715222
2016-06-17 00:00:00-04:00,50.064579010009766,81.76678466796875,-0.5330598236590084,6.477991193738234,1.549,False,False,0.0,False,False,-1.0,-1.0,0.0011624191636985437,-0.0011624191636985437,3.7357859452078235
2016-06-20 00:00:00-04:00,49.779850006103516,82.58794403076172,-0.5351903948306362,5.579575632029666,0.729,False,False,0.0,False,False,-1.0,-1.0,-0.00955963367396931,0.00955963367396931,3.7453455788817926
2016-06-21 00:00:00-04:00,49.748226165771484,82.28447723388672,-0.5371330775978229,5.550511670605914,0.658,False,False,0.0,False,False,-1.0,-1.0,-0.0003093689968856405,0.0003093689968856405,3.7456549478786783
2016-06-22 00:00:00-04:00,49.732398986816406,82.28447723388672,-0.5388826807105228,5.390719314155547,0.493,False,False,0.0,False,False,-1.0,-1.0,-0.001698580084199097,0.001698580084199097,3.7473535279628774
2016-06-23 00:00:00-04:00,49.65330505371094,83.48941802978516,-0.5397917311660496,4.58640756136721,-0.215,False,False,0.0,False,True,0.0,0.0,-0.008491448826846267,0.008491448826846267,3.7558449767897235
2016-06-24 00:00:00-04:00,50.08039855957031,81.94529724121094,-0.5416545008595027,5.694359484598614,0.736,False,True,0.0,False,False,0.0,0.0,0.011728524447144784,0.0,3.7558449767897235
2016-06-27 00:00:00-04:00,50.99784851074219,82.91818237304688,-0.5439030325329054,5.8983976659254935,0.876,False,False,0.0,False,False,0.0,0.0,0.0021232457383837666,0.0,3.7558449767897235
2016-06-28 00:00:00-04:00,50.87130355834961,84.05174255371094,-0.5453554699996156,5.033225993683892,0.093,False,False,0.0,False,False,0.0,0.0,-0.00894609873618252,-0.0,3.7558449767897235
2016-06-29 00:00:00-04:00,50.744773864746094,84.94430541992188,-0.5459883665222406,4.366171303156641,-0.466,False,False,0.0,False,True,0.0,0.0,-0.006868116771384979,-0.0,3.7558449767897235
2016-06-30 00:00:00-04:00,51.64640426635742,81.38301086425781,-0.549066655289307,6.961706693746052,1.703,False,True,0.0,True,False,-1.0,-1.0,0.026943898087330297,0.0,3.7558449767897235
2016-07-01 00:00:00-04:00,51.44868087768555,82.5344009399414,-0.5515666170807485,5.925460558455917,0.806,False,False,0.0,False,False,-1.0,-1.0,-0.010686045364686522,0.010686045364686522,3.76653102215441
2016-07-05 00:00:00-04:00,52.05766296386719,82.13272857666016,-0.5545474816789121,6.5111651682626785,1.224,False,False,0.0,False,False,-1.0,-1.0,0.006000816002610047,-0.006000816002610047,3.7605302061518
2016-07-06 00:00:00-04:00,51.923221588134766,82.47191619873047,-0.5570866614761574,5.979217127442588,0.748,False,False,0.0,False,False,-1.0,-1.0,-0.005435405316941302,0.005435405316941302,3.765965611468741
2016-07-07 00:00:00-04:00,50.918758392333984,82.37373352050781,-0.5584745912062806,4.915121238333292,-0.148,False,False,0.0,False,False,-1.0,-1.0,-0.010978844291984046,0.010978844291984046,3.776944455760725
2016-07-08 00:00:00-04:00,51.432861328125,83.6233139038086,-0.5593874477794255,4.655029188615764,-0.393,False,False,0.0,False,True,0.0,0.0,-0.0026483068241773752,0.0026483068241773752,3.7795927625849024
2016-07-11 00:00:00-04:00,51.33795166015625,83.29305267333984,-0.5602304080626967,4.6746507721833765,-0.424,False,False,0.0,False,False,0.0,0.0,0.00020021768148296358,0.0,3.7795927625849024
2016-07-12 00:00:00-04:00,50.388858795166016,83.73934173583984,-0.5598832928391793,3.504600403918694,-1.463,False,False,0.0,False,False,0.0,0.0,-0.012028506971997293,-0.0,3.7795927625849024
2016-07-13 00:00:00-04:00,50.823856353759766,83.3019790649414,-0.5599892463387515,4.175643878656771,-0.924,False,False,0.0,False,False,0.0,0.0,0.006884469395189164,0.0,3.7795927625849024
2016-07-14 00:00:00-04:00,50.61031723022461,82.8735580444336,-0.5601892955476927,4.185437129782535,-0.98,False,False,0.0,False,False,0.0,0.0,0.0001009247303572894,0.0,3.7795927625849024
2016-07-15 00:00:00-04:00,50.58656692504883,82.10597229003906,-0.5607671166453834,4.54423758459788,-0.683,False,False,0.0,False,False,0.0,0.0,0.003713179687259353,0.0,3.7795927625849024
2016-07-18 00:00:00-04:00,50.815948486328125,82.98959350585938,-0.5611192319942736,4.248891514803354,-1.036,False,False,0.0,False,False,0.0,0.0,-0.0030328296852816993,-0.0,3.7795927625849024
2016-07-19 00:00:00-04:00,50.7526741027832,82.98959350585938,-0.5613465882793296,4.1667489255806345,-1.133,False,False,0.0,False,False,0.0,0.0,-0.0008438850551613534,-0.0,3.7795927625849024
2016-07-20 00:00:00-04:00,50.634033203125,83.12347412109375,-0.5613550808971439,3.972248663426768,-1.328,False,False,0.0,False,False,0.0,0.0,-0.0019990608709202517,-0.0,3.7795927625849024
2016-07-21 00:00:00-04:00,51.18767547607422,80.09773254394531,-0.5634172973739181,6.059227480385623,0.745,False,True,0.0,False,False,0.0,0.0,0.021668010938694998,0.0,3.7795927625849024
2016-07-22 00:00:00-04:00,51.717586517333984,81.68645477294922,-0.5653447381181358,5.536579135922068,0.194,False,False,0.0,False,False,0.0,0.0,-0.005338670594228524,-0.0,3.7795927625849024
2016-07-25 00:00:00-04:00,51.76504135131836,81.418701171875,-0.5672889598911591,5.57711104783629,0.217,False,True,0.0,False,False,0.0,0.0,0.00041378950765334587,0.0,3.7795927625849024
2016-07-26 00:00:00-04:00,51.14811706542969,80.74929809570312,-0.5688698296610193,5.212277612480179,-0.2,False,False,0.0,False,False,0.0,0.0,-0.0037579168426973165,-0.0,3.7795927625849024
2016-07-27 00:00:00-04:00,50.61031723022461,80.2762451171875,-0.5700201165413705,4.851242633021762,-0.561,False,False,0.0,False,False,0.0,0.0,-0.0037463656521246553,-0.0,3.7795927625849024
2016-07-28 00:00:00-04:00,50.7526741027832,81.56149291992188,-0.5704589083104122,4.225193891517151,-1.156,False,False,0.0,False,False,0.0,0.0,-0.0064355237295732485,-0.0,3.7795927625849024
2016-07-29 00:00:00-04:00,51.33795166015625,81.80249786376953,-0.5711586052849164,4.615751071463293,-0.697,False,False,0.0,False,False,0.0,0.0,0.003982832689827138,0.0,3.7795927625849024
2016-08-01 00:00:00-04:00,51.4644889831543,81.40084075927734,-0.5721835589457481,4.88826621633487,-0.357,False,False,0.0,False,False,0.0,0.0,0.002779612061227711,0.0,3.7795927625849024
2016-08-02 00:00:00-04:00,51.108577728271484,80.59754943847656,-0.5732852595020232,4.903190683207299,-0.295,False,False,0.0,False,False,0.0,0.0,0.000153364081991639,0.0,3.7795927625849024
2016-08-03 00:00:00-04:00,50.380943298339844,81.14201354980469,-0.5733443504837155,3.858628242686237,-1.427,False,False,0.0,False,False,0.0,0.0,-0.010779435679089476,-0.0,3.7795927625849024
2016-08-04 00:00:00-04:00,50.49957275390625,77.07197570800781,-0.5755170739252469,6.143334812795885,1.24,False,True,0.0,False,False,0.0,0.0,0.02408610029653859,0.0,3.7795927625849024
2016-08-05 00:00:00-04:00,49.4951171875,77.714599609375,-0.5766202095090608,4.683308478829417,-0.425,False,False,0.0,False,True,0.0,0.0,-0.015481644853676155,-0.0,3.7795927625849024
2016-08-08 00:00:00-04:00,49.336944580078125,75.97412872314453,-0.578254145579311,5.404589689143592,0.463,False,True,0.0,False,False,0.0,0.0,0.007733318620435685,0.0,3.7795927625849024
2016-08-09 00:00:00-04:00,49.41603469848633,76.52751159667969,-0.5796441825391523,5.057307797273431,0.056,False,False,0.0,False,False,0.0,0.0,-0.0037033620341539153,-0.0,3.7795927625849024
2016-08-10 00:00:00-04:00,49.659183502197266,76.18832397460938,-0.5813119356625103,5.370001417634654,0.442,False,True,0.0,False,False,0.0,0.0,0.003328356149766708,0.0,3.7795927625849024
2016-08-11 00:00:00-04:00,49.746883392333984,77.18187713623047,-0.5824471829232298,4.7925164816097094,-0.278,False,False,0.0,False,True,0.0,0.0,-0.006097965276877613,-0.0,3.7795927625849024
2016-08-12 00:00:00-04:00,49.79471969604492,77.37879180908203,-0.5833399556437185,4.656578714370475,-0.412,False,False,0.0,False,False,0.0,0.0,-0.0014319358572867547,-0.0,3.7795927625849024
2016-08-15 00:00:00-04:00,48.76628494262695,77.00284576416016,-0.5833495059369107,3.846712910367991,-1.335,False,False,0.0,False,False,0.0,0.0,-0.008644483064499081,-0.0,3.7795927625849024
2016-08-16 00:00:00-04:00,47.84949493408203,76.30470275878906,-0.5827074737828656,3.3861743517555993,-1.754,True,False,1.0,False,False,0.0,1.0,-0.004988890827737039,-0.0,3.7795927625849024
2016-08-17 00:00:00-04:00,48.53510284423828,75.78555297851562,-0.5829403345972188,4.356647233307129,-0.613,False,False,1.0,False,False,0.0,1.0,0.010467432139613004,0.010467432139613004,3.7900601947245156
2016-08-18 00:00:00-04:00,49.380157470703125,76.31365203857422,-0.5838364184616263,4.825468184775168,0.014,False,False,1.0,False,False,0.0,1.0,0.004990916232425154,0.004990916232425154,3.795051110956941
2016-08-19 00:00:00-04:00,48.877899169921875,76.73432159423828,-0.5840700701543493,4.059678573128721,-0.932,False,False,1.0,False,True,0.0,1.0,-0.008173119799977983,-0.008173119799977983,3.7868779911569628
2016-08-22 00:00:00-04:00,49.10909652709961,76.70747375488281,-0.5844015668417993,4.281128676269894,-0.6,False,False,1.0,False,False,0.0,1.0,0.0023574305265728845,0.0023574305265728845,3.7892354216835358
2016-08-23 00:00:00-04:00,48.79817581176758,76.23309326171875,-0.5846946374139065,4.225094988166418,-0.638,False,False,1.0,False,False,0.0,1.0,-0.0006001171037281549,-0.0006001171037281549,3.788635304579808
2016-08-24 00:00:00-04:00,48.68656921386719,75.4812240600586,-0.5852771677258428,4.5091321795163495,-0.187,False,False,1.0,False,False,0.0,1.0,0.003058635986376923,0.003058635986376923,3.791693940566185
2016-08-25 00:00:00-04:00,48.830074310302734,75.86612701416016,-0.5857933227378619,4.388203683425189,-0.359,False,False,1.0,False,True,0.0,1.0,-0.001296515218725277,-0.001296515218725277,3.7903974253474595
2016-08-26 00:00:00-04:00,47.578433990478516,75.72290802001953,-0.5851247684827732,3.271084966422258,-1.889,True,False,1.0,False,False,0.0,1.0,-0.012157688386093657,-0.012157688386093657,3.778239736961366
2016-08-29 00:00:00-04:00,48.10458755493164,76.32258605957031,-0.5844508269751351,3.497789015534856,-1.561,False,False,1.0,False,False,0.0,1.0,0.0024452665272627905,0.0024452665272627905,3.7806850034886286
2016-08-30 00:00:00-04:00,47.48276138305664,75.40962219238281,-0.5837393190322305,3.4631998759973186,-1.53,False,False,1.0,False,False,0.0,1.0,-0.0003780137863721251,-0.0003780137863721251,3.7803069897022565
2016-08-31 00:00:00-04:00,47.737876892089844,75.14109802246094,-0.5834735559386233,3.8950332317919063,-0.908,False,False,1.0,False,False,0.0,1.0,0.004715330401310416,0.004715330401310416,3.785022320103567
2016-09-01 00:00:00-04:00,47.69003677368164,75.25749206542969,-0.5831987950127288,3.799958085443052,-0.993,False,False,1.0,False,False,0.0,1.0,-0.0010381636435956168,-0.0010381636435956168,3.7839841564599714
2016-09-02 00:00:00-04:00,48.279991149902344,76.1346435546875,-0.5830188783048961,3.892056664505354,-0.846,False,False,1.0,False,False,0.0,1.0,0.0009938560557054238,0.0009938560557054238,3.7849780125156767
2016-09-06 00:00:00-04:00,48.99749755859375,74.78306579589844,-0.5843439612424911,5.298464657560608,0.993,False,True,0.0,False,False,0.0,0.0,0.015172175118979253,0.015172175118979253,3.8001501876346557
2016-09-07 00:00:00-04:00,48.71846389770508,74.76516723632812,-0.5855996555150629,4.9360077195852625,0.475,False,False,0.0,False,False,0.0,0.0,-0.003918414407967315,-0.0,3.8001501876346557
2016-09-08 00:00:00-04:00,48.9576301574707,62.099945068359375,-0.5942885442328337,12.052344205856471,4.975,False,False,0.0,True,False,-1.0,-1.0,0.08288020962658928,0.0,3.8001501876346557
2016-09-09 00:00:00-04:00,47.10806655883789,61.24066925048828,-0.6026812229706221,10.199465119414242,3.058,False,False,0.0,False,False,-1.0,-1.0,-0.0220537082770358,0.0220537082770358,3.8222038959116915
2016-09-12 00:00:00-04:00,47.97703552246094,61.85826873779297,-0.6110994040568786,10.175484360805413,2.632,False,False,0.0,False,False,-1.0,-1.0,-0.0002795657930007545,0.0002795657930007545,3.8224834617046923
2016-09-13 00:00:00-04:00,47.411014556884766,62.019378662109375,-0.6184106635953875,9.05756944267609,1.888,False,False,0.0,False,False,-1.0,-1.0,-0.013034710676386518,0.013034710676386518,3.8355181723810787
2016-09-14 00:00:00-04:00,47.80961608886719,61.6702995300293,-0.6257239571246835,9.221032229872748,1.806,False,False,0.0,False,False,-1.0,-1.0,0.0018919698245484446,-0.0018919698245484446,3.8336262025565304
2016-09-15 00:00:00-04:00,47.97703552246094,61.81351852416992,-0.6327194800850612,8.866418219619845,1.528,False,False,0.0,False,False,-1.0,-1.0,-0.004071920631094038,0.004071920631094038,3.8376981231876246
2016-09-16 00:00:00-04:00,48.46335220336914,60.999019622802734,-0.6402937541058947,9.406060932305643,1.635,False,False,0.0,False,False,-1.0,-1.0,0.0061658905974959245,-0.0061658905974959245,3.8315322325901287
2016-09-19 00:00:00-04:00,49.005462646484375,60.4530143737793,-0.6485065360199582,9.80128770298002,1.666,False,False,0.0,False,False,-1.0,-1.0,0.004480539558630187,-0.004480539558630187,3.8270516930314984
2016-09-20 00:00:00-04:00,48.83803939819336,60.488826751708984,-0.6562041928076765,9.145017665704778,1.314,False,False,0.0,False,False,-1.0,-1.0,-0.0074128789251324155,0.0074128789251324155,3.8344645719566306
2016-09-21 00:00:00-04:00,49.82660675048828,60.658878326416016,-0.664276503969604,9.532339121099064,1.372,False,False,0.0,False,False,-1.0,-1.0,0.004297799572623414,-0.004297799572623414,3.830166772384007
2016-09-22 00:00:00-04:00,50.07374572753906,61.0885124206543,-0.671923594571065,9.026932874853877,1.121,False,False,0.0,False,False,-1.0,-1.0,-0.005546566593972508,0.005546566593972508,3.8357133389779796
2016-09-23 00:00:00-04:00,50.201297760009766,61.18699645996094,-0.6790793395332735,8.650472615954747,0.926,False,False,0.0,False,False,-1.0,-1.0,-0.004103014153609863,0.004103014153609863,3.8398163531315896
2016-09-26 00:00:00-04:00,50.03388977050781,61.55393981933594,-0.6852369603484915,7.85485515123208,0.597,False,False,0.0,False,False,-1.0,-1.0,-0.008628047206914256,0.008628047206914256,3.848444400338504
2016-09-27 00:00:00-04:00,49.172874450683594,61.75083923339844,-0.6897020440846162,6.583194407468177,0.105,False,False,0.0,False,False,-1.0,-1.0,-0.01385816633786553,0.01385816633786553,3.8623025666763695
2016-09-28 00:00:00-04:00,48.877899169921875,61.53605270385742,-0.6933267419805282,6.213308234414335,-0.043,False,False,0.0,False,False,-1.0,-1.0,-0.004040595494265504,0.004040595494265504,3.8663431621706352
2016-09-29 00:00:00-04:00,48.13648986816406,61.07955551147461,-0.6960613692942981,5.621370822959953,-0.276,False,False,0.0,False,True,0.0,0.0,-0.006529805908023877,0.006529805908023877,3.872872968078659
2016-09-30 00:00:00-04:00,47.737876892089844,60.2829475402832,-0.6985816645958798,5.625315052652709,-0.287,False,False,0.0,False,False,0.0,0.0,4.38977232436388e-05,0.0,3.872872968078659
2016-10-03 00:00:00-04:00,47.06022644042969,59.99654006958008,-0.7003730784531943,5.040264975357466,-0.528,False,False,0.0,False,False,0.0,0.0,-0.006567678976113927,-0.0,3.872872968078659
2016-10-04 00:00:00-04:00,45.78466033935547,59.9249267578125,-0.700534514289463,3.805180879239643,-1.011,False,False,0.0,False,False,0.0,0.0,-0.014072764786845935,-0.0,3.872872968078659
2016-10-05 00:00:00-04:00,45.681026458740234,60.18448257446289,-0.6999759985632145,3.553333170670193,-1.09,False,False,0.0,False,False,0.0,0.0,-0.002868140081026503,-0.0,3.872872968078659
2016-10-06 00:00:00-04:00,45.68900680541992,61.00796127319336,-0.698650029587867,3.0657928568079384,-1.233,False,False,0.0,False,False,0.0,0.0,-0.005520643798780202,-0.0,3.872872968078659
2016-10-07 00:00:00-04:00,45.513614654541016,60.757347106933594,-0.6972226196723205,3.152217940304297,-1.178,False,False,0.0,False,False,0.0,0.0,0.0009835001116946151,0.0,3.872872968078659
2016-10-10 00:00:00-04:00,45.7527961730957,61.321224212646484,-0.6956928874123186,3.092056640941486,-1.172,False,False,0.0,False,False,0.0,0.0,-0.0006804534948514514,-0.0,3.872872968078659
2016-10-11 00:00:00-04:00,45.11500549316406,61.09747314453125,-0.6937058144605649,2.7313331239545207,-1.267,False,False,0.0,False,False,0.0,0.0,-0.004122616773185377,-0.0,3.872872968078659
2016-10-12 00:00:00-04:00,45.776695251464844,61.10640335083008,-0.692465458419556,3.4626216427620022,-0.983,False,False,0.0,False,False,0.0,0.0,0.008301534068436891,0.0,3.872872968078659
2016-10-13 00:00:00-04:00,46.38259506225586,60.309810638427734,-0.6927784197193841,4.601259754590593,-0.58,False,False,0.0,False,False,0.0,0.0,0.012915010787870456,0.0,3.872872968078659
2016-10-14 00:00:00-04:00,46.03181838989258,60.20240783691406,-0.6931483440988134,4.302619086974168,-0.705,False,False,0.0,False,False,0.0,0.0,-0.0034028851928512727,-0.0,3.872872968078659
2016-10-17 00:00:00-04:00,46.2709846496582,58.662879943847656,-0.6949634480249929,5.502427332805638,-0.297,False,False,0.0,False,False,0.0,0.0,0.01378463418721926,0.0,3.872872968078659
2016-10-18 00:00:00-04:00,46.47825622558594,58.42119598388672,-0.6974457313345651,5.732642467164105,-0.241,False,False,0.0,False,False,0.0,0.0,0.0026393593221749516,0.0,3.872872968078659
2016-10-19 00:00:00-04:00,46.38259506225586,60.300846099853516,-0.6983667999612597,4.270486136544754,-0.792,False,False,0.0,False,False,0.0,0.0,-0.016522529199240747,-0.0,3.872872968078659
2016-10-20 00:00:00-04:00,46.286930084228516,58.170589447021484,-0.700391866969778,5.544722338696673,-0.34,False,False,0.0,False,False,0.0,0.0,0.014641489435922948,0.0,3.872872968078659
2016-10-21 00:00:00-04:00,45.991947174072266,58.116878509521484,-0.7022811039972796,5.1775615735297436,-0.498,False,False,0.0,False,False,0.0,0.0,-0.004229654144245796,-0.0,3.872872968078659
2016-10-24 00:00:00-04:00,46.07965087890625,57.731990814208984,-0.7044204359459582,5.412056741533107,-0.41,False,False,0.0,False,False,0.0,0.0,0.002703200176090395,0.0,3.872872968078659
2016-10-25 00:00:00-04:00,46.34273147583008,56.514713287353516,-0.7077548894218385,6.344166822432285,-0.069,False,False,0.0,False,False,0.0,0.0,0.010795646147170183,0.0,3.872872968078659
2016-10-26 00:00:00-04:00,46.90078353881836,56.54155349731445,-0.7118075251221141,6.654080277335346,0.12,False,False,0.0,False,False,0.0,0.0,0.0035561949779828778,0.0,3.872872968078659
2016-10-27 00:00:00-04:00,46.47027587890625,55.55698013305664,-0.7161062343374387,6.685576044663165,0.183,False,False,0.0,False,False,0.0,0.0,0.0003651472517082539,0.0,3.872872968078659
2016-10-28 00:00:00-04:00,46.65364074707031,55.4227180480957,-0.720533968512454,6.7196897661291075,0.253,False,True,0.0,False,False,0.0,0.0,0.0003939793310466521,0.0,3.872872968078659
2016-10-31 00:00:00-04:00,47.610313415527344,56.0582160949707,-0.7253037262263098,6.951080396245402,0.396,False,False,0.0,False,False,0.0,0.0,0.0026214095286780023,0.0,3.872872968078659
2016-11-01 00:00:00-04:00,46.65364074707031,57.696189880371094,-0.7274124693924364,4.684712791654675,-0.612,False,False,0.0,False,True,0.0,0.0,-0.025573255636486113,-0.0,3.872872968078659
2016-11-02 00:00:00-04:00,46.223140716552734,58.76133346557617,-0.7272909969953048,3.4865519156002733,-1.121,False,False,0.0,False,False,0.0,0.0,-0.013468575978736895,-0.0,3.872872968078659
2016-11-03 00:00:00-04:00,46.4304313659668,58.725521087646484,-0.7268549294384845,3.745496879567277,-0.949,False,False,0.0,False,False,0.0,0.0,0.002905727440944212,0.0,3.872872968078659
2016-11-04 00:00:00-04:00,46.01586151123047,58.57337951660156,-0.7260157967175889,3.4906627150432854,-1.039,False,False,0.0,False,False,0.0,0.0,-0.002878146745015233,-0.0,3.872872968078659
2016-11-07 00:00:00-05:00,46.70148849487305,58.85979461669922,-0.7256758506824283,3.9883569654068225,-0.735,False,False,0.0,False,False,0.0,0.0,0.005566139522016213,0.0,3.872872968078659
2016-11-08 00:00:00-05:00,47.044288635253906,58.83293533325195,-0.7259073377115265,4.337029177738579,-0.499,False,False,0.0,False,False,0.0,0.0,0.003884860147162707,0.0,3.872872968078659
2016-11-09 00:00:00-05:00,45.20721435546875,60.18045425415039,-0.7230372481884936,1.6945043168143314,-2.041,True,False,1.0,False,False,0.0,1.0,-0.029785021560492772,-0.0,3.872872968078659
2016-11-10 00:00:00-05:00,44.58012008666992,61.68970489501953,-0.717577480944263,0.3129770479068341,-2.67,False,False,1.0,False,False,0.0,1.0,-0.015549463430934066,-0.015549463430934066,3.857323504647725
2016-11-11 00:00:00-05:00,44.17813491821289,63.87269973754883,-0.7095821553964358,-1.1447930325463673,-3.046,False,False,1.0,False,False,0.0,1.0,-0.01628774043261753,-0.01628774043261753,3.8410357642151074
2016-11-14 00:00:00-05:00,43.88066482543945,64.72612762451172,-0.7005217425496139,-1.4613948865721937,-2.759,False,False,1.0,False,False,0.0,1.0,-0.003548444139843917,-0.003548444139843917,3.8374873200752635
2016-11-15 00:00:00-05:00,44.68463897705078,64.42066192626953,-0.6930649654732627,0.03693514335606096,-1.859,False,False,1.0,False,False,0.0,1.0,0.01677253705416114,0.01677253705416114,3.8542598571294246
2016-11-16 00:00:00-05:00,44.33089065551758,64.7800064086914,-0.6859105539838833,-0.1023994273474571,-1.769,False,False,1.0,False,False,0.0,1.0,-0.0015697161799327944,-0.0015697161799327944,3.852690140949492
2016-11-17 00:00:00-05:00,44.644432067871094,65.72327423095703,-0.6790107734763029,0.017620796913796255,-1.591,False,False,1.0,False,False,0.0,1.0,0.001344444412023225,0.001344444412023225,3.854034585361515
2016-11-18 00:00:00-05:00,44.644432067871094,65.49871063232422,-0.6728917940264066,0.5708871640699726,-1.267,False,False,1.0,False,False,0.0,1.0,0.006236237412546447,0.006236237412546447,3.8602708227740616
2016-11-21 00:00:00-05:00,45.03034591674805,66.81927490234375,-0.6668777859462718,0.4700558113377582,-1.238,False,False,1.0,False,False,0.0,1.0,-0.0011254675400147393,-0.0011254675400147393,3.859145355234047
2016-11-22 00:00:00-05:00,45.49665069580078,66.8102798461914,-0.6618965347044172,1.2751579829743207,-0.865,False,False,1.0,False,False,0.0,1.0,0.0089736829257564,0.0089736829257564,3.8681190381598034
2016-11-23 00:00:00-05:00,44.79718780517578,67.41218566894531,-0.6563418104326036,0.5517518180013994,-1.11,False,False,1.0,False,False,0.0,1.0,-0.008124268290430484,-0.008124268290430484,3.859994769869373
2016-11-25 00:00:00-05:00,45.472537994384766,67.02587890625,-0.6521156722283474,1.7639119147397366,-0.601,False,False,1.0,False,False,0.0,1.0,0.01359210893156896,0.01359210893156896,3.873586878800942
2016-11-28 00:00:00-05:00,46.66240692138672,67.30437469482422,-0.6496470418382244,2.9383189981227176,-0.128,False,False,1.0,False,False,0.0,1.0,0.012993169891159742,0.012993169891159742,3.886580048692102
2016-11-29 00:00:00-05:00,46.654354095458984,67.15165710449219,-0.6478905538060549,3.147429785035243,-0.049,False,False,1.0,False,False,0.0,1.0,0.002319297048686052,0.002319297048686052,3.888899345740788
2016-11-30 00:00:00-05:00,45.03034591674805,67.43914031982422,-0.6444586344731073,1.5686096361938624,-0.656,False,False,1.0,False,True,0.0,1.0,-0.017841371901739615,-0.017841371901739615,3.8710579738390485
2016-12-01 00:00:00-05:00,44.52383804321289,68.31951904296875,-0.6397232103345701,0.818255992531121,-0.904,False,False,1.0,False,False,0.0,1.0,-0.008504574130309452,-0.008504574130309452,3.862553399708739
2016-12-02 00:00:00-05:00,44.73286819458008,67.9062728881836,-0.6355661675883153,1.5739385798309158,-0.572,False,False,1.0,False,False,0.0,1.0,0.008597873819115157,0.008597873819115157,3.8711512735278544
2016-12-05 00:00:00-05:00,44.77306365966797,68.86752319335938,-0.6312440271173788,1.3008509814923102,-0.637,False,False,1.0,False,False,0.0,1.0,-0.003094642678584861,-0.003094642678584861,3.8680566308492694
2016-12-06 00:00:00-05:00,44.55598831176758,68.58002471923828,-0.6271832250590477,1.5437472337265064,-0.499,False,False,1.0,False,False,0.0,1.0,0.0027737942622197737,0.0027737942622197737,3.8708304251114893
2016-12-07 00:00:00-05:00,45.27153015136719,69.5233154296875,-0.623628494960846,1.9148095852630078,-0.322,False,False,1.0,False,False,0.0,1.0,0.004186727691595448,0.004186727691595448,3.8750171528030846
2016-12-08 00:00:00-05:00,45.4001579284668,68.78665924072266,-0.6211003364119423,2.6767407334003153,0.023,False,False,1.0,False,False,0.0,1.0,0.008646167011145635,0.008646167011145635,3.88366331981423
2016-12-09 00:00:00-05:00,45.95490646362305,69.5682373046875,-0.6190733711770819,2.887063268562926,0.141,False,False,1.0,False,False,0.0,1.0,0.002362570645919115,0.002362570645919115,3.8860258904601492
2016-12-12 00:00:00-05:00,46.582000732421875,68.74173736572266,-0.6185339121108978,4.0629049943015545,0.665,False,True,0.0,False,False,0.0,0.0,0.01319671443243546,0.01319671443243546,3.899222604892585
2016-12-13 00:00:00-05:00,46.88751220703125,68.92140197753906,-0.618578844091773,4.2541910385807,0.801,False,False,0.0,False,False,0.0,0.0,0.0021367768492148048,0.0,3.899222604892585
2016-12-14 00:00:00-05:00,45.75391387939453,67.8164291381836,-0.6182733828788097,3.824820821368675,0.68,False,False,0.0,False,False,0.0,0.0,-0.004896846403984156,-0.0,3.899222604892585
2016-12-15 00:00:00-05:00,45.9388313293457,68.49918365478516,-0.6176589872092088,3.629694928473519,0.671,False,False,0.0,False,False,0.0,0.0,-0.002211109195077146,-0.0,3.899222604892585
2016-12-16 00:00:00-05:00,46.63827896118164,68.58002471923828,-0.6177103705132073,4.275686482056045,1.095,False,False,0.0,False,False,0.0,0.0,0.007258260993722872,0.0,3.899222604892585
2016-12-19 00:00:00-05:00,46.75887680053711,68.74173736572266,-0.6179294831604111,4.281330558587392,1.241,False,False,0.0,False,False,0.0,0.0,6.324857428070113e-05,0.0,3.899222604892585
2016-12-20 00:00:00-05:00,46.992034912109375,70.17010498046875,-0.6174817488722503,3.6632757702201317,0.921,False,False,0.0,False,False,0.0,0.0,-0.006842884795695596,-0.0,3.899222604892585
2016-12-21 00:00:00-05:00,47.000064849853516,69.75687408447266,-0.61719779009567,3.946276320935077,1.072,False,False,0.0,False,False,0.0,0.0,0.003142570141053573,0.0,3.899222604892585
2016-12-22 00:00:00-05:00,47.20105743408203,68.46324920654297,-0.618026717587943,4.888940251556932,1.563,False,False,0.0,True,False,-1.0,-1.0,0.010531007694223425,0.0,3.899222604892585
2016-12-23 00:00:00-05:00,47.21713638305664,68.39136505126953,-0.6191061686742623,4.8756203957623185,1.492,False,False,0.0,False,False,-1.0,-1.0,-0.00014872773810319938,0.00014872773810319938,3.8993713326306882
2016-12-27 00:00:00-05:00,47.0885009765625,68.75072479248047,-0.6197927306258201,4.477301524926766,1.251,False,False,0.0,False,False,-1.0,-1.0,-0.0044405819521592975,0.0044405819521592975,3.9038119145828474
2016-12-28 00:00:00-05:00,46.549842834472656,68.03202819824219,-0.6202436207008345,4.353411341173654,1.183,False,False,0.0,False,False,-1.0,-1.0,-0.0013960043358613682,0.0013960043358613682,3.9052079189187086
2016-12-29 00:00:00-05:00,47.31361389160156,68.29255676269531,-0.6212446225472337,4.887230242775381,1.383,False,False,0.0,False,False,-1.0,-1.0,0.005948505863968206,-0.005948505863968206,3.8992594130547404
2016-12-30 00:00:00-05:00,47.15282440185547,68.10391235351562,-0.6222495167256727,4.775197852752797,1.244,False,False,0.0,False,False,-1.0,-1.0,-0.0012513328016626637,0.0012513328016626637,3.900510745856403
2017-01-03 00:00:00-05:00,47.02418899536133,68.18474578857422,-0.6229946348206205,4.545458192471692,1.077,False,False,0.0,False,False,-1.0,-1.0,-0.002566839839403701,0.002566839839403701,3.9030775856958067
2017-01-04 00:00:00-05:00,47.38597106933594,68.98428344726562,-0.6234848567801198,4.375314984138342,0.954,False,False,0.0,False,False,-1.0,-1.0,-0.0018821853612136358,0.0018821853612136358,3.9049597710570203
2017-01-05 00:00:00-05:00,47.45029067993164,67.94220733642578,-0.6246344538030798,5.011247110167723,1.265,False,False,0.0,False,False,-1.0,-1.0,0.00707461159143622,-0.00707461159143622,3.897885159465584
2017-01-06 00:00:00-05:00,47.2573356628418,67.51998138427734,-0.6259227430777148,4.995043702238682,1.202,False,False,0.0,False,False,-1.0,-1.0,-0.00018100396928815102,0.00018100396928815102,3.898066163434872
2017-01-09 00:00:00-05:00,46.614158630371094,67.7086410522461,-0.6263489108398828,4.204925052848182,0.668,False,False,0.0,False,False,-1.0,-1.0,-0.008875404877241215,0.008875404877241215,3.906941568312113
2017-01-10 00:00:00-05:00,46.71063995361328,68.5890121459961,-0.6260737990509812,3.7688565462156163,0.336,False,False,0.0,False,False,-1.0,-1.0,-0.004863990177673303,0.004863990177673303,3.9118055584897866
2017-01-11 00:00:00-05:00,47.15282440185547,68.72378540039062,-0.6260399990888542,4.128985852412306,0.539,False,False,0.0,False,False,-1.0,-1.0,0.003993597616172419,-0.003993597616172419,3.907811960873614
2017-01-12 00:00:00-05:00,47.193031311035156,68.22968292236328,-0.6264303035440866,4.451890327262348,0.727,False,False,0.0,False,False,-1.0,-1.0,0.0035904536241413002,-0.0035904536241413002,3.904221507249473
2017-01-13 00:00:00-05:00,47.22517776489258,68.31951904296875,-0.6268610754970817,4.398330580173834,0.649,False,False,0.0,False,False,-1.0,-1.0,-0.0005947644943962452,0.0005947644943962452,3.904816271743869
2017-01-17 00:00:00-05:00,47.715599060058594,69.49636840820312,-0.6270093456311565,4.140726580689375,0.398,False,False,0.0,False,False,-1.0,-1.0,-0.0028218059907073826,0.0028218059907073826,3.9076380777345765
2017-01-18 00:00:00-05:00,47.73971939086914,68.6429214477539,-0.6276723930227021,4.654452621688087,0.781,False,False,0.0,False,False,-1.0,-1.0,0.005656219314951869,-0.005656219314951869,3.9019818584196244
2017-01-19 00:00:00-05:00,47.080467224121094,67.18760681152344,-0.6286684445468402,4.84173895709597,0.888,False,False,0.0,False,False,-1.0,-1.0,0.0020968206708315896,-0.0020968206708315896,3.899885037748793
2017-01-20 00:00:00-05:00,47.032230377197266,67.5738754272461,-0.629362595427597,4.503760755204546,0.565,False,False,0.0,False,False,-1.0,-1.0,-0.003773733366247483,0.003773733366247483,3.9036587711150403
2017-01-23 00:00:00-05:00,46.94380187988281,67.11573028564453,-0.6301513256977903,4.650735465208577,0.667,False,False,0.0,False,False,-1.0,-1.0,0.0016470177944713407,-0.0016470177944713407,3.902011753320569
2017-01-24 00:00:00-05:00,46.975948333740234,67.51998138427734,-0.6306714919355061,4.393020938660442,0.368,False,False,0.0,False,False,-1.0,-1.0,-0.0028775989476295134,0.0028775989476295134,3.9048893522681984
2017-01-25 00:00:00-05:00,46.7427978515625,67.58287048339844,-0.6308074418918055,4.1110202062247225,-0.023,False,False,0.0,False,False,-1.0,-1.0,-0.0031552679368586165,0.0031552679368586165,3.908044620205057
2017-01-26 00:00:00-05:00,46.8553466796875,67.36727142333984,-0.6311104513785388,4.339157603562953,0.192,False,False,0.0,False,False,-1.0,-1.0,0.002552685207979027,-0.002552685207979027,3.905491934997078
2017-01-27 00:00:00-05:00,46.815147399902344,66.80130004882812,-0.631763880240068,4.6124988759736425,0.605,False,True,0.0,False,False,-1.0,-1.0,0.003070636265186536,-0.003070636265186536,3.9024212987318916
2017-01-30 00:00:00-05:00,46.79907989501953,66.90911865234375,-0.6323611636957374,4.4883517621672695,0.321,False,False,0.0,False,False,-1.0,-1.0,-0.0013931924729042422,0.0013931924729042422,3.9038144912047956
2017-01-31 00:00:00-05:00,47.47440719604492,66.18143463134766,-0.6341046028659709,5.508454872034001,2.615,False,False,0.0,True,False,-1.0,-1.0,0.011405400373396159,-0.011405400373396159,3.8924090908313995
2017-02-01 00:00:00-05:00,46.003150939941406,65.01358795166016,-0.6352119162335662,4.7057451559478665,0.642,False,False,0.0,False,False,-1.0,-1.0,-0.009194783472280628,0.009194783472280628,3.9016038743036803
2017-02-02 00:00:00-05:00,46.08353805541992,66.21737670898438,-0.6353769865977421,4.010540781657916,-1.008,False,False,0.0,False,True,0.0,0.0,-0.00788602196869483,0.00788602196869483,3.909489896272375
2017-02-03 00:00:00-05:00,46.340824127197266,65.83109283447266,-0.6358514663151903,4.4820272192664135,0.074,False,False,0.0,False,False,0.0,0.0,0.005345674188562716,0.0,3.909489896272375
2017-02-06 00:00:00-05:00,46.22022247314453,65.83109283447266,-0.6362351445472145,4.336167607902723,-0.361,False,False,0.0,False,True,0.0,0.0,-0.0016555338261669186,-0.0,3.909489896272375
2017-02-07 00:00:00-05:00,46.549842834472656,65.7412338256836,-0.6369834484755901,4.67376500514861,0.499,False,True,0.0,False,False,0.0,0.0,0.0038178556096629427,0.0,3.909489896272375
2017-02-08 00:00:00-05:00,46.89555358886719,65.60650634765625,-0.6382227523253056,5.023988537218386,1.334,False,False,0.0,False,False,0.0,0.0,0.003945419626473308,0.0,3.909489896272375
2017-02-09 00:00:00-05:00,46.59004592895508,66.064697265625,-0.6388509083177184,4.384554073075456,-0.399,False,False,0.0,False,True,0.0,0.0,-0.007201200421719145,-0.0,3.909489896272375
2017-02-10 00:00:00-05:00,46.679290771484375,66.70249938964844,-0.6389562258943752,4.0593135037527475,-1.333,False,False,0.0,False,False,0.0,0.0,-0.0036421414919087436,-0.0,3.909489896272375
2017-02-13 00:00:00-05:00,46.95510482788086,65.72327423095703,-0.6398970412218197,4.898976108081186,1.037,False,True,0.0,False,False,0.0,0.0,0.00943322062690725,0.0,3.909489896272375
2017-02-14 00:00:00-05:00,46.53325653076172,65.93889617919922,-0.6403652576215723,4.308278291686705,-0.588,False,False,0.0,False,True,0.0,0.0,-0.00665513253982854,-0.0,3.909489896272375
2017-02-15 00:00:00-05:00,46.26552963256836,65.33700561523438,-0.6408185785596284,4.396362566871403,-0.33,False,False,0.0,False,False,0.0,0.0,0.0009994279039305086,0.0,3.909489896272375
2017-02-16 00:00:00-05:00,46.6306037902832,63.64810562133789,-0.6427854118023396,5.718530008032722,2.869,False,True,0.0,True,False,-1.0,-1.0,0.015103118591110428,0.0,3.909489896272375
2017-02-17 00:00:00-05:00,46.679290771484375,64.8428955078125,-0.6442003366707587,4.907475654644735,0.871,False,False,0.0,False,False,-1.0,-1.0,-0.009169521909788252,0.009169521909788252,3.9186594181821635
2017-02-21 00:00:00-05:00,47.10924530029297,65.50764465332031,-0.6453927847521386,4.831084094933033,0.677,False,False,0.0,False,False,-1.0,-1.0,-0.0008546121058660644,0.0008546121058660644,3.9195140302880294
2017-02-22 00:00:00-05:00,47.37696075439453,64.95069885253906,-0.6471239043779572,5.345810920862547,1.785,False,False,0.0,True,False,-1.0,-1.0,0.005757048466238613,-0.005757048466238613,3.9137569818217908
2017-02-23 00:00:00-05:00,48.09085464477539,63.99528121948242,-0.6502920881835679,6.475229586663502,3.415,False,False,0.0,False,False,-1.0,-1.0,0.012590157027024701,-0.012590157027024701,3.901166824794766
2017-02-24 00:00:00-05:00,48.2612190246582,64.14852142333984,-0.6536571932964078,6.330076556963391,2.716,False,False,0.0,False,False,-1.0,-1.0,-0.0016093716507513576,0.0016093716507513576,3.9027761964455174
2017-02-27 00:00:00-05:00,48.30177688598633,64.28370666503906,-0.6567889258222384,6.080950237583458,2.102,False,False,0.0,False,False,-1.0,-1.0,-0.002752089640078575,0.002752089640078575,3.905528286085596
2017-02-28 00:00:00-05:00,48.89398956298828,63.91416931152344,-0.6605535793891575,6.67525625057683,2.602,False,False,0.0,False,False,-1.0,-1.0,0.00652275548614773,-0.00652275548614773,3.899005530599448
2017-03-01 00:00:00-05:00,48.61005401611328,64.82450103759766,-0.6632555865872204,5.614841555197572,1.082,False,False,0.0,False,False,-1.0,-1.0,-0.01157591409490816,0.01157591409490816,3.9105814446943565
2017-03-02 00:00:00-05:00,48.78041076660156,65.42839813232422,-0.6652715670143695,5.252757813870183,0.538,False,False,0.0,False,False,-1.0,-1.0,-0.003922558081472944,0.003922558081472944,3.9145040027758293
2017-03-03 00:00:00-05:00,48.09896469116211,65.24815368652344,-0.6663768370037924,4.619106417199291,-0.362,False,False,0.0,False,True,0.0,0.0,-0.006919191316885558,0.006919191316885558,3.9214231940927147
2017-03-06 00:00:00-05:00,47.9772834777832,64.6983413696289,-0.6674559598783998,4.793989936377159,-0.133,False,False,0.0,False,False,0.0,0.0,0.0019184117180506138,0.0,3.9214231940927147
2017-03-07 00:00:00-05:00,48.09896469116211,64.38285827636719,-0.6688134250184694,5.0388447348662595,0.181,False,False,0.0,False,False,0.0,0.0,0.002686016423223582,0.0,3.9214231940927147
2017-03-08 00:00:00-05:00,47.36073303222656,65.52754974365234,-0.6685152618941546,3.5545659540665753,-1.822,True,False,1.0,False,True,0.0,1.0,-0.016280895577259865,-0.0,3.9214231940927147
2017-03-09 00:00:00-05:00,47.141700744628906,64.86956024169922,-0.6680893781853773,3.803036579593204,-1.395,False,False,1.0,False,False,0.0,1.0,0.002746127579997068,0.002746127579997068,3.9241693216727116
2017-03-10 00:00:00-05:00,47.63656234741211,65.35631561279297,-0.6678469706137009,3.9885449549353993,-1.11,False,False,1.0,False,False,0.0,1.0,0.002032198383021455,0.002032198383021455,3.926201520055733
2017-03-13 00:00:00-04:00,48.05840301513672,64.62622833251953,-0.6686488383514645,4.846150513561035,0.006,False,False,1.0,False,False,0.0,1.0,0.00939629011943057,0.00939629011943057,3.9355978101751634
2017-03-14 00:00:00-04:00,48.001617431640625,64.66227722167969,-0.6695519313639241,4.706864831475514,-0.189,False,False,1.0,False,False,0.0,1.0,-0.001525643155768376,-0.001525643155768376,3.934072167019395
2017-03-15 00:00:00-04:00,48.93455505371094,65.13097381591797,-0.6710863642126439,5.226046637957637,0.457,False,True,0.0,False,False,0.0,0.0,0.0056041087917310635,0.0056041087917310635,3.9396762758111263
2017-03-16 00:00:00-04:00,48.43968963623047,64.81552124023438,-0.6723537474498127,4.860731037445959,-0.051,False,False,0.0,False,False,0.0,0.0,-0.003970017029359799,-0.0,3.9396762758111263
2017-03-17 00:00:00-04:00,48.683067321777344,64.32879638671875,-0.6740879026522891,5.319803885307948,0.537,False,True,0.0,False,False,0.0,0.0,0.004987410623327422,0.0,3.9396762758111263
2017-03-20 00:00:00-04:00,48.43968963623047,63.92316436767578,-0.675844540914001,5.237567960388404,0.398,False,False,0.0,False,False,0.0,0.0,-0.0008973625001747527,-0.0,3.9396762758111263
2017-03-21 00:00:00-04:00,49.27527618408203,61.444488525390625,-0.6802086107839984,7.4802060038927465,2.893,False,False,0.0,True,False,-1.0,-1.0,0.02462533780791871,0.0,3.9396762758111263
2017-03-22 00:00:00-04:00,49.37261962890625,61.994300842285156,-0.6846123450399387,6.930555950157959,2.034,False,False,0.0,False,False,-1.0,-1.0,-0.005986515815700286,0.005986515815700286,3.9456627916268268
2017-03-23 00:00:00-04:00,49.22661209106445,62.463008880615234,-0.6882303774351117,6.237671913425892,1.205,False,False,0.0,False,False,-1.0,-1.0,-0.007513743828298092,0.007513743828298092,3.9531765354551247
2017-03-24 00:00:00-04:00,49.55110168457031,62.21062469482422,-0.6919639006100792,6.503595161350027,1.396,False,False,0.0,False,False,-1.0,-1.0,0.002871784501635333,-0.002871784501635333,3.950304750953489
2017-03-27 00:00:00-04:00,49.4699821472168,61.66981506347656,-0.6957984702323651,6.560219166536939,1.364,False,False,0.0,False,False,-1.0,-1.0,0.0006129482724651117,-0.0006129482724651117,3.949691802681024
2017-03-28 00:00:00-04:00,49.616004943847656,61.264217376708984,-0.6998759987450976,6.738649619986688,1.446,False,False,0.0,False,False,-1.0,-1.0,0.0019291163488201564,-0.0019291163488201564,3.947762686332204
2017-03-29 00:00:00-04:00,49.429420471191406,61.714866638183594,-0.7031974911846428,6.031681082425891,0.693,False,False,0.0,False,False,-1.0,-1.0,-0.007615966476054647,0.007615966476054647,3.9553786528082586
2017-03-30 00:00:00-04:00,49.02378463745117,61.87711715698242,-0.7055446777137092,5.36671395507458,-0.008,False,False,0.0,False,False,-1.0,-1.0,-0.007174805681892,0.007174805681892,3.9625534584901505
2017-03-31 00:00:00-04:00,49.186038970947266,62.16556167602539,-0.7074532606520998,5.206809662973889,-0.213,False,False,0.0,False,True,0.0,0.0,-0.0017163509004446327,0.0017163509004446327,3.9642698093905953
2017-04-03 00:00:00-04:00,49.16170883178711,61.453514099121094,-0.7096543034164102,5.550958091284784,0.131,False,False,0.0,False,False,0.0,0.0,0.0037095968986650637,0.0,3.9642698093905953
2017-04-04 00:00:00-04:00,49.169822692871094,62.18357467651367,-0.7112186103048557,4.943707127652829,-0.542,False,False,0.0,False,True,0.0,0.0,-0.006501899064966661,-0.0,3.9642698093905953
2017-04-05 00:00:00-04:00,49.70524215698242,61.51658248901367,-0.7136358577735101,5.804803045140254,0.348,False,True,0.0,False,False,0.0,0.0,0.009199184342395398,0.0,3.9642698093905953
2017-04-06 00:00:00-04:00,49.34016799926758,62.6702995300293,-0.7147871026892949,4.544246173527654,-0.984,False,False,0.0,False,True,0.0,0.0,-0.013390792776244354,-0.0,3.9642698093905953
2017-04-07 00:00:00-04:00,48.967002868652344,63.03984451293945,-0.7148431603213585,3.9034011908556536,-1.589,True,False,1.0,False,False,0.0,1.0,-0.006815280894588282,-0.0,3.9642698093905953
2017-04-10 00:00:00-04:00,49.12114334106445,63.46347427368164,-0.7144628508568188,3.7788485862114882,-1.625,False,False,1.0,False,False,0.0,1.0,-0.0013185271164669625,-0.0013185271164669625,3.9629512822741284
2017-04-11 00:00:00-04:00,49.194156646728516,63.51755905151367,-0.7140409294459715,3.8400197454463125,-1.467,False,False,1.0,False,False,0.0,1.0,0.0006469832181980331,0.0006469832181980331,3.9635982654923265
2017-04-12 00:00:00-04:00,49.567325592041016,58.235713958740234,-0.7182149214070044,7.741566868083609,2.159,False,True,0.0,True,False,-1.0,-1.0,0.04268974126255993,0.04268974126255993,4.006288006754886
2017-04-13 00:00:00-04:00,49.22661209106445,57.27126693725586,-0.7236529414213582,7.782091312991469,2.037,False,False,0.0,False,False,-1.0,-1.0,0.0004469387734059417,-0.0004469387734059417,4.00584106798148
2017-04-17 00:00:00-04:00,49.437530517578125,57.2802848815918,-0.7293144822172752,7.6621892079019815,1.803,False,False,0.0,False,False,-1.0,-1.0,-0.0013145305337668414,0.0013145305337668414,4.007155598515247
2017-04-18 00:00:00-04:00,49.45375442504883,57.42449951171875,-0.734597516961814,7.269859670965339,1.439,False,False,0.0,False,False,-1.0,-1.0,-0.004281313853542021,0.004281313853542021,4.01143691236879
2017-04-19 00:00:00-04:00,49.06435775756836,57.730953216552734,-0.7387785932612986,6.4139653526096865,0.721,False,False,0.0,False,False,-1.0,-1.0,-0.009332133782613246,0.009332133782613246,4.020769046151402
2017-04-20 00:00:00-04:00,48.48836898803711,58.5061149597168,-0.7411319681542553,5.12761685888308,-0.309,False,False,0.0,False,True,0.0,0.0,-0.01400501690250626,0.01400501690250626,4.034774063053909
2017-04-21 00:00:00-04:00,48.918331146240234,59.12803268432617,-0.7428340010717274,4.996018051842356,-0.425,False,False,0.0,False,False,0.0,0.0,-0.00141746977433318,-0.0,4.034774063053909
2017-04-24 00:00:00-04:00,49.259063720703125,59.091976165771484,-0.744672873612154,5.254872021917166,-0.229,False,False,0.0,False,False,0.0,0.0,0.0027755193501503884,0.0,4.034774063053909
2017-04-25 00:00:00-04:00,49.26716232299805,58.55116653442383,-0.7468904440533874,5.535855550258397,-0.013,False,False,0.0,False,False,0.0,0.0,0.0030213779976525357,0.0,4.034774063053909
2017-04-26 00:00:00-04:00,49.11302947998047,58.857627868652344,-0.7486290917536728,5.050496985895606,-0.461,False,False,0.0,False,True,0.0,0.0,-0.005209075792833818,-0.0,4.034774063053909
2017-04-27 00:00:00-04:00,49.34828567504883,56.03642272949219,-0.7527872225659026,7.164782645985589,1.258,False,True,0.0,False,False,0.0,0.0,0.023098922134305443,0.0,4.034774063053909
2017-04-28 00:00:00-04:00,49.096797943115234,55.80207443237305,-0.7572385749292113,6.841314621851289,0.928,False,False,0.0,False,False,0.0,0.0,-0.0035408861131575185,-0.0,4.034774063053909
2017-05-01 00:00:00-04:00,48.95077133178711,55.3423957824707,-0.7617307109811716,6.794768845004306,0.837,False,False,0.0,False,False,0.0,0.0,-0.0005108926032182255,-0.0,4.034774063053909
2017-05-02 00:00:00-04:00,49.20227813720703,56.460052490234375,-0.7652837386182535,5.994318084897635,0.107,False,False,0.0,False,False,0.0,0.0,-0.008661927247336956,-0.0,4.034774063053909
2017-05-03 00:00:00-04:00,49.22661209106445,56.42399978637695,-0.768425795802944,5.868955152832598,-0.021,False,False,0.0,False,False,0.0,0.0,-0.0013540413871536768,-0.0,4.034774063053909
2017-05-04 00:00:00-04:00,49.70524215698242,55.46858596801758,-0.7726541410221376,6.847209512151203,0.801,False,True,0.0,False,False,0.0,0.0,0.0105684934053288,0.0,4.034774063053909
2017-05-05 00:00:00-04:00,49.97294235229492,55.838134765625,-0.7768954581444748,6.59254906162176,0.54,False,False,0.0,False,False,0.0,0.0,-0.00272792020526612,-0.0,4.034774063053909
2017-05-08 00:00:00-04:00,49.94050979614258,55.57674789428711,-0.7810733815162525,6.530991384675481,0.453,False,False,0.0,False,False,0.0,0.0,-0.000659428584310391,-0.0,4.034774063053909
2017-05-09 00:00:00-04:00,49.437530517578125,55.73897933959961,-0.7842481063578894,5.7243415201756065,-0.231,False,False,0.0,False,True,0.0,0.0,-0.008659620330363072,-0.0,4.034774063053909
2017-05-10 00:00:00-04:00,49.44570541381836,54.93679428100586,-0.787690830078411,6.172496324765952,0.205,False,True,0.0,False,False,0.0,0.0,0.004833477688918256,0.0,4.034774063053909
2017-05-11 00:00:00-04:00,49.49480438232422,54.314857482910156,-0.7916210452758976,6.4980201276914755,0.5,False,False,0.0,False,False,0.0,0.0,0.003519496288503082,0.0,4.034774063053909
2017-05-12 00:00:00-04:00,49.740272521972656,54.143611907958984,-0.795891281127949,6.647843875652704,0.634,False,False,0.0,False,False,0.0,0.0,0.0016139113273200918,0.0,4.034774063053909
2017-05-15 00:00:00-04:00,49.920284271240234,53.40450668334961,-0.8008923555551541,7.149023116351394,1.069,False,False,0.0,False,False,0.0,0.0,0.005406957434948659,0.0,4.034774063053909
2017-05-16 00:00:00-04:00,49.576622009277344,52.899749755859375,-0.805870018257631,6.946299707698834,0.874,False,False,0.0,False,False,0.0,0.0,-0.002198569860086907,-0.0,4.034774063053909
2017-05-17 00:00:00-04:00,49.73208999633789,52.03446960449219,-0.8115489179295019,7.503572493776701,1.306,False,False,0.0,False,False,0.0,0.0,0.006059907619515655,0.0,4.034774063053909
2017-05-18 00:00:00-04:00,49.83845520019531,52.496315002441406,-0.8167865035542771,6.9601736198672555,0.779,False,False,0.0,False,False,0.0,0.0,-0.005860849861398439,-0.0,4.034774063053909
2017-05-19 00:00:00-04:00,49.920284271240234,52.134090423583984,-0.8220372812039447,7.0641183213966485,0.822,False,False,0.0,False,False,0.0,0.0,0.001120378083896243,0.0,4.034774063053909
2017-05-22 00:00:00-04:00,50.38667678833008,50.9839973449707,-0.8286531976834859,8.138624357733754,1.636,False,False,0.0,True,False,-1.0,-1.0,0.011599386595039247,0.0,4.034774063053909
2017-05-23 00:00:00-04:00,50.427589416503906,49.16379165649414,-0.8371169909917808,9.271744079272715,2.313,False,False,0.0,False,False,-1.0,-1.0,0.012372540127872285,-0.012372540127872285,4.022401522926037
2017-05-24 00:00:00-04:00,50.69760513305664,48.104270935058594,-0.847039261068197,9.95139902600026,2.481,False,False,0.0,False,False,-1.0,-1.0,0.0074324870924606205,-0.0074324870924606205,4.014969035833576
2017-05-25 00:00:00-04:00,51.123085021972656,49.245296478271484,-0.8562407030952509,8.9572577412834,1.657,False,False,0.0,False,False,-1.0,-1.0,-0.010656585656090813,0.010656585656090813,4.025625621489667
2017-05-26 00:00:00-04:00,51.09854507446289,49.698081970214844,-0.864231875622823,8.147878478487314,1.046,False,False,0.0,False,False,-1.0,-1.0,-0.008605912249772628,0.008605912249772628,4.034231533739439
2017-05-30 00:00:00-04:00,51.19673156738281,49.643741607666016,-0.87158878509142,7.9278031321648115,0.851,False,False,0.0,False,False,-1.0,-1.0,-0.0023296862194838166,0.0023296862194838166,4.036561219958923
2017-05-31 00:00:00-04:00,51.35219192504883,49.94258117675781,-0.8782140982390892,7.491913033169951,0.468,False,False,0.0,False,False,-1.0,-1.0,-0.004578077800679914,0.004578077800679914,4.041139297759603
2017-06-01 00:00:00-04:00,51.687660217285156,50.81193923950195,-0.8837200032071879,6.78413310958905,-0.111,False,False,0.0,False,False,-1.0,-1.0,-0.007327582807317337,0.007327582807317337,4.04846688056692
2017-06-02 00:00:00-04:00,52.01495361328125,50.35914993286133,-0.8894415394786438,7.223433770161229,0.282,False,True,0.0,False,False,-1.0,-1.0,0.004537926492798307,-0.004537926492798307,4.043928954074122
2017-06-05 00:00:00-04:00,51.581295013427734,50.621761322021484,-0.8940740127150765,6.321693737543129,-0.464,False,False,0.0,False,True,0.0,0.0,-0.009311562234246062,0.009311562234246062,4.053240516308368
2017-06-06 00:00:00-04:00,51.41765213012695,49.82486343383789,-0.8987668456728914,6.636716785613885,-0.176,False,False,0.0,False,False,0.0,0.0,0.0032747159427242425,0.0,4.053240516308368
2017-06-07 00:00:00-04:00,51.8594970703125,49.344905853271484,-0.9042698164382653,7.2383881122112115,0.325,False,True,0.0,False,False,0.0,0.0,0.00623618933757664,0.0,4.053240516308368
2017-06-08 00:00:00-04:00,51.532196044921875,49.29962921142578,-0.9093483784825778,6.701658161719514,-0.187,False,False,0.0,False,False,0.0,0.0,-0.0055698912703331695,-0.0,4.053240516308368
2017-06-09 00:00:00-04:00,51.654937744140625,51.63602066040039,-0.9115465093674865,4.586303353525231,-2.037,True,False,1.0,False,True,0.0,1.0,-0.02142704890486397,-0.0,4.053240516308368
2017-06-12 00:00:00-04:00,51.769493103027344,52.26991653442383,-0.9121510374043319,4.091434511114805,-2.308,False,False,1.0,False,False,0.0,1.0,-0.0049761792419833525,-0.0049761792419833525,4.048264337066385
2017-06-13 00:00:00-04:00,51.818580627441406,51.75374984741211,-0.9128720672184464,4.574028017927958,-1.818,False,False,1.0,False,False,0.0,1.0,0.004871575237367158,0.004871575237367158,4.053135912303752
2017-06-14 00:00:00-04:00,52.17042541503906,50.82099151611328,-0.9150624393606753,5.66604494757626,-0.972,False,False,1.0,False,False,0.0,1.0,0.011066826226632095,0.011066826226632095,4.064202738530383
2017-06-15 00:00:00-04:00,52.26860809326172,50.558380126953125,-0.9179779642682043,5.857129227623254,-0.777,False,False,1.0,False,False,0.0,1.0,0.0019364016179533707,0.0019364016179533707,4.066139140148337
2017-06-16 00:00:00-04:00,52.554988861083984,50.23237228393555,-0.9216547368907662,6.258085000334354,-0.437,False,False,1.0,False,False,0.0,1.0,0.004056126409631611,0.004056126409631611,4.070195266557969
2017-06-19 00:00:00-04:00,52.227691650390625,50.37726974487305,-0.924772749808363,5.64016538058673,-0.898,False,False,1.0,False,False,0.0,1.0,-0.006253283985536223,-0.006253283985536223,4.063941982572432
2017-06-20 00:00:00-04:00,52.48134994506836,48.57516098022461,-0.9298888446175924,7.3118496240537425,0.408,False,True,0.0,False,False,0.0,0.0,0.017118993218307264,0.017118993218307264,4.08106097579074
2017-06-21 00:00:00-04:00,52.26042175292969,47.83259201049805,-0.9358996098227378,7.493917553494363,0.518,False,False,0.0,False,False,0.0,0.0,0.001876468079901923,0.0,4.08106097579074
2017-06-22 00:00:00-04:00,52.064048767089844,47.569969177246094,-0.941911449766494,7.257350134002543,0.318,False,False,0.0,False,False,0.0,0.0,-0.002442093468263953,-0.0,4.08106097579074
2017-06-23 00:00:00-04:00,51.924957275390625,47.67864227294922,-0.9472915322190362,6.759383182525248,-0.087,False,False,0.0,False,False,0.0,0.0,-0.005128893049194977,-0.0,4.08106097579074
2017-06-26 00:00:00-04:00,52.080413818359375,47.85975646972656,-0.9521522918953704,6.510637006154944,-0.286,False,False,0.0,False,True,0.0,0.0,-0.0025473189019300088,-0.0,4.08106097579074
2017-06-27 00:00:00-04:00,51.2785530090332,48.68383026123047,-0.9545991003745398,4.805012438875799,-1.592,True,False,1.0,False,False,0.0,1.0,-0.017448470972106493,-0.0,4.08106097579074
2017-06-28 00:00:00-04:00,50.88579177856445,48.11333084106445,-0.9563295522749469,4.873591636872895,-1.463,False,False,1.0,False,False,0.0,1.0,0.0007077463282576,0.0007077463282576,4.081768722118998
2017-06-29 00:00:00-04:00,50.29667282104492,48.06804275512695,-0.9570523178892125,4.293041085852899,-1.764,True,False,1.0,False,False,0.0,1.0,-0.00602854325015109,-0.00602854325015109,4.0757401788688465
2017-06-30 00:00:00-04:00,50.223026275634766,49.09134292602539,-0.9560966104961938,3.2869596993555916,-2.224,False,False,1.0,False,False,0.0,1.0,-0.01035498950191658,-0.01035498950191658,4.06538518936693
2017-07-03 00:00:00-04:00,50.002113342285156,49.77052307128906,-0.9535760045136712,2.5421368094098398,-2.388,False,False,1.0,False,False,0.0,1.0,-0.007642180574003677,-0.007642180574003677,4.057743008792926
2017-07-05 00:00:00-04:00,49.77300262451172,47.9955940246582,-0.9525592719245362,4.054354524797681,-1.383,False,False,1.0,False,False,0.0,1.0,0.015836124979711957,0.015836124979711957,4.073579133772638
2017-07-06 00:00:00-04:00,49.68299865722656,46.63723373413086,-0.9535821362157617,5.2105656858402725,-0.666,False,False,1.0,False,False,0.0,1.0,0.012279813719118791,0.012279813719118791,4.085858947491756
2017-07-07 00:00:00-04:00,49.84663391113281,46.238773345947266,-0.9558739628407161,5.648194396048524,-0.388,False,False,1.0,False,False,0.0,1.0,0.004653393253518934,0.004653393253518934,4.090512340745276
2017-07-10 00:00:00-04:00,49.76481246948242,45.87654113769531,-0.9587757776729676,5.779496063242711,-0.289,False,False,1.0,False,False,0.0,1.0,0.0014005491914389145,0.0014005491914389145,4.091912889936714
2017-07-11 00:00:00-04:00,49.781185150146484,45.32414627075195,-0.9624006836233396,6.161195794530563,-0.032,False,False,1.0,False,False,0.0,1.0,0.004086669501830554,0.004086669501830554,4.095999559438544
2017-07-12 00:00:00-04:00,50.21485137939453,45.26980209350586,-0.966678178214178,6.453521563527907,0.202,False,True,0.0,False,False,0.0,0.0,0.00311063681540706,0.00311063681540706,4.099110196253951
2017-07-13 00:00:00-04:00,49.77300262451172,45.59580993652344,-0.9699799548016778,5.545980963136827,-0.318,False,False,0.0,False,True,0.0,0.0,-0.00965468474381384,-0.0,4.099110196253951
2017-07-14 00:00:00-04:00,50.10029983520508,46.655338287353516,-0.9718929842021743,4.756303878147108,-0.829,False,False,0.0,False,False,0.0,0.0,-0.008273695965115315,-0.0,4.099110196253951
2017-07-17 00:00:00-04:00,50.40304183959961,47.343589782714844,-0.9727723558419408,4.3485064726536535,-1.076,False,False,0.0,False,False,0.0,0.0,-0.0042277384245328255,-0.0,4.099110196253951
2017-07-18 00:00:00-04:00,50.82033920288086,46.91796112060547,-0.9743201339011841,5.107225041481989,-0.456,False,False,0.0,False,False,0.0,0.0,0.007859643909818772,0.0,4.099110196253951
2017-07-19 00:00:00-04:00,51.30309295654297,46.94513702392578,-0.9765776145906454,5.457523025086537,-0.136,False,False,0.0,False,False,0.0,0.0,0.003605793154440009,0.0,4.099110196253951
2017-07-20 00:00:00-04:00,51.376739501953125,47.11717987060547,-0.9788133557218309,5.2578145606566835,-0.266,False,False,0.0,False,True,0.0,0.0,-0.002048383028827918,-0.0,4.099110196253951
2017-07-21 00:00:00-04:00,51.85131072998047,47.64241027832031,-0.980858717142613,5.120837302805171,-0.338,False,False,0.0,False,False,0.0,0.0,-0.0013894783810480438,-0.0,4.099110196253951
2017-07-24 00:00:00-04:00,51.13945770263672,46.655338287353516,-0.9830414394001964,5.275326796933626,-0.181,False,False,0.0,False,False,0.0,0.0,0.0015926162768288888,0.0,4.099110196253951
2017-07-25 00:00:00-04:00,50.877620697021484,48.475555419921875,-0.9825178009003278,3.249524588417877,-1.766,True,False,1.0,False,True,0.0,1.0,-0.02056532629992564,-0.0,4.099110196253951
2017-07-26 00:00:00-04:00,51.237632751464844,48.357826232910156,-0.9817478370268518,3.7624414439849474,-1.273,False,False,1.0,False,False,0.0,1.0,0.005196050872385035,0.005196050872385035,4.1043062471263365
2017-07-27 00:00:00-04:00,51.13945770263672,52.09785842895508,-0.9760957584821486,0.2869590641302153,-3.326,True,False,1.0,False,False,0.0,1.0,-0.03407604388163632,-0.03407604388163632,4.070230203244701
2017-07-28 00:00:00-04:00,51.024898529052734,51.273780822753906,-0.9701546973243683,1.2813992142779185,-2.345,False,False,1.0,False,False,0.0,1.0,0.009868571610009143,0.009868571610009143,4.08009877485471
2017-07-31 00:00:00-04:00,51.52401351928711,50.82099151611328,-0.9657325900650137,2.444525752758942,-1.53,False,False,1.0,False,False,0.0,1.0,0.011561491634138782,0.011561491634138782,4.091660266488848
2017-08-01 00:00:00-04:00,51.638572692871094,50.88439178466797,-0.9621601724126612,2.6796375202215614,-1.316,False,False,1.0,False,False,0.0,1.0,0.0023371530016123103,0.0023371530016123103,4.093997419490461
2017-08-02 00:00:00-04:00,52.072235107421875,50.42253875732422,-0.960212943660484,3.655860740416742,-0.698,False,False,1.0,False,False,0.0,1.0,0.009714764940036473,0.009714764940036473,4.103712184430497
2017-08-03 00:00:00-04:00,52.4567985534668,50.268585205078125,-0.959581396578334,4.219999358360951,-0.337,False,False,1.0,False,False,0.0,1.0,0.005602527177078705,0.005602527177078705,4.109314711607576
2017-08-04 00:00:00-04:00,52.44043731689453,51.60885238647461,-0.9577595876229067,3.011564137533142,-0.995,False,False,1.0,False,False,0.0,1.0,-0.01186260331930119,-0.01186260331930119,4.097452108288275
2017-08-07 00:00:00-04:00,52.612274169921875,51.26472091674805,-0.9563198039951772,3.5868063109499175,-0.618,False,False,1.0,False,False,0.0,1.0,0.005659729957924923,0.005659729957924923,4.1031118382462
2017-08-08 00:00:00-04:00,52.964107513427734,50.467811584472656,-0.9564976994383798,4.691761837190022,0.084,False,False,1.0,False,False,0.0,1.0,0.010914601326164416,0.010914601326164416,4.114026439572364
2017-08-09 00:00:00-04:00,52.751365661621094,50.25048828125,-0.9571632891769215,4.653443015593496,0.118,False,False,1.0,False,False,0.0,1.0,-0.00037996124949966567,-0.00037996124949966567,4.113646478322865
2017-08-10 00:00:00-04:00,53.337032318115234,48.16764831542969,-0.9611647867166182,7.039984898374186,1.685,False,True,0.0,True,False,-1.0,-1.0,0.023953067956866133,0.023953067956866133,4.137599546279731
2017-08-11 00:00:00-04:00,52.66062927246094,48.43932342529297,-0.9648035480803993,5.926198165124283,0.993,False,False,0.0,False,False,-1.0,-1.0,-0.011205654777953974,0.011205654777953974,4.148805201057685
2017-08-14 00:00:00-04:00,52.83384704589844,48.928340911865234,-0.967738883649038,5.48398903305042,0.734,False,False,0.0,False,False,-1.0,-1.0,-0.00441398261138932,0.00441398261138932,4.153219183669074
2017-08-15 00:00:00-04:00,53.180301666259766,47.624298095703125,-0.9722844868936257,6.875935428609978,1.58,False,False,0.0,True,False,-1.0,-1.0,0.013991566991046433,-0.013991566991046433,4.139227616678028
2017-08-16 00:00:00-04:00,53.26279830932617,48.65666961669922,-0.9759255575177137,5.777510886693783,0.832,False,False,0.0,False,False,-1.0,-1.0,-0.010902683995788925,0.010902683995788925,4.150130300673816
2017-08-17 00:00:00-04:00,52.84209060668945,49.9854850769043,-0.9769007627816697,4.011232107049878,-0.311,False,False,0.0,False,True,0.0,0.0,-0.017372160394371366,0.017372160394371366,4.167502461068188
2017-08-18 00:00:00-04:00,53.279296875,49.785255432128906,-0.9777632795726625,4.601102249318927,0.048,False,False,0.0,False,False,0.0,0.0,0.005785451697437152,0.0,4.167502461068188
2017-08-21 00:00:00-04:00,53.403018951416016,49.83987045288086,-0.978624141335221,4.628518525206829,0.026,False,False,0.0,False,False,0.0,0.0,0.0002683200380562882,0.0,4.167502461068188
2017-08-22 00:00:00-04:00,53.4937629699707,51.12317657470703,-0.9779642790406001,3.497122448822047,-0.721,False,False,0.0,False,True,0.0,0.0,-0.010932376705651439,-0.0,4.167502461068188
2017-08-23 00:00:00-04:00,53.65874481201172,51.915008544921875,-0.9761016636459895,2.9844186031177173,-1.007,False,False,0.0,False,False,0.0,0.0,-0.004914106722705372,-0.0,4.167502461068188
2017-08-24 00:00:00-04:00,53.55149459838867,52.5066032409668,-0.9731279958605039,2.4558490170640113,-1.273,False,False,0.0,False,False,0.0,0.0,-0.005050970195133659,-0.0,4.167502461068188
2017-08-25 00:00:00-04:00,53.69997787475586,54.22679138183594,-0.968094591762068,1.2033144093905719,-1.906,True,False,1.0,False,False,0.0,1.0,-0.01179448419335491,-0.0,4.167502461068188
2017-08-28 00:00:00-04:00,53.930946350097656,53.66249084472656,-0.963767673544138,2.212772392091935,-1.207,False,False,1.0,False,False,0.0,1.0,0.009554816734464915,0.009554816734464915,4.177057277802653
2017-08-29 00:00:00-04:00,53.831966400146484,53.48046875,-0.9600574747224011,2.487642625051194,-0.981,False,False,1.0,False,False,0.0,1.0,0.0026134239237881264,0.0026134239237881264,4.179670701726441
2017-08-30 00:00:00-04:00,53.7082405090332,53.653385162353516,-0.9564324038054328,2.3924043659046887,-0.981,False,False,1.0,False,False,0.0,1.0,-0.0009068231036387313,-0.0009068231036387313,4.178763878622803
2017-08-31 00:00:00-04:00,53.7989616394043,54.16307830810547,-0.9525923331131653,2.203628505295036,-1.039,False,False,1.0,False,False,0.0,1.0,-0.0017911392738603291,-0.0017911392738603291,4.176972739348942
2017-09-01 00:00:00-04:00,53.724727630615234,54.19038391113281,-0.9488338063561407,2.3070593963145214,-0.926,False,False,1.0,False,False,0.0,1.0,0.0009837220292409007,0.0009837220292409007,4.177956461378184
2017-09-05 00:00:00-04:00,54.07942581176758,54.044761657714844,-0.9459693745046135,2.9547364311681505,-0.494,False,False,1.0,False,False,0.0,1.0,0.006156384982368264,0.006156384982368264,4.184112846360552
2017-09-06 00:00:00-04:00,54.09593963623047,54.627262115478516,-0.9429114009051677,2.587271387310828,-0.675,False,False,1.0,False,False,0.0,1.0,-0.003479630777635741,-0.003479630777635741,4.180633215582915
2017-09-07 00:00:00-04:00,54.54136657714844,55.464595794677734,-0.9395864212570052,2.427585507960842,-0.728,False,False,1.0,False,False,0.0,1.0,-0.001497216804569976,-0.001497216804569976,4.179135998778346
2017-09-08 00:00:00-04:00,54.97030258178711,54.89120864868164,-0.9376047418317506,3.5040450679072066,-0.023,False,False,1.0,False,False,0.0,1.0,0.010113625985082798,0.010113625985082798,4.189249624763429
2017-09-11 00:00:00-04:00,55.300254821777344,55.45549392700195,-0.9359119045793981,3.3987978811656987,-0.056,False,False,1.0,False,False,0.0,1.0,-0.0009817677816076926,-0.0009817677816076926,4.188267856981821
2017-09-12 00:00:00-04:00,54.13717269897461,56.15631103515625,-0.9322094241874096,1.7877303244025242,-1.055,False,False,1.0,False,True,0.0,1.0,-0.015129296350066766,-0.015129296350066766,4.173138560631754
2017-09-13 00:00:00-04:00,53.73298263549805,56.793418884277344,-0.9269741587364311,1.0869509434793159,-1.407,False,False,1.0,False,False,0.0,1.0,-0.0065875716686532556,-0.0065875716686532556,4.166550988963101
2017-09-14 00:00:00-04:00,54.285648345947266,56.884437561035156,-0.9222421545997276,1.82442208646453,-1.023,False,False,1.0,False,False,0.0,1.0,0.006908597049900891,0.006908597049900891,4.173459586013002
2017-09-15 00:00:00-04:00,54.5001106262207,57.485137939453125,-0.9175854760340482,1.7525829651646845,-1.091,False,False,1.0,False,False,0.0,1.0,-0.0006698433872027567,-0.0006698433872027567,4.172789742625799
2017-09-18 00:00:00-04:00,54.01344299316406,55.83774948120117,-0.9145259735374479,2.9483707887284325,-0.321,False,False,1.0,False,False,0.0,1.0,0.01137994595103551,0.01137994595103551,4.184169688576835
2017-09-19 00:00:00-04:00,53.617488861083984,55.74674606323242,-0.9117540283103018,2.790168572740363,-0.427,False,False,1.0,False,False,0.0,1.0,-0.0015146967788675057,-0.0015146967788675057,4.182654991797968
2017-09-20 00:00:00-04:00,53.205047607421875,55.16425323486328,-0.9093951592264264,3.0389427532964746,-0.252,False,False,1.0,False,False,0.0,1.0,0.0024066112704765694,0.0024066112704765694,4.185061603068444
2017-09-21 00:00:00-04:00,53.01533889770508,55.29166793823242,-0.9069450418645207,2.868834804705692,-0.338,False,False,1.0,False,False,0.0,1.0,-0.0016489425126508298,-0.0016489425126508298,4.183412660555794
2017-09-22 00:00:00-04:00,52.47090148925781,55.62842559814453,-0.9036175272957502,2.204081102906841,-0.754,False,False,1.0,False,False,0.0,1.0,-0.006470395582682976,-0.006470395582682976,4.1769422649731105
2017-09-25 00:00:00-04:00,52.990562438964844,57.19388198852539,-0.8991941072864997,1.5621607820433354,-1.112,False,False,1.0,False,False,0.0,1.0,-0.006147545385281161,-0.006147545385281161,4.170794719587829
2017-09-26 00:00:00-04:00,52.71836471557617,57.202980041503906,-0.8944411183727691,1.5536672729982328,-1.053,False,False,1.0,False,False,0.0,1.0,-8.17602876604838e-05,-8.17602876604838e-05,4.170712959300168
2017-09-27 00:00:00-04:00,51.876983642578125,57.257591247558594,-0.8888714824461186,0.9823436290668113,-1.329,False,False,1.0,False,False,0.0,1.0,-0.005559157514561359,-0.005559157514561359,4.165153801785607
2017-09-28 00:00:00-04:00,52.09971618652344,57.43962478637695,-0.883536136041585,1.3497320470894962,-1.084,False,False,1.0,False,False,0.0,1.0,0.0035720903109910463,0.0035720903109910463,4.168725892096599
2017-09-29 00:00:00-04:00,51.78624725341797,57.60345458984375,-0.8780979128607672,1.2047740045061914,-1.143,False,False,1.0,False,False,0.0,1.0,-0.0014160522660070932,-0.0014160522660070932,4.167309839830592
2017-10-02 00:00:00-04:00,52.462646484375,57.330406188964844,-0.8740975997813992,2.350276040108156,-0.268,False,False,1.0,False,False,0.0,1.0,0.011167456461633866,0.011167456461633866,4.178477296292225
2017-10-03 00:00:00-04:00,52.231689453125,57.512428283691406,-0.8703119227755537,2.1779374100543976,-0.356,False,False,1.0,False,False,0.0,1.0,-0.0016848793682937599,-0.0016848793682937599,4.176792416923932
2017-10-04 00:00:00-04:00,52.866844177246094,56.60227966308594,-0.8685319549894325,3.7059555646074713,1.277,False,True,0.0,False,False,0.0,0.0,0.014976498181135368,0.014976498181135368,4.191768915105067
2017-10-05 00:00:00-04:00,52.8503532409668,56.83892822265625,-0.8671627502094571,3.5617519244502702,1.161,False,False,0.0,False,False,0.0,0.0,-0.0014118378319218452,-0.0,4.191768915105067
2017-10-06 00:00:00-04:00,53.04008102416992,55.56471633911133,-0.867522390317789,4.8364454883341566,2.486,False,False,0.0,True,False,-1.0,-1.0,0.012590347403222736,0.0,4.191768915105067
2017-10-09 00:00:00-04:00,53.0070915222168,54.80928421020508,-0.8690666730700309,5.3741692403040915,2.858,False,False,0.0,False,False,-1.0,-1.0,0.0053430413177056905,-0.0053430413177056905,4.186425873787361
2017-10-10 00:00:00-04:00,53.21329116821289,54.88209915161133,-0.8710098592462115,5.410441711031282,2.568,False,False,0.0,False,False,-1.0,-1.0,0.00035907599025885087,-0.00035907599025885087,4.1860667977971024
2017-10-11 00:00:00-04:00,53.394775390625,54.090267181396484,-0.8739651700183625,6.121765837097172,2.742,False,False,0.0,False,False,-1.0,-1.0,0.007066055207835444,-0.007066055207835444,4.179000742589267
2017-10-12 00:00:00-04:00,54.087684631347656,52.97079086303711,-0.8789868330411363,7.5270569269623095,3.121,False,False,0.0,False,False,-1.0,-1.0,0.013962390995464504,-0.013962390995464504,4.165038351593802
2017-10-13 00:00:00-04:00,53.69997787475586,53.535072326660156,-0.8832467253336128,6.415300551735157,2.15,False,False,0.0,False,False,-1.0,-1.0,-0.011009161471609703,0.011009161471609703,4.176047513065412
2017-10-16 00:00:00-04:00,53.642250061035156,53.371246337890625,-0.8871329304912878,6.294859893329836,1.892,False,False,0.0,False,False,-1.0,-1.0,-0.001192604094167727,0.001192604094167727,4.177240117159579
2017-10-17 00:00:00-04:00,54.02992630004883,53.78990936279297,-0.8906958700620607,6.11947617959656,1.653,False,False,0.0,False,False,-1.0,-1.0,-0.0017204538563779918,0.0017204538563779918,4.178960571015958
2017-10-18 00:00:00-04:00,54.19491195678711,53.40765380859375,-0.8945435342729059,6.41944056162383,1.682,False,False,0.0,False,False,-1.0,-1.0,0.002941681419319015,-0.002941681419319015,4.176018889596639
2017-10-19 00:00:00-04:00,54.929046630859375,53.180118560791016,-0.89934844257726,7.101589827137936,1.873,False,False,0.0,False,False,-1.0,-1.0,0.006638502116300513,-0.006638502116300513,4.169380387480338
2017-10-20 00:00:00-04:00,55.11053466796875,53.59878158569336,-0.9038992278777015,6.662637377474958,1.531,False,False,0.0,False,False,-1.0,-1.0,-0.00423869347344929,0.00423869347344929,4.173619080953787
2017-10-23 00:00:00-04:00,55.10228729248047,53.180118560791016,-0.9085315271642314,6.786472961670121,1.485,False,False,0.0,False,False,-1.0,-1.0,0.0011974265844314628,-0.0011974265844314628,4.172421654369355
2017-10-24 00:00:00-04:00,55.11878967285156,53.061798095703125,-0.9130479924979524,6.670821443238147,1.338,False,False,0.0,False,False,-1.0,-1.0,-0.001116685708563846,0.001116685708563846,4.173538340077919
2017-10-25 00:00:00-04:00,55.077537536621094,52.7159423828125,-0.9175786794275606,6.7065127402206315,1.272,False,False,0.0,False,False,-1.0,-1.0,0.0003450149154087549,-0.0003450149154087549,4.173193325162511
2017-10-26 00:00:00-04:00,55.498226165771484,52.1971549987793,-0.9229067389616776,7.32512006277085,1.455,False,False,0.0,False,False,-1.0,-1.0,0.005967004658013403,-0.005967004658013403,4.167226320504497
2017-10-27 00:00:00-04:00,55.960166931152344,53.025386810302734,-0.9277836868207945,6.7640780611909435,1.139,False,False,0.0,False,False,-1.0,-1.0,-0.005335317402713803,0.005335317402713803,4.1725616379072115
2017-10-30 00:00:00-04:00,55.65496063232422,55.05502700805664,-0.9295996705433373,4.475825663880229,0.107,False,False,0.0,False,False,-1.0,-1.0,-0.021418746369714765,0.021418746369714765,4.193980384276926
2017-10-31 00:00:00-04:00,55.588958740234375,54.84568786621094,-0.9305601102989337,4.551749390032235,0.099,False,False,0.0,False,False,-1.0,-1.0,0.0007120552816604062,-0.0007120552816604062,4.1932683289952655
2017-11-01 00:00:00-04:00,55.22602081298828,53.95374298095703,-0.9317704363282197,4.953518174081331,0.245,False,True,0.0,False,False,-1.0,-1.0,0.0038082882196194268,-0.0038082882196194268,4.189460040775646
2017-11-02 00:00:00-04:00,55.77043914794922,54.29960632324219,-0.9332413945330225,5.095798820252554,0.272,False,False,0.0,False,False,-1.0,-1.0,0.001336657803931424,-0.001336657803931424,4.188123382971714
2017-11-03 00:00:00-04:00,56.23237609863281,53.67159652709961,-0.9359472931675932,5.998590609110735,0.663,False,False,0.0,False,False,-1.0,-1.0,0.008479612445787875,-0.008479612445787875,4.179643770525926
2017-11-06 00:00:00-05:00,55.803436279296875,54.26319122314453,-0.9376574615332569,4.923150142309467,0.118,False,False,0.0,False,False,-1.0,-1.0,-0.010080642505187953,0.010080642505187953,4.189724413031115
2017-11-07 00:00:00-05:00,56.29011154174805,53.826332092285156,-0.9400436576815167,5.6910094421363056,0.456,False,True,0.0,False,False,-1.0,-1.0,0.007183693037570655,-0.007183693037570655,4.182540719993543
2017-11-08 00:00:00-05:00,56.23237609863281,55.19154739379883,-0.9408628102521104,4.304701715540709,-0.245,False,False,0.0,False,True,0.0,0.0,-0.012817188235593805,0.012817188235593805,4.195357908229138
2017-11-09 00:00:00-05:00,56.2818717956543,56.320133209228516,-0.93995965136574,3.3432190194358284,-0.75,False,False,0.0,False,False,0.0,0.0,-0.008803132010890271,-0.0,4.195357908229138
2017-11-10 00:00:00-05:00,56.02614974975586,57.039161682128906,-0.9375081860060782,2.5514687498357844,-1.189,False,False,0.0,False,False,0.0,0.0,-0.007230541213061867,-0.0,4.195357908229138
2017-11-13 00:00:00-05:00,56.815834045410156,55.81956100463867,-0.9371050045505305,4.507044076149619,-0.238,False,False,0.0,False,False,0.0,0.0,0.01792056874396128,0.0,4.195357908229138
2017-11-14 00:00:00-05:00,57.79669952392578,56.11080551147461,-0.9381540027406138,5.1561227363357816,0.049,False,False,0.0,False,False,0.0,0.0,0.005877351215682604,0.0,4.195357908229138
2017-11-15 00:00:00-05:00,57.15666198730469,57.19388198852539,-0.9375667057954391,3.5335824596698373,-0.995,False,False,0.0,False,True,0.0,0.0,-0.014646543262128227,-0.0,4.195357908229138
2017-11-16 00:00:00-05:00,57.164947509765625,57.61255645751953,-0.9361011246900429,3.2337686136129946,-1.313,False,False,0.0,False,False,0.0,0.0,-0.0026986885659847017,-0.0,4.195357908229138
2017-11-17 00:00:00-05:00,56.682838439941406,58.956199645996094,-0.932423024481603,1.7107204540805157,-2.259,True,False,1.0,False,False,0.0,1.0,-0.01364066771674919,-0.0,4.195357908229138
2017-11-20 00:00:00-05:00,56.508277893066406,60.08049774169922,-0.9269471135127197,0.8168339329908392,-2.65,False,False,1.0,False,False,0.0,1.0,-0.007966922790233678,-0.007966922790233678,4.187390985438904
2017-11-21 00:00:00-05:00,56.682838439941406,59.294403076171875,-0.9224597972216009,1.9861354019200306,-1.823,False,False,1.0,False,False,0.0,1.0,0.010498350535592263,0.010498350535592263,4.197889335974496
2017-11-22 00:00:00-05:00,56.74934005737305,59.15730667114258,-0.9187988291369998,2.395675953028814,-1.523,False,False,1.0,False,False,0.0,1.0,0.003686133909688632,0.003686133909688632,4.201575469884185
2017-11-24 00:00:00-05:00,56.9654655456543,58.76425552368164,-0.9163063171234035,3.119406988250951,-1.06,False,False,1.0,False,False,0.0,1.0,0.006531189252022633,0.006531189252022633,4.208106659136208
2017-11-27 00:00:00-05:00,57.164947509765625,59.15730667114258,-0.9141198797184306,3.0880774510744615,-1.024,False,False,1.0,False,False,0.0,1.0,-0.0002816345315214727,-0.0002816345315214727,4.207825024604686
2017-11-28 00:00:00-05:00,57.2979621887207,61.9268798828125,-0.9093647874566333,0.9838382262344538,-1.986,True,False,1.0,False,False,0.0,1.0,-0.018521262095649436,-0.018521262095649436,4.189303762509037
2017-11-29 00:00:00-05:00,57.57228088378906,63.398494720458984,-0.9030434439769124,0.3206858684736815,-2.098,False,False,1.0,False,False,0.0,1.0,-0.005775387327488259,-0.005775387327488259,4.183528375181549
2017-11-30 00:00:00-05:00,57.76345443725586,62.37476348876953,-0.8981079719859639,1.74418209725291,-1.327,False,False,1.0,False,False,0.0,1.0,0.012510653146552432,0.012510653146552432,4.1960390283281015
2017-12-01 00:00:00-05:00,57.47251510620117,62.3016357421875,-0.8936539499921883,1.796412234220817,-1.224,False,False,1.0,False,False,0.0,1.0,0.0004616064950786987,0.0004616064950786987,4.19650063482318
2017-12-04 00:00:00-05:00,57.00703048706055,62.40217208862305,-0.8890239360057663,1.5300058415237103,-1.27,False,False,1.0,False,False,0.0,1.0,-0.0023683925013466495,-0.0023683925013466495,4.1941322423218335
2017-12-05 00:00:00-05:00,56.724403381347656,62.840911865234375,-0.883924914658822,1.1777557237878113,-1.348,False,False,1.0,False,False,0.0,1.0,-0.0031374972842627686,-0.0031374972842627686,4.190994745037571
2017-12-06 00:00:00-05:00,56.87403869628906,61.2504768371582,-0.8808687022796903,2.9204106507292877,-0.487,False,False,1.0,False,False,0.0,1.0,0.01572400627183325,0.01572400627183325,4.206718751309404
2017-12-07 00:00:00-05:00,57.12340545654297,60.76604080200195,-0.8793262726530995,3.690229294232431,-0.074,False,False,1.0,False,False,0.0,1.0,0.00696311908554763,0.00696311908554763,4.213681870394952
2017-12-08 00:00:00-05:00,57.32289505004883,61.8446044921875,-0.877429097418174,3.058639550284802,-0.345,False,False,1.0,False,True,0.0,1.0,-0.0056600579980370155,-0.0056600579980370155,4.208021812396915
2017-12-11 00:00:00-05:00,57.497467041015625,61.378440856933594,-0.8762414290612442,3.7151343109850714,0.039,False,False,1.0,False,False,0.0,1.0,0.005899496243262313,0.005899496243262313,4.213921308640177
2017-12-12 00:00:00-05:00,56.242279052734375,62.009132385253906,-0.8732687956194743,2.0916386972551564,-0.778,False,False,1.0,False,True,0.0,1.0,-0.014706519425639192,-0.014706519425639192,4.199214789214538
2017-12-13 00:00:00-05:00,56.450111389160156,62.082252502441406,-0.8702177348556619,2.4250342417483495,-0.55,False,False,1.0,False,False,0.0,1.0,0.0030178318671329994,0.0030178318671329994,4.20223262108167
2017-12-14 00:00:00-05:00,56.27553939819336,61.04024124145508,-0.8681950894567887,3.280701693104305,0.011,False,False,1.0,False,False,0.0,1.0,0.007830735777064066,0.007830735777064066,4.2100633568587345
2017-12-15 00:00:00-05:00,56.66621398925781,62.53929138183594,-0.865544099547967,2.535699343798697,-0.41,False,False,1.0,False,True,0.0,1.0,-0.006724046445105688,-0.006724046445105688,4.203339310413629
2017-12-18 00:00:00-05:00,56.084346771240234,63.25224304199219,-0.861573272234995,1.5879047573478289,-0.994,False,False,1.0,False,False,0.0,1.0,-0.00857106009880712,-0.00857106009880712,4.194768250314821
2017-12-19 00:00:00-05:00,54.97046661376953,64.44051361083984,-0.85515372440074,-0.13607860283674,-1.972,True,False,1.0,False,False,0.0,1.0,-0.01566161118945668,-0.01566161118945668,4.179106639125365
2017-12-20 00:00:00-05:00,54.81253433227539,66.69819641113281,-0.8462578512923693,-1.6313380476862775,-2.575,False,False,1.0,False,False,0.0,1.0,-0.013439760361099945,-0.013439760361099945,4.165666878764265
2017-12-21 00:00:00-05:00,54.54654312133789,67.99615478515625,-0.8359332793640123,-2.2937055323607467,-2.602,False,False,1.0,False,False,0.0,1.0,-0.005946553214426235,-0.005946553214426235,4.15972032554984
2017-12-22 00:00:00-05:00,54.62965393066406,68.07843017578125,-0.8261230237901334,-1.6115046610378059,-2.083,False,False,1.0,False,False,0.0,1.0,0.006153115105793246,0.006153115105793246,4.165873440655632
2017-12-26 00:00:00-05:00,54.330406188964844,68.82794189453125,-0.816216022287397,-1.8480627664175415,-2.028,False,False,1.0,False,False,0.0,1.0,-0.0021406254028985662,-0.0021406254028985662,4.163732815252734
2017-12-27 00:00:00-05:00,54.76264953613281,68.44403076171875,-0.8079189170782861,-0.5345776773479045,-1.294,False,False,1.0,False,False,0.0,1.0,0.011934277303052217,0.011934277303052217,4.175667092555786
2017-12-28 00:00:00-05:00,55.21985626220703,68.62683868408203,-0.8010075908891573,0.24923753753165556,-0.827,False,False,1.0,False,False,0.0,1.0,0.0071132755800614265,0.0071132755800614265,4.182780368135847
2017-12-29 00:00:00-05:00,55.21985626220703,68.3252182006836,-0.7952378921465535,0.88505375984208,-0.448,False,False,1.0,False,False,0.0,1.0,0.005803643856686778,0.005803643856686778,4.188584011992534
2018-01-02 00:00:00-05:00,54.67121505737305,69.1752700805664,-0.7888547566337196,0.10197421289601039,-0.829,False,False,1.0,False,False,0.0,1.0,-0.007168402406244512,-0.007168402406244512,4.18141560958629
2018-01-03 00:00:00-05:00,54.48003005981445,69.69629669189453,-0.7821827316580061,-0.03520967309846412,-0.854,False,False,1.0,False,False,0.0,1.0,-0.001258622381093716,-0.001258622381093716,4.180156987205196
2018-01-04 00:00:00-05:00,54.288841247558594,70.94854736328125,-0.7747118476832956,-0.6758389706948336,-1.168,False,False,1.0,False,False,0.0,1.0,-0.005863694725820232,-0.005863694725820232,4.174293292479376
2018-01-05 00:00:00-05:00,53.923091888427734,72.61212158203125,-0.7658892337639936,-1.6897502720121267,-1.64,True,False,1.0,False,False,0.0,1.0,-0.009256426305407262,-0.009256426305407262,4.165036866173969
2018-01-08 00:00:00-05:00,54.38859939575195,72.43842315673828,-0.7581422786679365,-0.5300317994098265,-0.921,False,False,1.0,False,False,0.0,1.0,0.010609714163764597,0.010609714163764597,4.175646580337734
2018-01-09 00:00:00-05:00,53.95634460449219,72.65782165527344,-0.7506397197788665,-0.5835022825651208,-0.903,False,False,1.0,False,False,0.0,1.0,-0.0004928328121034464,-0.0004928328121034464,4.17515374752563
2018-01-10 00:00:00-05:00,52.925594329833984,71.78031158447266,-0.7434139074315399,-0.4368875818322593,-0.791,False,False,1.0,False,False,0.0,1.0,0.0013794087344259954,0.0013794087344259954,4.176533156260056
2018-01-11 00:00:00-05:00,52.850791931152344,71.74375915527344,-0.7367726989829203,-0.008051136859066332,-0.516,False,False,1.0,False,False,0.0,1.0,0.00405673943511947,0.00405673943511947,4.180589895695175
2018-01-12 00:00:00-05:00,52.89235305786133,72.76748657226562,-0.730034449548956,-0.2304189469836544,-0.601,False,False,1.0,False,False,0.0,1.0,-0.002097510237270964,-0.002097510237270964,4.178492385457904
2018-01-16 00:00:00-05:00,52.49335861206055,72.37445068359375,-0.72369933334515,0.11601690112231466,-0.363,False,False,1.0,False,False,0.0,1.0,0.003303456990741518,0.003303456990741518,4.181795842448645
2018-01-17 00:00:00-05:00,52.84246826171875,73.65413665771484,-0.7173488369575804,0.006758993192313767,-0.384,False,False,1.0,False,False,0.0,1.0,-0.0010338738846885505,-0.0010338738846885505,4.1807619685639565
2018-01-18 00:00:00-05:00,52.593109130859375,73.94660949707031,-0.7110316129756691,0.014732106075541651,-0.362,False,False,1.0,False,False,0.0,1.0,7.581059443648519e-05,7.581059443648519e-05,4.180837779158393
2018-01-19 00:00:00-05:00,52.46009826660156,75.30854797363281,-0.7040905898921731,-0.5639417000765832,-0.689,False,False,1.0,False,False,0.0,1.0,-0.005485884568468287,-0.005485884568468287,4.175351894589925
2018-01-22 00:00:00-05:00,52.37697219848633,74.89722442626953,-0.6978048912618202,0.11332265190117141,-0.258,False,False,1.0,False,False,0.0,1.0,0.0064722890659778915,0.0064722890659778915,4.181824183655903
2018-01-23 00:00:00-05:00,52.850791931152344,74.0745849609375,-0.6932433394513975,1.4990792843557657,0.58,False,True,0.0,False,False,0.0,0.0,0.013298688338320848,0.013298688338320848,4.195122871994224
2018-01-24 00:00:00-05:00,52.56816101074219,73.74554443359375,-0.6893456798011072,1.731988550863747,0.715,False,False,0.0,False,False,0.0,0.0,0.0022524130149163984,0.0,4.195122871994224
2018-01-25 00:00:00-05:00,53.3162841796875,71.43296813964844,-0.6882854744172103,4.150009814660102,1.984,False,False,0.0,True,False,-1.0,-1.0,0.02359446620120565,0.0,4.195122871994224
2018-01-26 00:00:00-05:00,53.208221435546875,72.30132293701172,-0.6871716396506291,3.5248028040108963,1.598,False,False,0.0,False,False,-1.0,-1.0,-0.006076363543642475,0.006076363543642475,4.201199235537866
2018-01-29 00:00:00-05:00,52.385276794433594,72.30132293701172,-0.6852886473957033,2.838000994008894,1.257,False,False,0.0,False,False,-1.0,-1.0,-0.006737806446697835,0.006737806446697835,4.207937041984564
2018-01-30 00:00:00-05:00,52.634666442871094,71.35072326660156,-0.6843058798975039,3.8089469765960047,1.76,False,False,0.0,True,False,-1.0,-1.0,0.009569705199589473,-0.009569705199589473,4.198367336784974
2018-01-31 00:00:00-05:00,53.449283599853516,69.69629669189453,-0.6855712133973266,5.667508907491303,2.578,False,False,0.0,False,False,-1.0,-1.0,0.018359601907255916,-0.018359601907255916,4.1800077348777185
2018-02-01 00:00:00-05:00,52.036155700683594,65.29971313476562,-0.6888575276722189,7.053956752963828,2.817,False,False,0.0,False,False,-1.0,-1.0,0.014290572649856222,-0.014290572649856222,4.165717162227862
2018-02-02 00:00:00-05:00,51.54572677612305,62.04569625854492,-0.6941694002268955,8.475503017668778,2.92,False,False,0.0,False,False,-1.0,-1.0,0.015024382851657215,-0.015024382851657215,4.150692779376205
2018-02-05 00:00:00-05:00,50.847469329833984,60.007362365722656,-0.7003607005700432,8.820670984016019,2.671,False,False,0.0,False,False,-1.0,-1.0,0.0037165080811477577,-0.0037165080811477577,4.146976271295057
2018-02-06 00:00:00-05:00,50.03285598754883,61.49726867675781,-0.7044784586488231,6.709354939033936,1.797,False,False,0.0,False,False,-1.0,-1.0,-0.022615664449786507,0.022615664449786507,4.169591935744844
2018-02-07 00:00:00-05:00,49.758548736572266,61.57952880859375,-0.7075493565563006,6.187992751011585,1.521,False,False,0.0,False,False,-1.0,-1.0,-0.005586276538005947,0.005586276538005947,4.17517821228285
2018-02-08 00:00:00-05:00,49.45928955078125,60.27244186401367,-0.7108651391453951,6.613711778486433,1.54,False,False,0.0,False,False,-1.0,-1.0,0.004612097279602709,-0.004612097279602709,4.170566115003247
2018-02-09 00:00:00-05:00,50.78928756713867,60.784305572509766,-0.7150741259901439,7.32400338595842,1.633,False,False,0.0,False,False,-1.0,-1.0,0.007535884936898623,-0.007535884936898623,4.163030230066347
2018-02-12 00:00:00-05:00,50.93891143798828,60.93967819213867,-0.719281001482855,7.106158677903878,1.471,False,False,0.0,False,False,-1.0,-1.0,-0.0022986270199840246,0.0022986270199840246,4.165328857086331
2018-02-13 00:00:00-05:00,51.26017761230469,60.473533630371094,-0.7239383233493895,7.481069068920924,1.48,False,False,0.0,False,False,-1.0,-1.0,0.003944793844546426,-0.003944793844546426,4.161384063241785
2018-02-14 00:00:00-05:00,50.446529388427734,62.155372619628906,-0.7262334034986838,5.307221585145733,0.791,False,False,0.0,False,False,-1.0,-1.0,-0.022742359617725156,0.022742359617725156,4.18412642285951
2018-02-15 00:00:00-05:00,51.43632888793945,63.197383880615234,-0.7280765643519803,5.423794756107895,0.777,False,False,0.0,False,False,-1.0,-1.0,0.0011962496775207259,-0.0011962496775207259,4.18293017318199
2018-02-16 00:00:00-05:00,51.93961715698242,61.533817291259766,-0.7315471359292082,6.924729354770157,1.156,False,False,0.0,False,False,-1.0,-1.0,0.015480813390713114,-0.015480813390713114,4.167449359791277
2018-02-20 00:00:00-05:00,51.08402633666992,61.44242477416992,-0.7343256473208715,5.965277991413643,0.823,False,False,0.0,False,False,-1.0,-1.0,-0.009973219239556593,0.009973219239556593,4.177422579030834
2018-02-21 00:00:00-05:00,50.429744720458984,60.60150146484375,-0.7367215099042845,5.783315058812583,0.723,False,False,0.0,False,False,-1.0,-1.0,-0.001913864685696775,0.001913864685696775,4.17933644371653
2018-02-22 00:00:00-05:00,50.614288330078125,60.135337829589844,-0.7394525390026924,6.147060088203261,0.782,False,False,0.0,False,False,-1.0,-1.0,0.0038256124061232643,-0.0038256124061232643,4.175510831310407
2018-02-23 00:00:00-05:00,51.88090133666992,60.4473991394043,-0.7432301559074529,6.954571450090434,0.967,False,False,0.0,False,False,-1.0,-1.0,0.008341436395644369,-0.008341436395644369,4.1671693949147635
2018-02-26 00:00:00-05:00,51.6879768371582,59.529563903808594,-0.7475591893229141,7.186104304480445,0.986,False,False,0.0,False,False,-1.0,-1.0,0.002407040409220319,-0.002407040409220319,4.164762354505543
2018-02-27 00:00:00-05:00,50.80721664428711,59.68559646606445,-0.7506558800990839,6.003872699814728,0.574,False,False,0.0,False,False,-1.0,-1.0,-0.012365073454079363,0.012365073454079363,4.177127427959622
2018-02-28 00:00:00-05:00,50.261985778808594,59.59381866455078,-0.7527285855664544,5.404014946937515,0.338,False,False,0.0,False,False,-1.0,-1.0,-0.006306329126414504,0.006306329126414504,4.1834337570860365
2018-03-01 00:00:00-05:00,50.01872634887695,58.611759185791016,-0.7549669500408072,5.76878527985405,0.414,False,False,0.0,False,False,-1.0,-1.0,0.003869475859879104,-0.003869475859879104,4.179564281226158
2018-03-02 00:00:00-05:00,49.884525299072266,58.942169189453125,-0.7566828208581466,5.2839984492987355,0.201,False,False,0.0,False,False,-1.0,-1.0,-0.005130830957172064,0.005130830957172064,4.18469511218333
2018-03-05 00:00:00-05:00,51.0924186706543,59.12572479248047,-0.7593523482563623,6.195160707124835,0.483,False,False,0.0,False,False,-1.0,-1.0,0.009492294273461663,-0.009492294273461663,4.175202817909868
2018-03-06 00:00:00-05:00,50.39620590209961,59.45613098144531,-0.7610332308988929,5.1481144445425215,0.035,False,False,0.0,False,False,-1.0,-1.0,-0.010947294208718431,0.010947294208718431,4.186150112118586
2018-03-07 00:00:00-05:00,50.043888092041016,58.538330078125,-0.7627435567656179,5.3941540011322004,0.074,False,False,0.0,False,False,-1.0,-1.0,0.0025982695657615243,-0.0025982695657615243,4.183551842552825
2018-03-08 00:00:00-05:00,50.56395721435547,59.1165657043457,-0.7644428401454668,5.372721827679342,-0.002,False,False,0.0,False,False,-1.0,-1.0,-0.00022382257160879335,0.00022382257160879335,4.1837756651244336
2018-03-09 00:00:00-05:00,50.79045486450195,59.97012710571289,-0.7655506581363027,4.880284590205719,-0.345,False,False,0.0,False,True,0.0,0.0,-0.005092389390107967,0.005092389390107967,4.188868054514542
2018-03-12 00:00:00-04:00,51.07563781738281,58.428199768066406,-0.7680829977491264,6.1979309864415555,0.293,False,True,0.0,False,False,0.0,0.0,0.01373215702970132,0.0,4.188868054514542
2018-03-13 00:00:00-04:00,51.00014114379883,57.75818634033203,-0.7713119158201622,6.450563783339405,0.401,False,False,0.0,False,False,0.0,0.0,0.002643993104873359,0.0,4.188868054514542
2018-03-14 00:00:00-04:00,51.41954803466797,57.47365951538086,-0.7752392425773288,6.8637117638168235,0.663,False,False,0.0,False,False,0.0,0.0,0.004304728587095227,0.0,4.188868054514542
2018-03-15 00:00:00-04:00,51.98155975341797,57.804080963134766,-0.7794489366543608,6.926230312419996,0.665,False,False,0.0,False,False,0.0,0.0,0.0006442761007920912,0.0,4.188868054514542
2018-03-16 00:00:00-04:00,52.384185791015625,59.08902359008789,-0.7827864633709511,6.130097990888025,-0.035,False,False,0.0,False,False,0.0,0.0,-0.008071231303499375,-0.0,4.188868054514542
2018-03-19 00:00:00-04:00,51.813804626464844,58.00600814819336,-0.7859890046875623,6.2217200161677155,-0.048,False,False,0.0,False,False,0.0,0.0,0.0009406210034897085,0.0,4.188868054514542
2018-03-20 00:00:00-04:00,51.620872497558594,57.657222747802734,-0.7890433017141494,6.126827092964163,-0.233,False,False,0.0,False,True,0.0,0.0,-0.0009771199446326124,-0.0,4.188868054514542
2018-03-21 00:00:00-04:00,51.411163330078125,56.78529739379883,-0.7924083048960139,6.41402207924196,0.06,False,False,0.0,False,False,0.0,0.0,0.00297894447502453,0.0,4.188868054514542
2018-03-22 00:00:00-04:00,51.520206451416016,55.08735275268555,-0.7973027209763116,7.598910210317918,1.333,False,True,0.0,False,False,0.0,0.0,0.012414810094653861,0.0,4.188868054514542
2018-03-23 00:00:00-04:00,50.748497009277344,54.49993896484375,-0.8019642472843568,7.041494480293039,0.834,False,False,0.0,False,False,0.0,0.0,-0.005901358128957678,-0.0,4.188868054514542
2018-03-26 00:00:00-04:00,51.293739318847656,55.22501754760742,-0.8062528759491973,6.76841009674429,0.677,False,False,0.0,False,False,0.0,0.0,-0.0028500003987414952,-0.0,4.188868054514542
2018-03-27 00:00:00-04:00,52.25836944580078,54.55500411987305,-0.8119137567189573,7.964411103016467,2.111,False,False,0.0,True,False,-1.0,-1.0,0.012387075834059524,0.0,4.188868054514542
2018-03-28 00:00:00-04:00,52.241607666015625,55.06898498535156,-0.8171076055019011,7.244321207214867,1.13,False,False,0.0,False,False,-1.0,-1.0,-0.007405369037591978,0.007405369037591978,4.1962734235521335
2018-03-29 00:00:00-04:00,52.59389877319336,57.84079360961914,-0.8196446352548384,5.185002592186692,-1.357,False,False,0.0,False,True,0.0,0.0,-0.020592610596246997,0.020592610596246997,4.216866034148381
2018-04-02 00:00:00-04:00,52.24998474121094,55.42692565917969,-0.8231814854112661,6.62356574530758,0.429,False,True,0.0,False,False,0.0,0.0,0.014697752453029617,0.0,4.216866034148381
2018-04-03 00:00:00-04:00,52.46807861328125,55.812416076660156,-0.8266549395212756,6.33046917689348,0.094,False,False,0.0,False,False,0.0,0.0,-0.002972410356960983,-0.0,4.216866034148381
2018-04-04 00:00:00-04:00,52.83716583251953,56.794471740722656,-0.8293771380026079,5.733129405828983,-0.617,False,False,0.0,False,True,0.0,0.0,-0.005976911999869899,-0.0,4.216866034148381
2018-04-05 00:00:00-04:00,53.15591049194336,56.31721115112305,-0.8325467171443679,6.269201229349676,0.048,False,False,0.0,False,False,0.0,0.0,0.0053584344835830005,0.0,4.216866034148381
2018-04-06 00:00:00-04:00,52.87909698486328,54.79364013671875,-0.8367850474411325,7.028598223586741,1.003,False,True,0.0,False,False,0.0,0.0,0.007691685441411889,0.0,4.216866034148381
2018-04-09 00:00:00-04:00,52.54357147216797,54.5182991027832,-0.840931692315918,6.6974059454790975,0.572,False,False,0.0,False,False,0.0,0.0,-0.003366126266924479,-0.0,4.216866034148381
2018-04-10 00:00:00-04:00,52.29193115234375,56.39982223510742,-0.8426585501725521,4.766138717718462,-1.879,True,False,1.0,False,True,0.0,1.0,-0.019347939006823408,-0.0,4.216866034148381
2018-04-11 00:00:00-04:00,52.22481918334961,56.29886245727539,-0.8436253479887874,4.729671751457779,-1.798,False,False,1.0,False,False,0.0,1.0,-0.0003656937271287575,-0.0003656937271287575,4.216500340421252
2018-04-12 00:00:00-04:00,51.6292610168457,55.2525520324707,-0.8446556383586015,4.959881408917319,-1.427,False,False,1.0,False,False,0.0,1.0,0.002341941414411789,0.002341941414411789,4.218842281835664
2018-04-13 00:00:00-04:00,51.65442657470703,53.52704620361328,-0.8473725871222951,6.297074952136619,0.172,False,False,1.0,False,False,0.0,1.0,0.013783826748336288,0.013783826748336288,4.232626108584
2018-04-16 00:00:00-04:00,52.350650787353516,54.857887268066406,-0.8498892049804708,5.727524590188267,-0.466,False,False,1.0,False,True,0.0,1.0,-0.005754558220380328,-0.005754558220380328,4.22687155036362
2018-04-17 00:00:00-04:00,52.86232376098633,53.829933166503906,-0.8538167563541562,6.901424830000948,0.919,False,True,0.0,False,False,0.0,0.0,0.011878789295019093,0.011878789295019093,4.238750339658639
2018-04-18 00:00:00-04:00,52.50163650512695,55.674739837646484,-0.8556212424044922,4.8651464346929885,-1.475,False,False,0.0,False,True,0.0,0.0,-0.020334696333383584,-0.0,4.238750339658639
2018-04-19 00:00:00-04:00,52.45969009399414,54.9588508605957,-0.8573853823511585,5.338774735301996,-0.895,False,False,0.0,False,False,0.0,0.0,0.004756230376948677,0.0,4.238750339658639
2018-04-20 00:00:00-04:00,52.132545471191406,55.37186050415039,-0.8582222002512641,4.6111855173133875,-1.666,True,False,1.0,False,False,0.0,1.0,-0.0073011611023683235,-0.0,4.238750339658639
2018-04-23 00:00:00-04:00,52.1828727722168,56.57419204711914,-0.8575863332096769,3.6656188602278306,-2.399,False,False,1.0,False,False,0.0,1.0,-0.009389925198911032,-0.009389925198911032,4.229360414459728
2018-04-24 00:00:00-04:00,52.51001739501953,56.16118621826172,-0.8573873715096202,4.35812556248181,-1.618,False,False,1.0,False,False,0.0,1.0,0.006879530773537109,0.006879530773537109,4.236239945233265
2018-04-25 00:00:00-04:00,52.67778396606445,57.07899475097656,-0.8565919060447078,3.78437905720957,-2.011,False,False,1.0,False,False,0.0,1.0,-0.005648713100904871,-0.005648713100904871,4.23059123213236
2018-04-26 00:00:00-04:00,53.348838806152344,61.181640625,-0.852321190124983,1.2024300548533375,-3.435,False,False,1.0,False,False,0.0,1.0,-0.024474552760778503,-0.024474552760778503,4.206116679371581
2018-04-27 00:00:00-04:00,54.07859802246094,62.80618667602539,-0.8466487743478669,0.9038170517407096,-3.036,False,False,1.0,False,False,0.0,1.0,-0.0027841827074894564,-0.0027841827074894564,4.203332496664093
2018-04-30 00:00:00-04:00,53.91923141479492,62.41150665283203,-0.8412608487115679,1.4148743586657773,-2.383,False,False,1.0,False,False,0.0,1.0,0.004802105569525062,0.004802105569525062,4.208134602233617
2018-05-01 00:00:00-04:00,54.24637222290039,62.19123840332031,-0.8369703927521314,2.1941469907319515,-1.777,False,False,1.0,False,False,0.0,1.0,0.007330977554953758,0.007330977554953758,4.215465579788571
2018-05-02 00:00:00-04:00,54.00310516357422,62.595088958740234,-0.8326267524633338,1.884759523704851,-1.788,False,False,1.0,False,False,0.0,1.0,-0.00291540932285352,-0.00291540932285352,4.212550170465717
2018-05-03 00:00:00-04:00,54.103759765625,60.71355438232422,-0.8305332926453312,3.679131536271889,-0.797,False,False,1.0,False,False,0.0,1.0,0.017166360708186234,0.017166360708186234,4.229716531173904
2018-05-04 00:00:00-04:00,54.028282165527344,61.45698547363281,-0.8283814242252991,3.118457010285873,-1.032,False,False,1.0,False,False,0.0,1.0,-0.005342906788590901,-0.005342906788590901,4.224373624385313
2018-05-07 00:00:00-04:00,53.70952606201172,61.319305419921875,-0.8261377614405393,3.05133234930873,-1.007,False,False,1.0,False,False,0.0,1.0,-0.000643155384845395,-0.000643155384845395,4.223730469000467
2018-05-08 00:00:00-04:00,52.11577606201172,61.01644515991211,-0.8224944415950707,1.9300890720935584,-1.474,False,False,1.0,False,False,0.0,1.0,-0.01096018809277449,-0.01096018809277449,4.212770280907693
2018-05-09 00:00:00-04:00,51.5369873046875,61.20918273925781,-0.8179052390554374,1.4736760639468827,-1.579,True,False,1.0,False,False,0.0,1.0,-0.004492240817014939,-0.004492240817014939,4.208278040090677
2018-05-10 00:00:00-04:00,52.166114807128906,62.227943420410156,-0.813165993305338,1.564467384322711,-1.445,False,False,1.0,False,False,0.0,1.0,0.0008834611010862498,0.0008834611010862498,4.209161501191764
2018-05-11 00:00:00-04:00,52.38023376464844,63.89838409423828,-0.8074317223718576,0.7866514386591135,-1.689,True,False,1.0,False,False,0.0,1.0,-0.00748088292715492,-0.00748088292715492,4.201680618264609
2018-05-14 00:00:00-04:00,52.32098388671875,65.35771179199219,-0.8004760730530713,0.003699407730429982,-1.888,False,False,1.0,False,False,0.0,1.0,-0.007482463568608511,-0.007482463568608511,4.194198154696
2018-05-15 00:00:00-04:00,51.89781188964844,65.03645324707031,-0.7935770731081357,0.2863736765042688,-1.663,False,False,1.0,False,False,0.0,1.0,0.00273090828590799,0.00273090828590799,4.1969290629819085
2018-05-16 00:00:00-04:00,51.601593017578125,65.17414855957031,-0.7867717832351994,0.3244119345291878,-1.549,False,False,1.0,False,False,0.0,1.0,0.000369738640039716,0.000369738640039716,4.1972988016219475
2018-05-17 00:00:00-04:00,51.110713958740234,65.77989959716797,-0.779429735286681,-0.160095771464853,-1.635,False,False,1.0,False,False,0.0,1.0,-0.004732374441564945,-0.004732374441564945,4.192566427180383
2018-05-18 00:00:00-04:00,51.17841720581055,66.83538818359375,-0.7716820229367836,-0.39725035147027654,-1.623,False,False,1.0,False,False,0.0,1.0,-0.002307982018935835,-0.002307982018935835,4.190258445161447
2018-05-21 00:00:00-04:00,50.949913024902344,67.58799743652344,-0.7635496433801887,-0.656878314536236,-1.618,False,False,1.0,False,False,0.0,1.0,-0.00253155524716951,-0.00253155524716951,4.187726889914277
2018-05-22 00:00:00-04:00,51.1360969543457,67.63386535644531,-0.7561447808976497,-0.004897346864780161,-1.263,False,False,1.0,False,False,0.0,1.0,0.0063746530104417404,0.0063746530104417404,4.194101542924719
2018-05-23 00:00:00-04:00,51.99937438964844,68.23045349121094,-0.7499581352220518,0.8293907240249467,-0.863,False,False,1.0,False,False,0.0,1.0,0.008086587787458807,0.008086587787458807,4.2021881307121784
2018-05-24 00:00:00-04:00,52.60027313232422,68.11116790771484,-0.7453165434052595,1.8358929000509505,-0.389,False,False,1.0,False,False,0.0,1.0,0.009737392263830993,0.009737392263830993,4.211925522976009
2018-05-25 00:00:00-04:00,52.913429260253906,67.59502410888672,-0.7421713950274926,2.7463359204444515,0.074,False,False,1.0,False,False,0.0,1.0,0.008832347735816983,0.008832347735816983,4.220757870711826
2018-05-29 00:00:00-04:00,53.20119094848633,67.78856658935547,-0.739778609016101,3.0526594498175967,0.246,False,True,0.0,False,False,0.0,0.0,0.002963951156518829,0.002963951156518829,4.223721821868345
2018-05-30 00:00:00-04:00,53.65821075439453,69.4383316040039,-0.7369162968061862,2.4879725723720085,0.008,False,False,0.0,False,False,0.0,0.0,-0.005386771274161415,-0.0,4.223721821868345
2018-05-31 00:00:00-04:00,53.446617126464844,68.48902893066406,-0.7347021828734354,3.1275780682240892,0.353,False,True,0.0,False,False,0.0,0.0,0.006163942091914941,0.0,4.223721821868345
2018-06-01 00:00:00-04:00,52.74415969848633,69.24481201171875,-0.7314504998042062,2.095007343666346,-0.106,False,False,0.0,False,False,0.0,0.0,-0.009986823171167808,-0.0,4.223721821868345
2018-06-04 00:00:00-04:00,52.09246826171875,69.61347961425781,-0.7272223916031013,1.467987128824447,-0.391,False,False,0.0,False,True,0.0,0.0,-0.006104350046777993,-0.0,4.223721821868345
2018-06-05 00:00:00-04:00,51.474639892578125,69.88996887207031,-0.7222234810931707,0.9984632802981608,-0.625,False,False,0.0,False,False,0.0,0.0,-0.004605395666487014,-0.0,4.223721821868345
2018-06-06 00:00:00-04:00,50.22205352783203,70.75634002685547,-0.7154317604088413,-0.3992793776677388,-1.432,False,False,0.0,False,False,0.0,0.0,-0.013860528760504845,-0.0,4.223721821868345
2018-06-07 00:00:00-04:00,50.25590515136719,70.76556396484375,-0.7088042008791008,0.0969761355072194,-1.085,False,False,0.0,False,False,0.0,0.0,0.004942053804007808,0.0,4.223721821868345
2018-06-08 00:00:00-04:00,50.32361602783203,70.58122253417969,-0.7029466544635508,0.70878177948304,-0.626,False,False,0.0,False,False,0.0,0.0,0.006121824405772643,0.0,4.223721821868345
2018-06-11 00:00:00-04:00,49.59575271606445,69.9729232788086,-0.697399017266092,0.7967047861876893,-0.518,False,False,0.0,False,False,0.0,0.0,0.0008935737064098222,0.0,4.223721821868345
2018-06-12 00:00:00-04:00,50.21359634399414,69.84387969970703,-0.6930903456501168,1.805477621379012,0.318,False,True,0.0,False,False,0.0,0.0,0.010228709108435154,0.0,4.223721821868345
2018-06-13 00:00:00-04:00,50.02739715576172,69.32774353027344,-0.6895628058437527,2.221563804210291,0.729,False,False,0.0,False,False,0.0,0.0,0.00425301485674825,0.0,4.223721821868345
2018-06-14 00:00:00-04:00,50.66215133666992,68.49824523925781,-0.6877410801895948,3.553094164730986,1.72,False,False,0.0,True,False,-1.0,-1.0,0.013618839133030174,0.0,4.223721821868345
2018-06-15 00:00:00-04:00,51.288448333740234,68.5719985961914,-0.6870343216122539,4.177131796609444,2.014,False,False,0.0,False,False,-1.0,-1.0,0.006341861006450335,-0.006341861006450335,4.217379960861894
2018-06-18 00:00:00-04:00,51.55927658081055,69.68720245361328,-0.6861041092517294,3.7466006151292746,1.57,False,False,0.0,False,False,-1.0,-1.0,-0.004332522109583617,0.004332522109583617,4.221712482971478
2018-06-19 00:00:00-04:00,52.27866744995117,69.68720245361328,-0.6859505656093129,4.4766915111644465,1.937,False,False,0.0,False,False,-1.0,-1.0,0.007295026004172644,-0.007295026004172644,4.214417456967306
2018-06-20 00:00:00-04:00,52.35484313964844,70.80242919921875,-0.6852559505655947,3.837057216384572,1.411,False,False,0.0,False,False,-1.0,-1.0,-0.006341009456400178,0.006341009456400178,4.220758466423705
2018-06-21 00:00:00-04:00,52.49871063232422,71.47525024414062,-0.6841631012977238,3.597981759262076,1.255,False,False,0.0,False,False,-1.0,-1.0,-0.0023577591581243037,0.0023577591581243037,4.22311622558183
2018-06-22 00:00:00-04:00,52.71876907348633,70.830078125,-0.6837600371312904,4.287992224724128,1.644,False,False,0.0,True,False,-1.0,-1.0,0.006821686238635694,-0.006821686238635694,4.216294539343194
2018-06-25 00:00:00-04:00,53.69205856323242,70.009765625,-0.6851398827922692,5.72557594860568,2.329,False,False,0.0,False,False,-1.0,-1.0,0.01414129798859097,-0.01414129798859097,4.202153241354603
2018-06-26 00:00:00-04:00,53.65821075439453,70.86695098876953,-0.6861567730945259,5.032372344892508,1.766,False,False,0.0,False,False,-1.0,-1.0,-0.006777240531438152,0.006777240531438152,4.208930481886041
2018-06-27 00:00:00-04:00,54.157554626464844,71.76094055175781,-0.6868992516700052,4.865018262326672,1.554,False,False,0.0,False,False,-1.0,-1.0,-0.0016177277464264207,0.0016177277464264207,4.210548209632467
2018-06-28 00:00:00-04:00,54.55533218383789,71.8438949584961,-0.6878797760972724,5.135369805831644,1.581,False,False,0.0,False,False,-1.0,-1.0,0.002600151744164266,-0.002600151744164266,4.207948057888304
2018-06-29 00:00:00-04:00,54.71613693237305,70.4982681274414,-0.6899644038583731,6.074841390775191,1.893,False,False,0.0,False,False,-1.0,-1.0,0.009089540659595425,-0.009089540659595425,4.198858517228708
2018-07-02 00:00:00-04:00,55.13930892944336,69.8070068359375,-0.693066282237923,6.758426227502881,2.035,False,False,0.0,False,False,-1.0,-1.0,0.006603396167984388,-0.006603396167984388,4.1922551210607235
2018-07-03 00:00:00-04:00,55.164695739746094,70.1664810180664,-0.6959303548086965,6.33371170916547,1.697,False,False,0.0,False,False,-1.0,-1.0,-0.004083963096115024,0.004083963096115024,4.196339084156839
2018-07-05 00:00:00-04:00,55.58787536621094,71.04204559326172,-0.6983408747673157,5.976311101353026,1.433,False,False,0.0,False,False,-1.0,-1.0,-0.0033973622774592415,0.0033973622774592415,4.199736446434298
2018-07-06 00:00:00-04:00,56.20570373535156,70.71024322509766,-0.7013541380853529,6.612782044407538,1.612,False,False,0.0,True,False,-1.0,-1.0,0.00601587157196015,-0.00601587157196015,4.193720574862338
2018-07-09 00:00:00-04:00,54.191402435302734,71.49368286132812,-0.7016185903356446,4.0301054482340675,0.406,False,False,0.0,False,False,-1.0,-1.0,-0.02474949484267764,0.02474949484267764,4.218470069705016
2018-07-10 00:00:00-04:00,54.61457443237305,71.63191223144531,-0.7016126738057947,4.356716961846686,0.514,False,False,0.0,False,False,-1.0,-1.0,0.0031143695982470015,-0.0031143695982470015,4.215355700106769
2018-07-11 00:00:00-04:00,55.274723052978516,71.31855010986328,-0.7024589631469974,5.176368289656779,0.867,False,False,0.0,False,False,-1.0,-1.0,0.007778564931348145,-0.007778564931348145,4.207577135175421
2018-07-12 00:00:00-04:00,55.50323486328125,71.22639465332031,-0.7037262717023843,5.379349707097504,0.915,False,False,0.0,False,False,-1.0,-1.0,0.001921678991184456,-0.001921678991184456,4.205655456184236
2018-07-13 00:00:00-04:00,55.17316436767578,72.11119079589844,-0.7040059849870097,4.406454462823113,0.382,False,False,0.0,False,False,-1.0,-1.0,-0.009183466102401014,0.009183466102401014,4.214838922286637
2018-07-16 00:00:00-04:00,55.046207427978516,72.2770767211914,-0.7038037208612571,4.177331898629454,0.242,False,False,0.0,False,False,-1.0,-1.0,-0.0021632666263970263,0.0021632666263970263,4.217002188913034
2018-07-17 00:00:00-04:00,54.944644927978516,72.73792266845703,-0.7030765878939358,3.8043144477467834,0.037,False,False,0.0,False,False,-1.0,-1.0,-0.003516213765873218,0.003516213765873218,4.220518402678907
2018-07-18 00:00:00-04:00,54.775386810302734,72.59964752197266,-0.7022204741772061,3.7944279023250687,0.012,False,False,0.0,False,False,-1.0,-1.0,-9.348418153602876e-05,9.348418153602876e-05,4.220611886860443
2018-07-19 00:00:00-04:00,55.21547317504883,73.1987533569336,-0.7014222245992631,3.8722407575356925,0.041,False,False,0.0,False,False,-1.0,-1.0,0.0007302346136612172,-0.0007302346136612172,4.219881652246782
2018-07-20 00:00:00-04:00,54.87693786621094,73.61351013183594,-0.7000527214974223,3.343599759441119,-0.258,False,False,0.0,False,True,0.0,0.0,-0.004967950635038328,0.004967950635038328,4.22484960288182
2018-07-23 00:00:00-04:00,54.41991424560547,73.99139404296875,-0.6979322586403073,2.7789334812513147,-0.59,False,False,0.0,False,False,0.0,0.0,-0.005323981832670558,-0.0,4.22484960288182
2018-07-24 00:00:00-04:00,54.52995300292969,72.20336151123047,-0.6972064613924022,4.1893028230483225,0.128,False,False,0.0,False,False,0.0,0.0,0.013448662437255593,0.0,4.22484960288182
2018-07-25 00:00:00-04:00,54.53841018676758,72.03746032714844,-0.6969499120735956,4.331908545756342,0.144,False,False,0.0,False,False,0.0,0.0,0.0013614572795907364,0.0,4.22484960288182
2018-07-26 00:00:00-04:00,55.4101448059082,74.06513214111328,-0.6962576385697374,3.841730800981111,-0.257,False,False,0.0,False,True,0.0,0.0,-0.004582018586004576,-0.0,4.22484960288182
2018-07-27 00:00:00-04:00,55.59633255004883,70.2770767211914,-0.6984038386885253,6.514552396160752,1.576,False,True,0.0,True,False,-1.0,-1.0,0.02553371976374119,0.0,4.22484960288182
2018-07-30 00:00:00-04:00,55.18162536621094,71.34620666503906,-0.6998037660946296,5.253281245450843,0.615,False,False,0.0,False,False,-1.0,-1.0,-0.01199953873896092,0.01199953873896092,4.236849141620781
2018-07-31 00:00:00-04:00,56.17185974121094,71.92684936523438,-0.7015424719640521,5.712120036938408,0.968,False,False,0.0,False,False,-1.0,-1.0,0.004303028313123555,-0.004303028313123555,4.232546113307658
2018-08-01 00:00:00-04:00,55.46938705444336,70.77477264404297,-0.7033317988233507,5.691238899394946,0.916,False,False,0.0,False,False,-1.0,-1.0,-0.0001984002523374907,0.0001984002523374907,4.232744513559995
2018-08-02 00:00:00-04:00,55.579410552978516,72.48907470703125,-0.7038861875279595,4.555352120016849,-0.199,False,False,0.0,False,False,-1.0,-1.0,-0.010655251561540725,0.010655251561540725,4.243399765121536
2018-08-03 00:00:00-04:00,56.137996673583984,72.46141052246094,-0.7047314916197471,5.0721587512192485,0.279,False,True,0.0,False,False,-1.0,-1.0,0.004820784938806003,-0.004820784938806003,4.23857898018273
2018-08-06 00:00:00-04:00,56.26495361328125,72.6089096069336,-0.7055976963683241,5.032274258813025,0.206,False,False,0.0,False,False,-1.0,-1.0,-0.00037102670361298997,0.00037102670361298997,4.238950006886343
2018-08-07 00:00:00-04:00,56.1041374206543,73.71487426757812,-0.7054445615972308,4.102380259767656,-0.701,False,False,0.0,False,True,0.0,0.0,-0.00860169561192594,0.00860169561192594,4.247551702498269
2018-08-08 00:00:00-04:00,56.358036041259766,74.9038314819336,-0.7044971943386056,3.5884969170258287,-1.19,False,False,0.0,False,False,0.0,0.0,-0.004709014581901186,-0.0,4.247551702498269
2018-08-09 00:00:00-04:00,56.68812561035156,74.71028137207031,-0.7039344378843381,4.0969856885225155,-0.718,False,False,0.0,False,False,0.0,0.0,0.004653113003829137,0.0,4.247551702498269
2018-08-10 00:00:00-04:00,56.832000732421875,74.11119842529297,-0.7040674075052403,4.652721390019408,-0.178,False,False,0.0,False,False,0.0,0.0,0.0050979651015513345,0.0,4.247551702498269
2018-08-13 00:00:00-04:00,57.082027435302734,73.26326751708984,-0.7051895840236495,5.417534290712794,0.597,False,True,0.0,False,False,0.0,0.0,0.007032987323318557,0.0,4.247551702498269
2018-08-14 00:00:00-04:00,56.96255874633789,75.09739685058594,-0.7050009712487539,4.018821028421691,-0.769,False,False,0.0,False,True,0.0,0.0,-0.012726416113439148,-0.0,4.247551702498269
2018-08-15 00:00:00-04:00,57.38925552368164,74.12963104248047,-0.7056795831247458,5.077488392432812,0.277,False,True,0.0,False,False,0.0,0.0,0.00965047853146463,0.0,4.247551702498269
2018-08-16 00:00:00-04:00,57.97807693481445,73.40151977539062,-0.7075951098527087,6.039520485991154,1.181,False,False,0.0,False,False,0.0,0.0,0.008752379543873028,0.0,4.247551702498269
2018-08-17 00:00:00-04:00,58.25115966796875,74.20338439941406,-0.7093225522773432,5.6170256581595766,0.794,False,False,0.0,False,False,0.0,0.0,-0.003810197130913568,-0.0,4.247551702498269
2018-08-20 00:00:00-04:00,58.24262237548828,74.99600982666016,-0.7103057555137346,4.972524955046971,0.223,False,False,0.0,False,False,0.0,0.0,-0.005779616032072878,-0.0,4.247551702498269
2018-08-21 00:00:00-04:00,57.8329963684082,76.83934020996094,-0.7093333064607534,3.3282931110138847,-1.423,False,False,0.0,False,True,0.0,0.0,-0.014636509822704504,-0.0,4.247551702498269
2018-08-22 00:00:00-04:00,57.3721809387207,79.53981018066406,-0.7056622822630726,1.2439369558617273,-3.033,True,False,1.0,False,False,0.0,1.0,-0.01836430265871068,-0.0,4.247551702498269
2018-08-23 00:00:00-04:00,57.4404411315918,81.8992919921875,-0.7001724602241208,0.09681236680823702,-3.353,False,False,1.0,False,False,0.0,1.0,-0.009993761243080945,-0.009993761243080945,4.237557941255188
2018-08-24 00:00:00-04:00,57.858604431152344,81.92701721191406,-0.6952062989128429,0.9024260142887925,-2.397,False,False,1.0,False,False,0.0,1.0,0.0070166369477610985,0.0070166369477610985,4.244574578202949
2018-08-27 00:00:00-04:00,57.26123046875,80.04025268554688,-0.6914780531489764,1.915152368195919,-1.558,False,False,1.0,False,False,0.0,1.0,0.008993433612560279,0.008993433612560279,4.253568011815509
2018-08-28 00:00:00-04:00,57.12470626831055,79.52233123779297,-0.6885128403000738,2.372560120494427,-1.169,False,False,1.0,False,False,0.0,1.0,0.004088493217499334,0.004088493217499334,4.257656505033008
2018-08-29 00:00:00-04:00,57.5513916015625,79.9940185546875,-0.6860340624330096,2.6727700821486877,-0.91,False,False,1.0,False,False,0.0,1.0,0.002670194135183731,0.002670194135183731,4.260326699168192
2018-08-30 00:00:00-04:00,57.88420486450195,79.9940185546875,-0.6841752740622308,3.1542752965094607,-0.556,False,False,1.0,False,False,0.0,1.0,0.004275708522622505,0.004275708522622505,4.2646024076908144
2018-08-31 00:00:00-04:00,57.670867919921875,81.64957427978516,-0.6812728543451538,2.0452293942659807,-1.233,False,False,1.0,False,False,0.0,1.0,-0.009788879966711178,-0.009788879966711178,4.254813527724103
2018-09-04 00:00:00-04:00,58.25115966796875,83.9988021850586,-0.6774268621222718,1.3481146817150815,-1.58,True,False,1.0,False,False,0.0,1.0,-0.006053749532152561,-0.006053749532152561,4.2487597781919515
2018-09-05 00:00:00-04:00,58.82291793823242,83.4161148071289,-0.6746732167107794,2.544299435791089,-0.791,False,False,1.0,False,False,0.0,1.0,0.010392430814271115,0.010392430814271115,4.259152209006222
2018-09-06 00:00:00-04:00,59.130126953125,83.15714263916016,-0.6728184079188437,3.180470635565065,-0.379,False,False,1.0,False,False,0.0,1.0,0.005528088267924574,0.005528088267924574,4.264680297274147
2018-09-07 00:00:00-04:00,58.50716018676758,82.75018310546875,-0.6709486172818635,2.986039252332297,-0.492,False,False,1.0,False,False,0.0,1.0,-0.001705115444352819,-0.001705115444352819,4.262975181829794
2018-09-10 00:00:00-04:00,58.98505401611328,83.18490600585938,-0.6694080910853242,3.3004048796188385,-0.307,False,False,1.0,False,False,0.0,1.0,0.0027414881057829994,0.0027414881057829994,4.265716669935577
2018-09-11 00:00:00-04:00,58.848514556884766,83.87855529785156,-0.6674822033179453,2.8610716555486917,-0.556,False,False,1.0,False,False,0.0,1.0,-0.003825746166918,-0.003825746166918,4.261890923768659
2018-09-12 00:00:00-04:00,58.62664031982422,81.97328186035156,-0.666644022951319,3.979641925917072,0.149,False,False,1.0,False,False,0.0,1.0,0.009874938980244692,0.009874938980244692,4.271765862748904
2018-09-13 00:00:00-04:00,58.92531967163086,81.95479583740234,-0.666362297205517,4.313733650410292,0.349,False,True,0.0,False,False,0.0,0.0,0.0029425826118339884,0.0029425826118339884,4.274708445360737
2018-09-14 00:00:00-04:00,58.711971282958984,80.84491729736328,-0.6667011735979707,4.812570041376006,0.721,False,False,0.0,False,False,0.0,0.0,0.004429715931727943,0.0,4.274708445360737
2018-09-17 00:00:00-04:00,58.558380126953125,81.1038818359375,-0.6668160976891518,4.477006133671196,0.523,False,False,0.0,False,False,0.0,0.0,-0.0029790894904353094,-0.0,4.274708445360737
2018-09-18 00:00:00-04:00,58.319419860839844,81.9825210571289,-0.6661012747559816,3.7107580769771786,0.059,False,False,0.0,False,False,0.0,0.0,-0.006785274712314769,-0.0,4.274708445360737
2018-09-19 00:00:00-04:00,57.14176559448242,82.43572235107422,-0.6638956597931251,2.413047313693127,-0.771,False,False,0.0,False,True,0.0,0.0,-0.011600117549602397,-0.0,4.274708445360737
2018-09-20 00:00:00-04:00,57.303916931152344,82.7224349975586,-0.6615729538547309,2.5769912597615345,-0.619,False,False,0.0,False,False,0.0,0.0,0.00146338224599487,0.0,4.274708445360737
2018-09-21 00:00:00-04:00,57.380706787109375,83.22186279296875,-0.6591755165999682,2.522892388142523,-0.612,False,False,0.0,False,False,0.0,0.0,-0.0004819991483077615,-0.0,4.274708445360737
2018-09-24 00:00:00-04:00,56.86868667602539,83.74907684326172,-0.6561485631012705,1.916850244261333,-0.98,False,False,0.0,False,False,0.0,0.0,-0.005419775610394841,-0.0,4.274708445360737
2018-09-25 00:00:00-04:00,56.109188079833984,83.60108947753906,-0.6526329778765281,1.5483601003855867,-1.168,False,False,0.0,False,False,0.0,0.0,-0.003329629442525409,-0.0,4.274708445360737
2018-09-26 00:00:00-04:00,55.5032958984375,84.32250213623047,-0.6483045057394138,0.8366378282979454,-1.547,True,False,1.0,False,False,0.0,1.0,-0.006460221198700332,-0.0,4.274708445360737
2018-09-27 00:00:00-04:00,56.185997009277344,84.26702117919922,-0.6448577376927684,1.8457563695503296,-0.823,False,False,1.0,False,False,0.0,1.0,0.00913012659000498,0.00913012659000498,4.283838571950742
2018-09-28 00:00:00-04:00,56.97110366821289,84.05427551269531,-0.6427042448716235,2.94906399659466,-0.055,False,False,1.0,False,False,0.0,1.0,0.00994032238249438,0.00994032238249438,4.2937788943332365
2018-10-01 00:00:00-04:00,56.877227783203125,83.51786041259766,-0.6411815944457353,3.3271128791574043,0.254,False,True,0.0,False,False,0.0,0.0,0.003423507922611616,0.003423507922611616,4.297202402255849
2018-10-02 00:00:00-04:00,57.74766159057617,82.14899444580078,-0.6415177887650214,5.047620324436032,1.417,False,False,0.0,False,False,0.0,0.0,0.015577575637862202,0.0,4.297202402255849
2018-10-03 00:00:00-04:00,56.9967041015625,82.17677307128906,-0.6414339694243577,4.285730355960887,0.925,False,False,0.0,False,False,0.0,0.0,-0.006944727875259096,-0.0,4.297202402255849
2018-10-04 00:00:00-04:00,57.41484451293945,80.97439575195312,-0.6423930573540891,5.397454858442316,1.77,False,False,0.0,True,False,-1.0,-1.0,0.01015902225646273,0.0,4.297202402255849
2018-10-05 00:00:00-04:00,58.26822280883789,81.06687927246094,-0.6442037012763455,6.044639130595897,2.188,False,False,0.0,False,False,-1.0,-1.0,0.00585730555712525,-0.00585730555712525,4.291345096698723
2018-10-08 00:00:00-04:00,58.660770416259766,82.01951599121094,-0.6458205716288963,5.690879714090521,1.873,False,False,0.0,False,False,-1.0,-1.0,-0.0031690165852379273,0.0031690165852379273,4.294514113283961
2018-10-09 00:00:00-04:00,58.93385314941406,82.35248565673828,-0.6473338284996218,5.624303322777479,1.699,False,False,0.0,False,False,-1.0,-1.0,-0.0005931430226438103,0.0005931430226438103,4.295107256306604
2018-10-10 00:00:00-04:00,58.78023910522461,78.4494400024414,-0.6509328603270759,7.714920733378101,2.669,False,False,0.0,False,False,-1.0,-1.0,0.019032334658022124,-0.019032334658022124,4.276074921648583
2018-10-11 00:00:00-04:00,57.619659423828125,78.82865905761719,-0.6533247255424306,6.118947380132539,1.634,False,False,0.0,False,False,-1.0,-1.0,-0.014625805720617011,0.014625805720617011,4.290700727369199
2018-10-12 00:00:00-04:00,57.59405517578125,80.16047668457031,-0.6544903677168269,5.129795314140701,0.981,False,False,0.0,False,False,-1.0,-1.0,-0.008987526891135023,0.008987526891135023,4.299688254260334
2018-10-15 00:00:00-04:00,57.97807693481445,80.06800079345703,-0.6557703604234092,5.47185519610732,1.124,False,False,0.0,False,False,-1.0,-1.0,0.003096004464647038,-0.003096004464647038,4.296592249795687
2018-10-16 00:00:00-04:00,58.94239044189453,82.2044906616211,-0.6565640201963345,4.969879574908546,0.767,False,False,0.0,False,False,-1.0,-1.0,-0.004445610060142653,0.004445610060142653,4.30103785985583
2018-10-17 00:00:00-04:00,59.10451889038086,81.44609069824219,-0.6578304150349144,5.526803243384926,1.048,False,False,0.0,False,False,-1.0,-1.0,0.00494242655697112,-0.00494242655697112,4.296095433298858
2018-10-18 00:00:00-04:00,59.113059997558594,81.06687927246094,-0.6593260676466659,5.663553270459914,1.07,False,False,0.0,False,False,-1.0,-1.0,0.0012148801422545475,-0.0012148801422545475,4.294880553156604
2018-10-19 00:00:00-04:00,60.222442626953125,80.33621215820312,-0.6622460430270543,7.0201040134011805,1.745,False,False,0.0,True,False,-1.0,-1.0,0.011959915003625584,-0.011959915003625584,4.282920638152978
2018-10-22 00:00:00-04:00,59.898170471191406,80.82640838623047,-0.6645886530735519,6.1818565890136625,1.192,False,False,0.0,False,False,-1.0,-1.0,-0.007377997877280868,0.007377997877280868,4.2902986360302595
2018-10-23 00:00:00-04:00,59.667747497558594,80.91889953613281,-0.6663762899502819,5.745311437810827,0.879,False,False,0.0,False,False,-1.0,-1.0,-0.0038431591316392083,0.0038431591316392083,4.294141795161899
2018-10-24 00:00:00-04:00,61.16114807128906,77.85751342773438,-0.6712616793954477,8.89838285423447,2.419,False,False,0.0,True,False,-1.0,-1.0,0.02779900044894393,-0.02779900044894393,4.266342794712955
2018-10-25 00:00:00-04:00,60.23950958251953,82.38023376464844,-0.6726131094119593,4.829484395995266,0.184,False,False,0.0,False,False,-1.0,-1.0,-0.03518300757858592,0.03518300757858592,4.30152580229154
2018-10-26 00:00:00-04:00,58.788787841796875,84.01728057861328,-0.6708202861029298,2.428291646461389,-1.102,False,False,0.0,False,True,0.0,0.0,-0.0208528673852593,0.0208528673852593,4.3223786696768
2018-10-29 00:00:00-04:00,59.54826354980469,86.90296173095703,-0.6675125096400156,1.539449469623321,-1.522,True,False,1.0,False,False,0.0,1.0,-0.007560941414652395,-0.0,4.3223786696768
2018-10-30 00:00:00-04:00,59.52268600463867,86.385009765625,-0.6645238338179176,2.1177881307872966,-1.164,False,False,1.0,False,False,0.0,1.0,0.0049461268417636955,0.0049461268417636955,4.327324796518563
2018-10-31 00:00:00-04:00,58.3706169128418,84.9884262084961,-0.661633014510332,2.139468282025625,-1.099,False,False,1.0,False,False,0.0,1.0,0.0001891781608728298,0.0001891781608728298,4.3275139746794355
2018-11-01 00:00:00-04:00,57.92686080932617,85.4786376953125,-0.6582793758378521,1.6580365397859609,-1.264,False,False,1.0,False,False,0.0,1.0,-0.004215848802931349,-0.004215848802931349,4.323298125876505
2018-11-02 00:00:00-04:00,57.175899505615234,86.76422119140625,-0.6536381893645098,0.46349106444262134,-1.712,True,False,1.0,False,False,0.0,1.0,-0.010488745481243502,-0.010488745481243502,4.312809380395262
2018-11-05 00:00:00-05:00,57.69646453857422,86.80122375488281,-0.6496248112594695,1.3082359397174912,-1.25,False,False,1.0,False,False,0.0,1.0,0.007404541766679046,0.007404541766679046,4.3202139221619404
2018-11-06 00:00:00-05:00,58.26822280883789,86.1815414428711,-0.646951873616846,2.512913101184573,-0.698,False,False,1.0,False,False,0.0,1.0,0.010565162601788797,0.010565162601788797,4.330779084763729
2018-11-07 00:00:00-05:00,58.69491958618164,88.55853271484375,-0.6437023943740571,1.6895800353834503,-1.054,False,False,1.0,False,False,0.0,1.0,-0.007116086618495489,-0.007116086618495489,4.323662998145234
2018-11-08 00:00:00-05:00,58.95946502685547,89.36318969726562,-0.6404014342318078,1.7311501771974491,-1.015,False,False,1.0,False,False,0.0,1.0,0.0003577841134255288,0.0003577841134255288,4.324020782258659
2018-11-09 00:00:00-05:00,59.73603820800781,89.83486938476562,-0.6378101252523544,2.4384489136815546,-0.707,False,False,1.0,False,False,0.0,1.0,0.006043551341429619,0.006043551341429619,4.330064333600088
2018-11-12 00:00:00-05:00,60.461387634277344,88.96546936035156,-0.6367248960685391,3.814858402118695,-0.115,False,False,1.0,False,False,0.0,1.0,0.011753342773631298,0.011753342773631298,4.34181767637372
2018-11-13 00:00:00-05:00,60.635986328125,88.57701110839844,-0.6363619209670511,4.26894938566474,0.05,False,False,1.0,False,False,0.0,1.0,0.003881019232262903,0.003881019232262903,4.345698695605982
2018-11-14 00:00:00-05:00,60.15434646606445,87.11569213867188,-0.6365538122776284,4.700520525988644,0.221,False,True,0.0,False,False,0.0,0.0,0.0037330504525905097,0.0037330504525905097,4.349431746058573
2018-11-15 00:00:00-05:00,60.64459991455078,86.29251861572266,-0.6377400716058865,5.612402913507516,0.628,False,False,0.0,False,False,0.0,0.0,0.007883018996318216,0.0,4.349431746058573
2018-11-16 00:00:00-05:00,60.98863220214844,85.70061492919922,-0.6396498924657775,6.170243078435149,0.854,False,False,0.0,False,False,0.0,0.0,0.0048169805124161115,0.0,4.349431746058573
2018-11-19 00:00:00-05:00,61.58208465576172,85.33065795898438,-0.6422828004845179,6.775670694678716,1.103,False,False,0.0,False,False,0.0,0.0,0.005201782164375686,0.0,4.349431746058573
2018-11-20 00:00:00-05:00,62.11533737182617,81.19636535644531,-0.6477286768027438,9.5221230783037,2.161,False,False,0.0,True,False,-1.0,-1.0,0.02394287386382054,0.0,4.349431746058573
2018-11-21 00:00:00-05:00,60.876808166503906,82.31549835205078,-0.6514698309820329,7.250744367891571,1.116,False,False,0.0,False,False,-1.0,-1.0,-0.019836871088299988,0.019836871088299988,4.369268617146873
2018-11-23 00:00:00-05:00,60.61018371582031,82.88164520263672,-0.6540757419711145,6.399310134119034,0.741,False,False,0.0,False,False,-1.0,-1.0,-0.007415314349234048,0.007415314349234048,4.376683931496107
2018-11-26 00:00:00-05:00,60.71339416503906,82.46399688720703,-0.6566437541198503,6.563925669295784,0.796,False,False,0.0,False,False,-1.0,-1.0,0.0014331484638590254,-0.0014331484638590254,4.375250783032248
2018-11-27 00:00:00-05:00,61.08323669433594,84.22742462158203,-0.6582945832514993,5.636779304724527,0.398,False,False,0.0,False,False,-1.0,-1.0,-0.007956309950520818,0.007956309950520818,4.383207092982769
2018-11-28 00:00:00-05:00,60.78219985961914,88.2183609008789,-0.6569852844660223,2.8240349280289934,-0.758,False,False,0.0,False,True,0.0,0.0,-0.02368819046194955,0.02368819046194955,4.406895283444719
2018-11-29 00:00:00-05:00,61.06603240966797,87.86569213867188,-0.6557614191509712,3.4471014381301686,-0.454,False,False,0.0,False,False,0.0,0.0,0.005249751041334022,0.0,4.406895283444719
2018-11-30 00:00:00-05:00,62.33897018432617,88.29263305664062,-0.6555566850346046,4.458144344738095,-0.003,False,False,0.0,False,False,0.0,0.0,0.008409953602040787,0.0,4.406895283444719
2018-12-03 00:00:00-05:00,62.77759552001953,88.8587646484375,-0.6555982920281477,4.521941184772757,0.038,False,False,0.0,False,False,0.0,0.0,0.0005271017684062158,0.0,4.406895283444719
2018-12-04 00:00:00-05:00,63.02702713012695,86.30641174316406,-0.6574203138567282,6.287438834088029,0.789,False,True,0.0,False,False,0.0,0.0,0.01474115005281811,0.0,4.406895283444719
2018-12-06 00:00:00-05:00,63.43125915527344,85.73098754882812,-0.6601004927598882,6.840192029500152,1.0,False,False,0.0,False,False,0.0,0.0,0.004605419779298269,0.0,4.406895283444719
2018-12-07 00:00:00-05:00,63.448463439941406,82.4083251953125,-0.6647216473520838,8.669865760587044,1.677,False,False,0.0,True,False,-1.0,-1.0,0.015475930076961644,0.0,4.406895283444719
2018-12-10 00:00:00-05:00,64.01612091064453,83.64270782470703,-0.6690988349340604,8.050882554403039,1.388,False,False,0.0,False,False,-1.0,-1.0,-0.0051589947802403325,0.0051589947802403325,4.412054278224959
2018-12-11 00:00:00-05:00,64.4117660522461,83.83761596679688,-0.6733500786361557,7.959700748335592,1.302,False,False,0.0,False,False,-1.0,-1.0,-0.0007544176371403905,0.0007544176371403905,4.4128086958621
2018-12-12 00:00:00-05:00,63.53446960449219,85.15555572509766,-0.6756515611955504,5.998985434355269,0.519,False,False,0.0,False,False,-1.0,-1.0,-0.01619489603200957,0.01619489603200957,4.429003591894109
2018-12-13 00:00:00-05:00,64.47196197509766,85.39685821533203,-0.6781559756310244,6.5595722762549045,0.797,False,False,0.0,False,False,-1.0,-1.0,0.004580543461905695,-0.004580543461905695,4.424423048432203
2018-12-14 00:00:00-05:00,63.9559211730957,82.77955627441406,-0.6816483507670278,7.529373161414988,1.139,False,False,0.0,False,False,-1.0,-1.0,0.008055997619317185,-0.008055997619317185,4.4163670508128865
2018-12-17 00:00:00-05:00,61.96910858154297,80.7655258178711,-0.6844894066323302,6.685961738120241,0.752,False,False,0.0,False,False,-1.0,-1.0,-0.007193136031694319,0.007193136031694319,4.423560186844581
2018-12-18 00:00:00-05:00,61.71108627319336,79.98588562011719,-0.6872745295125533,6.738824365982417,0.726,False,False,0.0,False,False,-1.0,-1.0,0.00045304346066968174,-0.00045304346066968174,4.423107143383911
2018-12-19 00:00:00-05:00,61.33266067504883,79.83739471435547,-0.6896019657120953,6.276636342696847,0.494,False,False,0.0,False,False,-1.0,-1.0,-0.003971073504749891,0.003971073504749891,4.4270782168886615
2018-12-20 00:00:00-05:00,61.7025032043457,76.96019744873047,-0.6938636260287167,8.302621542683589,1.269,False,False,0.0,False,False,-1.0,-1.0,0.017601591855331392,-0.017601591855331392,4.40947662503333
2018-12-21 00:00:00-05:00,61.44449234008789,74.5563735961914,-0.6994893307123846,9.293104472945458,1.586,False,False,0.0,True,False,-1.0,-1.0,0.008719356093327984,-0.008719356093327984,4.400757268940001
2018-12-24 00:00:00-05:00,58.158935546875,73.05279541015625,-0.7029161552293319,6.808945468412979,0.501,False,False,0.0,False,False,-1.0,-1.0,-0.022684534528550987,0.022684534528550987,4.4234418034685525
2018-12-26 00:00:00-05:00,58.872802734375,76.9230728149414,-0.7038567782848926,4.72997652707614,-0.51,False,False,0.0,False,True,0.0,0.0,-0.018395410978155707,0.018395410978155707,4.441837214446709
2018-12-27 00:00:00-05:00,59.500667572021484,77.66556549072266,-0.7043869482612038,4.794056911030687,-0.53,False,False,0.0,False,False,0.0,0.0,0.0005610884432759746,0.0,4.441837214446709
2018-12-28 00:00:00-05:00,59.354454040527344,77.2293701171875,-0.7049584440087453,4.91095745093935,-0.555,False,False,0.0,False,False,0.0,0.0,0.0010272640171582008,0.0,4.441837214446709
2018-12-31 00:00:00-05:00,59.56947326660156,77.44282531738281,-0.705558403786629,4.929037050942199,-0.644,False,False,0.0,False,False,0.0,0.0,0.00015830150014835168,0.0,4.441837214446709
2019-01-02 00:00:00-05:00,58.12453842163086,76.3198013305664,-0.7055002799399458,4.280897217955214,-1.102,False,False,0.0,False,False,0.0,0.0,-0.005788607398601445,-0.0,4.441837214446709
2019-01-03 00:00:00-05:00,58.27935791015625,74.8812026977539,-0.7064424834135566,5.380095115361065,-0.479,False,False,0.0,False,False,0.0,0.0,0.009886774007773757,0.0,4.441837214446709
2019-01-04 00:00:00-05:00,58.70940017700195,76.4218978881836,-0.7068738883223071,4.688756063811304,-0.924,False,False,0.0,False,False,0.0,0.0,-0.006132695643852477,-0.0,4.441837214446709
2019-01-07 00:00:00-05:00,58.442771911621094,77.54491424560547,-0.7061631582243522,3.683410363707779,-1.499,False,False,0.0,False,False,0.0,0.0,-0.008880978382469262,-0.0,4.441837214446709
2019-01-08 00:00:00-05:00,59.044830322265625,77.49849700927734,-0.7059032893931751,4.338386360389599,-1.058,False,False,0.0,False,False,0.0,0.0,0.005757966236455005,0.0,4.441837214446709
2019-01-09 00:00:00-05:00,58.69219207763672,78.53800964355469,-0.7047014089124579,3.3463460286435236,-1.544,True,False,1.0,False,False,0.0,1.0,-0.00869920552863682,-0.0,4.441837214446709
2019-01-10 00:00:00-05:00,59.73291015625,78.58441162109375,-0.7043852557819232,4.379209276053935,-0.897,False,False,1.0,False,False,0.0,1.0,0.008974660371946481,0.008974660371946481,4.450811874818655
2019-01-11 00:00:00-05:00,59.72429656982422,79.17841339111328,-0.703846107987163,3.994878467890473,-1.079,False,False,1.0,False,False,0.0,1.0,-0.003328873473288737,-0.003328873473288737,4.447483001345367
2019-01-14 00:00:00-05:00,59.01042556762695,79.73530578613281,-0.7022441118791073,3.01677657043507,-1.552,True,False,1.0,False,False,0.0,1.0,-0.008504932552664672,-0.008504932552664672,4.438978068792702
2019-01-15 00:00:00-05:00,60.12852478027344,80.70054626464844,-0.7009933816523626,3.557975953024595,-1.163,False,False,1.0,False,False,0.0,1.0,0.004637563657186051,0.004637563657186051,4.443615632449887
2019-01-16 00:00:00-05:00,60.45536422729492,80.86759948730469,-0.7001074019238941,3.8393592504160097,-0.946,False,False,1.0,False,False,0.0,1.0,0.0024035193173548588,0.0024035193173548588,4.446019151767243
2019-01-17 00:00:00-05:00,61.005821228027344,82.1391372680664,-0.6990332077149662,3.587836624590956,-1.037,False,False,1.0,False,False,0.0,1.0,-0.0021239194607797947,-0.0021239194607797947,4.443895232306463
2019-01-18 00:00:00-05:00,60.945613861083984,83.04872131347656,-0.6973471736469044,3.031822778141681,-1.36,False,False,1.0,False,False,0.0,1.0,-0.004677912082019216,-0.004677912082019216,4.439217320224444
2019-01-22 00:00:00-05:00,61.074623107910156,82.9373550415039,-0.695885789607914,3.359696306861302,-1.172,False,False,1.0,False,False,0.0,1.0,0.0027601209784101836,0.0027601209784101836,4.441977441202854
2019-01-23 00:00:00-05:00,61.75410079956055,82.62178039550781,-0.6954383905398638,4.295742817770524,-0.64,False,False,1.0,False,False,0.0,1.0,0.007851918503132624,0.007851918503132624,4.449829359705987
2019-01-24 00:00:00-05:00,62.11533737182617,81.29454803466797,-0.696427345469683,5.499591082884727,0.022,False,False,1.0,False,False,0.0,1.0,0.010139284743275629,0.010139284743275629,4.459968644449263
2019-01-25 00:00:00-05:00,61.10044479370117,83.16008758544922,-0.6954037671138419,3.27060661326275,-1.167,False,False,1.0,False,True,0.0,1.0,-0.018741942034281138,-0.018741942034281138,4.441226702414982
2019-01-28 00:00:00-05:00,61.0144157409668,82.70531463623047,-0.6943208024245763,3.590395317962205,-0.933,False,False,1.0,False,False,0.0,1.0,0.002700041600150188,0.002700041600150188,4.4439267440151315
2019-01-29 00:00:00-05:00,61.17782211303711,83.43852996826172,-0.6929875139135062,3.355962665733834,-1.018,False,False,1.0,False,False,0.0,1.0,-0.001970027559355263,-0.001970027559355263,4.441956716455777
2019-01-30 00:00:00-05:00,61.44449234008789,83.17864227294922,-0.6921385300611168,3.873349144809346,-0.675,False,False,1.0,False,False,0.0,1.0,0.004347214353376001,0.004347214353376001,4.446303930809153
2019-01-31 00:00:00-05:00,62.8120002746582,79.26195526123047,-0.6952824964785402,7.702550144859515,1.643,False,True,0.0,True,False,-1.0,-1.0,0.03247247203046141,0.03247247203046141,4.478776402839614
2019-02-01 00:00:00-05:00,62.622772216796875,80.71910858154297,-0.6977699139315219,6.299406769224468,0.785,False,False,0.0,False,False,-1.0,-1.0,-0.011796460172538777,0.011796460172538777,4.490572863012153
2019-02-04 00:00:00-05:00,62.86359405517578,82.47328186035156,-0.6990245475209336,5.2127455201771085,0.156,False,False,0.0,False,False,-1.0,-1.0,-0.00901685495690087,0.00901685495690087,4.499589717969053
2019-02-05 00:00:00-05:00,62.8120002746582,83.15081024169922,-0.6994667442426836,4.650773753755658,-0.142,False,False,0.0,False,False,-1.0,-1.0,-0.004645422638607113,0.004645422638607113,4.50423514060766
2019-02-06 00:00:00-05:00,62.923797607421875,84.4873046875,-0.6989564812583363,3.8708484120459303,-0.595,False,False,0.0,False,True,0.0,0.0,-0.006394049375416186,0.006394049375416186,4.510629189983076
2019-02-07 00:00:00-05:00,63.637691497802734,84.22742462158203,-0.6991602955311924,4.749220407546211,0.011,False,False,0.0,False,False,0.0,0.0,0.007168852569499163,0.0,4.510629189983076
2019-02-08 00:00:00-05:00,64.26555633544922,85.68458557128906,-0.6991066562877231,4.362892221306041,-0.211,False,False,0.0,False,True,0.0,0.0,-0.003111329008673401,-0.0,4.510629189983076
2019-02-11 00:00:00-05:00,64.53218078613281,87.4201889038086,-0.6981297534954379,3.501545856192301,-0.764,False,False,0.0,False,False,0.0,0.0,-0.006859884116181685,-0.0,4.510629189983076
2019-02-12 00:00:00-05:00,64.54076385498047,88.69170379638672,-0.6962609716643757,2.78819199113925,-1.422,False,False,0.0,False,False,0.0,0.0,-0.005648388816344638,-0.0,4.510629189983076
2019-02-13 00:00:00-05:00,64.30670928955078,88.94229888916016,-0.6940248468724355,2.5785439225190174,-1.571,True,False,1.0,False,False,0.0,1.0,-0.001663413156013189,-0.0,4.510629189983076
2019-02-14 00:00:00-05:00,64.38472747802734,88.8958969116211,-0.6920216587747914,2.866841438974461,-1.218,False,False,1.0,False,False,0.0,1.0,0.0022898453685898483,0.0022898453685898483,4.512919035351667
2019-02-15 00:00:00-05:00,64.55811309814453,90.56653594970703,-0.6893292293203731,2.127952669717118,-1.757,True,False,1.0,False,False,0.0,1.0,-0.005818559058547504,-0.005818559058547504,4.507100476293119
2019-02-19 00:00:00-05:00,64.93954467773438,90.09318542480469,-0.6874043041780519,3.0091012396123062,-0.912,False,False,1.0,False,False,0.0,1.0,0.006945287715251712,0.006945287715251712,4.514045764008371
2019-02-20 00:00:00-05:00,65.10425567626953,90.53868865966797,-0.6856434083496307,3.0270005961487314,-0.845,False,False,1.0,False,False,0.0,1.0,0.0001407386689305056,0.0001407386689305056,4.514186502677301
2019-02-21 00:00:00-05:00,65.64173889160156,90.0374984741211,-0.6848589364089884,3.978753449689073,0.012,False,False,1.0,False,False,0.0,1.0,0.007476178582712538,0.007476178582712538,4.521662681260014
2019-02-22 00:00:00-05:00,66.43929290771484,89.4229507446289,-0.6853998227990273,5.148818313180044,1.071,False,True,0.0,False,False,0.0,0.0,0.009160471254050966,0.009160471254050966,4.530823152514065
2019-02-25 00:00:00-05:00,65.46834564208984,88.26841735839844,-0.685948877697033,4.920723819003122,0.856,False,False,0.0,False,False,0.0,0.0,-0.0018100443837798096,-0.0,4.530823152514065
2019-02-26 00:00:00-05:00,65.31231689453125,88.26841735839844,-0.6863145288426094,4.7324196235192275,0.656,False,False,0.0,False,False,0.0,0.0,-0.0014957572772235294,-0.0,4.530823152514065
2019-02-27 00:00:00-05:00,65.53768920898438,88.78983306884766,-0.6865020102395389,4.58329031838737,0.515,False,False,0.0,False,False,0.0,0.0,-0.0011789615253600307,-0.0,4.530823152514065
2019-02-28 00:00:00-05:00,66.12720489501953,88.78050231933594,-0.6871803849265523,5.118985137245595,0.937,False,False,0.0,False,False,0.0,0.0,0.004213576352312555,0.0,4.530823152514065
2019-03-01 00:00:00-05:00,65.91047668457031,88.41736602783203,-0.6879121384682042,5.08709734263843,0.88,False,False,0.0,False,False,0.0,0.0,-0.0002516122810979325,-0.0,4.530823152514065
2019-03-04 00:00:00-05:00,66.10986328125,87.41179656982422,-0.6893923734386387,5.848837377443424,1.447,False,False,0.0,False,False,0.0,0.0,0.006027812573903059,0.0,4.530823152514065
2019-03-05 00:00:00-05:00,66.1011962890625,87.0672836303711,-0.6910817660578152,5.93058415192894,1.417,False,False,0.0,False,False,0.0,0.0,0.0006473873741445322,0.0,4.530823152514065
2019-03-06 00:00:00-05:00,66.32658386230469,85.8382339477539,-0.6936372678125733,6.785985792928194,1.932,False,False,0.0,True,False,-1.0,-1.0,0.006796065724769728,0.0,4.530823152514065
2019-03-07 00:00:00-05:00,66.60399627685547,85.87548828125,-0.6963640571930754,6.803392843887821,1.785,False,False,0.0,False,False,-1.0,-1.0,0.0001377089995109847,-0.0001377089995109847,4.530685443514553
2019-03-08 00:00:00-05:00,66.75137329101562,84.1622543334961,-0.7001167195136928,7.827971880171262,2.262,False,False,0.0,False,False,-1.0,-1.0,0.008152622821199117,-0.008152622821199117,4.522532820693355
2019-03-11 00:00:00-04:00,66.88140869140625,83.3521957397461,-0.7043887875379848,8.169056595657715,2.234,False,False,0.0,False,False,-1.0,-1.0,0.0027157775461831494,-0.0027157775461831494,4.519817043147171
2019-03-12 00:00:00-04:00,67.2541732788086,84.32984161376953,-0.7081498271411288,7.53601051717893,1.69,False,False,0.0,False,False,-1.0,-1.0,-0.004985700808695617,0.004985700808695617,4.524802743955867
2019-03-13 00:00:00-04:00,67.44488525390625,85.2143783569336,-0.7111523127254521,6.844483007911215,1.191,False,False,0.0,False,False,-1.0,-1.0,-0.0054006478705297765,0.0054006478705297765,4.530203391826397
2019-03-14 00:00:00-04:00,67.28884887695312,84.17156982421875,-0.7143321897288215,7.162387091506552,1.319,False,False,0.0,False,False,-1.0,-1.0,0.002495022630660594,-0.002495022630660594,4.527708369195736
2019-03-15 00:00:00-04:00,68.38114166259766,83.29631805419922,-0.7188613302018391,8.502639665240544,1.926,False,False,0.0,True,False,-1.0,-1.0,0.010449526721649898,-0.010449526721649898,4.517258842474087
2019-03-18 00:00:00-04:00,67.95635223388672,83.65013885498047,-0.7226630819916716,7.505485079915253,1.281,False,False,0.0,False,False,-1.0,-1.0,-0.007765564818543049,0.007765564818543049,4.52502440729263
2019-03-19 00:00:00-04:00,67.28016662597656,84.87920379638672,-0.7246383757111349,5.773438255308498,0.288,False,False,0.0,False,False,-1.0,-1.0,-0.013448936901940845,0.013448936901940845,4.53847334419457
2019-03-20 00:00:00-04:00,67.39286804199219,84.80469512939453,-0.7263112951114148,5.798260091032958,0.272,False,False,0.0,False,False,-1.0,-1.0,0.00019243601391049793,-0.00019243601391049793,4.53828090818066
2019-03-21 00:00:00-04:00,68.28577423095703,87.84938049316406,-0.7266056804529869,4.453915340348203,-0.447,False,False,0.0,False,True,0.0,0.0,-0.010175362053661513,0.010175362053661513,4.548456270234322
2019-03-22 00:00:00-04:00,68.771240234375,86.29447174072266,-0.7281154147066553,5.938905155986973,0.424,False,True,0.0,False,False,0.0,0.0,0.011283810581206557,0.0,4.548456270234322
2019-03-25 00:00:00-04:00,68.95330047607422,87.570068359375,-0.7290278682116272,5.112280220892593,-0.056,False,False,0.0,False,False,0.0,0.0,-0.006224851564000783,-0.0,4.548456270234322
2019-03-26 00:00:00-04:00,69.26538848876953,88.39876556396484,-0.7295034924319157,4.778180283187012,-0.254,False,False,0.0,False,True,0.0,0.0,-0.002497894964006249,-0.0,4.548456270234322
2019-03-27 00:00:00-04:00,68.84061431884766,88.2777099609375,-0.7295643035948955,4.436348328244122,-0.466,False,False,0.0,False,False,0.0,0.0,-0.0025654415700551584,-0.0,4.548456270234322
2019-03-28 00:00:00-04:00,68.01702880859375,88.67809295654297,-0.7285452217967887,3.4110279070529117,-1.029,False,False,0.0,False,False,0.0,0.0,-0.007731088811891765,-0.0,4.548456270234322
2019-03-29 00:00:00-04:00,68.55451965332031,91.02446746826172,-0.7263793941353344,2.4362221222329055,-1.509,True,False,1.0,False,False,0.0,1.0,-0.0072383262279662785,-0.0,4.548456270234322
2019-04-01 00:00:00-04:00,67.713623046875,90.77305603027344,-0.7236224137789815,2.028205136153801,-1.659,False,False,1.0,False,False,0.0,1.0,-0.0030586200856481545,-0.0030586200856481545,4.545397650148674
2019-04-02 00:00:00-04:00,67.83500671386719,90.4657974243164,-0.7213108989579693,2.5810410487839732,-1.351,False,False,1.0,False,False,0.0,1.0,0.004153882194356847,0.004153882194356847,4.54955153234303
2019-04-03 00:00:00-04:00,67.54022979736328,91.32242584228516,-0.718448461703131,1.9297734319752493,-1.665,True,False,1.0,False,False,0.0,1.0,-0.004891207364959979,-0.004891207364959979,4.54466032497807
2019-04-04 00:00:00-04:00,67.15880584716797,92.72837829589844,-0.7145023602010897,0.9041606971290292,-2.072,False,False,1.0,False,False,0.0,1.0,-0.007687476241564968,-0.007687476241564968,4.5369728487365055
2019-04-05 00:00:00-04:00,67.80899047851562,94.16226196289062,-0.7103953397800028,0.9165583969343061,-1.985,False,False,1.0,False,False,0.0,1.0,9.203837323800797e-05,9.203837323800797e-05,4.537064887109743
2019-04-08 00:00:00-04:00,66.88140869140625,94.66504669189453,-0.7054900198721967,0.09616301953914785,-2.193,False,False,1.0,False,False,0.0,1.0,-0.006137621842209978,-0.006137621842209978,4.5309272652675325
2019-04-09 00:00:00-04:00,67.15880584716797,93.97604370117188,-0.7015627404724097,1.228715089418884,-1.601,False,False,1.0,False,False,0.0,1.0,0.008509741223881281,0.008509741223881281,4.539437006491415
2019-04-10 00:00:00-04:00,66.69935607910156,94.19951629638672,-0.6975831016685783,0.9873653253883248,-1.604,False,False,1.0,False,False,0.0,1.0,-0.0018227272043029087,-0.0018227272043029087,4.537614279287112
2019-04-11 00:00:00-04:00,67.08946990966797,95.85685729980469,-0.6932694879130444,0.6348355364786045,-1.627,False,False,1.0,False,False,0.0,1.0,-0.0026398004674398306,-0.0026398004674398306,4.534974478819672
2019-04-12 00:00:00-04:00,67.46222686767578,97.06730651855469,-0.6888801848189833,0.5944828132929274,-1.532,False,False,1.0,False,False,0.0,1.0,-0.00030039999940959303,-0.00030039999940959303,4.534674078820262
2019-04-15 00:00:00-04:00,67.34086608886719,97.29076385498047,-0.6846321412891736,0.7324821031725719,-1.388,False,False,1.0,False,False,0.0,1.0,0.0010302356288133623,0.0010302356288133623,4.535704314449076
2019-04-16 00:00:00-04:00,66.2832260131836,97.9332275390625,-0.6794908708019448,-0.26150804777898884,-1.64,True,False,1.0,False,False,0.0,1.0,-0.007483290042222311,-0.007483290042222311,4.528221024406854
2019-04-17 00:00:00-04:00,66.24857330322266,96.74141693115234,-0.6753378050955268,0.915437131106998,-1.143,False,False,1.0,False,False,0.0,1.0,0.008944595594470337,0.008944595594470337,4.537165620001323
2019-04-18 00:00:00-04:00,66.13587188720703,95.98722839355469,-0.6720254511446212,1.6300114219066444,-0.842,False,False,1.0,False,False,0.0,1.0,0.005469724550739483,0.005469724550739483,4.542635344552063
2019-04-22 00:00:00-04:00,66.21389770507812,94.62782287597656,-0.6699614638811248,2.816902967205081,-0.39,False,False,1.0,False,False,0.0,1.0,0.009157344131557867,0.009157344131557867,4.551792688683621
2019-04-23 00:00:00-04:00,66.53465270996094,96.06171417236328,-0.6677027703466416,2.3939800328267324,-0.506,False,False,1.0,False,False,0.0,1.0,-0.0032364406449766877,-0.0032364406449766877,4.548556248038644
2019-04-24 00:00:00-04:00,66.79472351074219,96.89039611816406,-0.6653563111262407,2.3280869660003134,-0.49,False,False,1.0,False,False,0.0,1.0,-0.0005019989644977479,-0.0005019989644977479,4.548054249074147
2019-04-25 00:00:00-04:00,67.44488525390625,97.82147979736328,-0.6632231357042874,2.5674166834653818,-0.364,False,False,1.0,False,False,0.0,1.0,0.0018086869719893999,0.0018086869719893999,4.549862936046136
2019-04-26 00:00:00-04:00,67.30619049072266,97.88668060302734,-0.6611497652257592,2.5884345913022457,-0.311,False,False,1.0,False,False,0.0,1.0,0.0001591976941421982,0.0001591976941421982,4.550022133740279
2019-04-29 00:00:00-04:00,66.69935607910156,97.47698211669922,-0.6589778968789545,2.4641794097316563,-0.311,False,False,1.0,False,False,0.0,1.0,-0.0009489870927273769,-0.0009489870927273769,4.549073146647551
2019-04-30 00:00:00-04:00,67.99105072021484,96.36897277832031,-0.6586808557771731,4.514653260223724,0.585,False,True,0.0,False,False,0.0,0.0,0.015596817911011923,0.015596817911011923,4.564669964558563
2019-05-01 00:00:00-04:00,67.31486511230469,94.01329803466797,-0.6594130640656288,5.321268192349123,0.972,False,False,0.0,False,False,0.0,0.0,0.0062379129675532155,0.0,4.564669964558563
2019-05-02 00:00:00-04:00,67.28016662597656,95.93136596679688,-0.6591371613083848,4.04823838218627,0.479,False,False,0.0,False,False,0.0,0.0,-0.009754113681442033,-0.0,4.564669964558563
2019-05-03 00:00:00-04:00,67.88700103759766,96.7134780883789,-0.6588174557295419,4.170473468657072,0.658,False,False,0.0,False,False,0.0,0.0,0.0009288131387134337,0.0,4.564669964558563
2019-05-06 00:00:00-04:00,67.7049560546875,95.98722839355469,-0.6587675709645939,4.471682762241777,0.928,False,False,0.0,False,False,0.0,0.0,0.002300392292507351,0.0,4.564669964558563
2019-05-07 00:00:00-04:00,67.93036651611328,93.7153549194336,-0.6602106686756823,6.0584893795751285,1.784,False,False,0.0,True,False,-1.0,-1.0,0.012224801148889373,0.0,4.564669964558563
2019-05-08 00:00:00-04:00,67.09813690185547,94.49746704101562,-0.6606159370181843,4.67160416670994,1.071,False,False,0.0,False,False,-1.0,-1.0,-0.010707498554151878,0.010707498554151878,4.575377463112715
2019-05-09 00:00:00-04:00,67.15880584716797,95.41927337646484,-0.6603791637449989,4.1459058896626715,0.785,False,False,0.0,False,False,-1.0,-1.0,-0.0040384987950921976,0.0040384987950921976,4.579415961907808
2019-05-10 00:00:00-04:00,68.66722106933594,95.6427230834961,-0.6612173860769708,5.426589714783098,1.537,False,False,0.0,True,False,-1.0,-1.0,0.009708927873413641,-0.009708927873413641,4.569707034034394
2019-05-13 00:00:00-04:00,69.750244140625,92.4397201538086,-0.664841598311261,8.292472846121207,2.796,False,False,0.0,False,False,-1.0,-1.0,0.02184228701145963,-0.02184228701145963,4.547864747022934
2019-05-14 00:00:00-04:00,69.45328521728516,93.72466278076172,-0.6676128864735833,6.881492564457602,1.948,False,False,0.0,False,False,-1.0,-1.0,-0.010687214159810896,0.010687214159810896,4.558551961182745
2019-05-15 00:00:00-04:00,69.55807495117188,92.42112731933594,-0.6708708650422983,7.555433318264583,2.092,False,False,0.0,False,False,-1.0,-1.0,0.005122659493696755,-0.005122659493696755,4.553429301689048
2019-05-16 00:00:00-04:00,70.09085845947266,94.0784683227539,-0.6734574315558244,6.733014818124822,1.604,False,False,0.0,False,False,-1.0,-1.0,-0.0061628062858072935,0.0061628062858072935,4.559592107974856
2019-05-17 00:00:00-04:00,70.6585922241211,93.74327850341797,-0.6764147198927928,7.249258753399566,1.69,False,False,0.0,False,False,-1.0,-1.0,0.0038506147730650183,-0.0038506147730650183,4.555741493201791
2019-05-20 00:00:00-04:00,70.98173522949219,94.29261779785156,-0.6791504229657243,6.942863969535921,1.456,False,False,0.0,False,False,-1.0,-1.0,-0.0022692446125813334,0.0022692446125813334,4.558010737814373
2019-05-21 00:00:00-04:00,70.62364196777344,96.39691162109375,-0.6801204952029438,5.062126700000746,0.657,False,False,0.0,False,False,-1.0,-1.0,-0.013810148680757093,0.013810148680757093,4.571820886495129
2019-05-22 00:00:00-04:00,71.40971374511719,95.81031036376953,-0.6817596407397676,6.090110972348043,1.013,False,False,0.0,False,False,-1.0,-1.0,0.007518389607490068,-0.007518389607490068,4.564302496887639
2019-05-23 00:00:00-04:00,71.82022857666016,95.00025177001953,-0.6841745990030819,6.823469416715227,1.23,False,False,0.0,False,False,-1.0,-1.0,0.0053601417228905665,-0.0053601417228905665,4.558942355164748
2019-05-24 00:00:00-04:00,71.97744750976562,94.49573516845703,-0.6869310760648119,7.065390466961958,1.248,False,False,0.0,False,False,-1.0,-1.0,0.001767272451145636,-0.001767272451145636,4.557175082713602
2019-05-28 00:00:00-04:00,71.05160522460938,93.61749267578125,-0.6892446282974721,6.526251283149207,0.98,False,False,0.0,False,False,-1.0,-1.0,-0.003976628382351854,0.003976628382351854,4.561151711095954
2019-05-29 00:00:00-04:00,70.13455200195312,92.74859619140625,-0.6910447606754766,6.041120543876374,0.736,False,False,0.0,False,False,-1.0,-1.0,-0.003614229512859323,0.003614229512859323,4.5647659406088135
2019-05-30 00:00:00-04:00,69.89871978759766,94.15005493164062,-0.6916110581924673,4.783500667446759,0.178,False,False,0.0,False,False,-1.0,-1.0,-0.009314741030471776,0.009314741030471776,4.574080681639286
2019-05-31 00:00:00-04:00,70.35289001464844,94.15938568115234,-0.6923344457226964,5.1631039194982264,0.294,False,True,0.0,False,False,-1.0,-1.0,0.0028006179525625055,-0.0028006179525625055,4.571280063686723
2019-06-03 00:00:00-04:00,71.23503112792969,94.579833984375,-0.6935236884992133,5.641675805442688,0.459,False,False,0.0,False,False,-1.0,-1.0,0.003497606734680631,-0.003497606734680631,4.567782456952042
2019-06-04 00:00:00-04:00,70.99921417236328,97.29864501953125,-0.6928869059972543,3.58225706705511,-0.552,False,False,0.0,False,True,0.0,0.0,-0.014878454730959546,0.014878454730959546,4.582660911683002
2019-06-05 00:00:00-04:00,72.51893615722656,97.80318450927734,-0.6930315444037414,4.738244149158007,-0.072,False,False,0.0,False,False,0.0,0.0,0.00823941657736228,0.0,4.582660911683002
2019-06-06 00:00:00-04:00,72.99930572509766,100.2230224609375,-0.6922667118704626,3.6182435123449324,-0.76,False,False,0.0,False,True,0.0,0.0,-0.007866257497676641,-0.0,4.582660911683002
2019-06-07 00:00:00-04:00,72.45780944824219,101.4376449584961,-0.6902813046319028,2.4372995475037413,-1.48,False,False,0.0,False,False,0.0,0.0,-0.008288587135482941,-0.0,4.582660911683002
2019-06-10 00:00:00-04:00,72.2656478881836,100.1015853881836,-0.6889119940280551,3.304465093040406,-0.993,False,False,0.0,False,False,0.0,0.0,0.0061402322868882595,0.0,4.582660911683002
2019-06-11 00:00:00-04:00,71.63679504394531,100.27909088134766,-0.68712057812184,2.7329681440211715,-1.346,False,False,0.0,False,False,0.0,0.0,-0.004066418243456222,-0.0,4.582660911683002
2019-06-12 00:00:00-04:00,72.80715942382812,100.23237609863281,-0.686425099013491,4.00514073596662,-0.642,False,False,0.0,False,False,0.0,0.0,0.008983687419907654,0.0,4.582660911683002
2019-06-13 00:00:00-04:00,73.02552032470703,101.0545654296875,-0.6856532836581416,3.7371257091952828,-0.85,False,False,0.0,False,False,0.0,0.0,-0.0018832664879180735,-0.0,4.582660911683002
2019-06-14 00:00:00-04:00,73.63689422607422,99.16727447509766,-0.6865141377272175,5.5571582990442465,0.253,False,True,0.0,False,False,0.0,0.0,0.012842759441024554,0.0,4.582660911683002
2019-06-17 00:00:00-04:00,73.47967529296875,97.27997589111328,-0.6884684257800954,6.505483431288354,0.83,False,False,0.0,False,False,0.0,0.0,0.006751862027408174,0.0,4.582660911683002
2019-06-18 00:00:00-04:00,73.58450317382812,98.16756439208984,-0.6899961174372115,5.849264885018684,0.356,False,False,0.0,False,False,0.0,0.0,-0.004643502312401009,-0.0,4.582660911683002
2019-06-19 00:00:00-04:00,74.18714904785156,99.26068878173828,-0.6912150327219219,5.576668803581839,0.164,False,False,0.0,False,False,0.0,0.0,-0.0019089678364281157,-0.0,4.582660911683002
2019-06-20 00:00:00-04:00,74.5801773071289,99.75587463378906,-0.6923321518736208,5.515977959882576,0.094,False,False,0.0,False,False,0.0,0.0,-0.000422507619948755,-0.0,4.582660911683002
2019-06-21 00:00:00-04:00,74.60637664794922,99.7465591430664,-0.6933688552895207,5.44521911585278,0.019,False,False,0.0,False,False,0.0,0.0,-0.000492175402696848,-0.0,4.582660911683002
2019-06-24 00:00:00-04:00,74.46663665771484,99.83997344970703,-0.6941397794323932,5.16373950879921,-0.194,False,False,0.0,False,False,0.0,0.0,-0.0019578529581389496,-0.0,4.582660911683002
2019-06-25 00:00:00-04:00,74.18714904785156,99.62506866455078,-0.6947033997165493,4.977275149593481,-0.304,False,False,0.0,False,True,0.0,0.0,-0.0013003363345681501,-0.0,4.582660911683002
2019-06-26 00:00:00-04:00,72.78096771240234,99.69047546386719,-0.6939996767751044,3.595809962922033,-1.233,False,False,0.0,False,False,0.0,0.0,-0.009730949423159163,-0.0,4.582660911683002
2019-06-27 00:00:00-04:00,72.5625991821289,101.09194946289062,-0.6922066992897752,2.5860745196526267,-1.82,True,False,1.0,False,False,0.0,1.0,-0.007083917846795595,-0.0,4.582660911683002
2019-06-28 00:00:00-04:00,72.8158950805664,101.65251922607422,-0.6903093922701034,2.6442063108901124,-1.652,False,False,1.0,False,False,0.0,1.0,0.0004065513219551267,0.0004065513219551267,4.583067463004957
2019-07-01 00:00:00-04:00,72.60627746582031,103.34361267089844,-0.687436145478624,1.5641427115020008,-2.173,False,False,1.0,False,False,0.0,1.0,-0.007518799426289052,-0.007518799426289052,4.575548663578668
2019-07-02 00:00:00-04:00,73.58450317382812,103.25952911376953,-0.6855281380897713,2.7971904404391665,-1.32,False,False,1.0,False,False,0.0,1.0,0.00854077869138672,0.00854077869138672,4.584089442270055
2019-07-03 00:00:00-04:00,74.35307312011719,102.77371215820312,-0.6848079637832308,3.9728165666142274,-0.548,False,False,1.0,False,False,0.0,1.0,0.008122704900289022,0.008122704900289022,4.592212147170343
2019-07-05 00:00:00-04:00,74.25701141357422,103.21282196044922,-0.6839839449746363,3.661098277101388,-0.701,False,False,1.0,False,False,0.0,1.0,-0.0021519640730839366,-0.0021519640730839366,4.590060183097259
2019-07-08 00:00:00-04:00,74.49283599853516,103.119384765625,-0.6834595570449925,4.0149069638689525,-0.425,False,False,1.0,False,False,0.0,1.0,0.002440551973955127,0.002440551973955127,4.592500735071215
2019-07-09 00:00:00-04:00,74.8509292602539,102.86712646484375,-0.6834475063670583,4.546648190711622,-0.015,False,False,1.0,False,False,0.0,1.0,0.0036632596627743518,0.0036632596627743518,4.596163994733989
2019-07-10 00:00:00-04:00,75.22650146484375,102.13835906982422,-0.6842080592369358,5.342613032034038,0.542,False,True,0.0,False,False,0.0,0.0,0.005485236735176652,0.005485236735176652,4.601649231469166
2019-07-11 00:00:00-04:00,75.21776580810547,103.25952911376953,-0.6843801027232326,4.548998666071256,0.013,False,False,0.0,False,False,0.0,0.0,-0.0054399426041197305,-0.0,4.601649231469166
2019-07-12 00:00:00-04:00,74.65005493164062,105.54857635498047,-0.6827455089178173,2.587238452608389,-1.331,False,False,0.0,False,True,0.0,0.0,-0.013371425387562523,-0.0,4.601649231469166
2019-07-15 00:00:00-04:00,75.41865539550781,104.13777923583984,-0.6824098859353674,4.3540053456158745,0.021,False,False,0.0,False,False,0.0,0.0,0.012061216721150729,0.0,4.601649231469166
2019-07-16 00:00:00-04:00,75.23523712158203,104.93193054199219,-0.6816887252062362,3.7043231569820563,-0.44,False,False,0.0,False,True,0.0,0.0,-0.004426648677679916,-0.0,4.601649231469166
2019-07-17 00:00:00-04:00,75.8990249633789,103.810791015625,-0.6821213608408653,5.087466925834107,0.729,False,True,0.0,False,False,0.0,0.0,0.009427702763905877,0.0,4.601649231469166
2019-07-18 00:00:00-04:00,76.728759765625,104.85719299316406,-0.6827568547135582,5.136792483519756,0.758,False,False,0.0,False,False,0.0,0.0,0.0003325601125847719,0.0,4.601649231469166
2019-07-19 00:00:00-04:00,75.38372039794922,105.08143615722656,-0.6821704513988878,3.700269660930573,-0.405,False,False,0.0,False,True,0.0,0.0,-0.009767800736922067,-0.0,4.601649231469166
2019-07-22 00:00:00-04:00,75.3575210571289,105.3430404663086,-0.6813168833872018,3.5855290400916573,-0.46,False,False,0.0,False,False,0.0,0.0,-0.0007798613510062823,-0.0,4.601649231469166
2019-07-23 00:00:00-04:00,74.9033432006836,104.03500366210938,-0.6808492403524605,4.071189987270984,-0.057,False,False,0.0,False,False,0.0,0.0,0.0033324821963714186,0.0,4.601649231469166
2019-07-24 00:00:00-04:00,74.93827056884766,105.10012817382812,-0.6799216550480374,3.478417475137576,-0.533,False,False,0.0,False,True,0.0,0.0,-0.0040490444638465895,-0.0,4.601649231469166
2019-07-25 00:00:00-04:00,74.99068450927734,104.14710998535156,-0.6795696702252528,4.215467321618846,0.084,False,False,0.0,False,False,0.0,0.0,0.005056394107955931,0.0,4.601649231469166
2019-07-26 00:00:00-04:00,75.68942260742188,102.72696685791016,-0.6806376801748097,5.769578193859346,1.343,False,True,0.0,False,False,0.0,0.0,0.010673159092384758,0.0,4.601649231469166
2019-07-29 00:00:00-04:00,76.4230728149414,103.19412231445312,-0.6821267456689847,6.031601988416341,1.463,False,False,0.0,False,False,0.0,0.0,0.0017847264178192026,0.0,4.601649231469166
2019-07-30 00:00:00-04:00,75.68942260742188,102.07295989990234,-0.6835723203715144,5.915172561457084,1.288,False,False,0.0,False,False,0.0,0.0,-0.0008004020855206059,-0.0,4.601649231469166
2019-07-31 00:00:00-04:00,74.64131927490234,101.66188049316406,-0.6842878154542,5.0753331572691565,0.551,False,False,0.0,False,False,0.0,0.0,-0.0058238339722239815,-0.0,4.601649231469166
2019-08-01 00:00:00-04:00,76.1435775756836,100.8676986694336,-0.6864807283413573,6.899846326974256,1.901,False,False,0.0,True,False,-1.0,-1.0,0.012549328992043248,0.0,4.601649231469166
2019-08-02 00:00:00-04:00,75.60205078125,100.02684020996094,-0.6887170480862007,6.711860662455621,1.666,False,False,0.0,False,False,-1.0,-1.0,-0.0013010087140158495,0.0013010087140158495,4.602950240183182
2019-08-05 00:00:00-04:00,76.01255798339844,95.9999771118164,-0.6933324982366879,9.452654021797912,3.182,False,False,0.0,False,False,-1.0,-1.0,0.019223862181741824,-0.019223862181741824,4.58372637800144
2019-08-06 00:00:00-04:00,76.7636947631836,98.7655258178711,-0.6969795935005595,7.926138726774781,2.014,False,False,0.0,False,False,-1.0,-1.0,-0.010484218278620751,0.010484218278620751,4.59421059628006
2019-08-07 00:00:00-04:00,77.07810974121094,98.73748016357422,-0.7004888238755785,7.913608388990568,1.863,False,False,0.0,False,False,-1.0,-1.0,-8.568185216692833e-05,8.568185216692833e-05,4.594296278132228
2019-08-08 00:00:00-04:00,77.99520874023438,101.91413879394531,-0.7026530497669583,6.38492830229562,0.933,False,False,0.0,False,False,-1.0,-1.0,-0.010218074852015367,0.010218074852015367,4.604514352984243
2019-08-09 00:00:00-04:00,78.4930419921875,100.51266479492188,-0.7056581979836108,7.565456078472209,1.532,False,False,0.0,True,False,-1.0,-1.0,0.007900701480922857,-0.007900701480922857,4.59661365150332
2019-08-12 00:00:00-04:00,78.59783935546875,95.78507232666016,-0.7113102450135997,10.464936090146736,2.707,False,False,0.0,False,False,-1.0,-1.0,0.019760548879439052,-0.019760548879439052,4.576853102623881
2019-08-13 00:00:00-04:00,78.83521270751953,97.39208221435547,-0.716156701546388,9.087220352152073,1.855,False,False,0.0,False,False,-1.0,-1.0,-0.009272351726506053,0.009272351726506053,4.5861254543503875
2019-08-14 00:00:00-04:00,78.14946746826172,93.2811279296875,-0.7223666658852643,10.766290095676553,2.336,False,False,0.0,False,False,-1.0,-1.0,0.01153740966750583,-0.01153740966750583,4.574588044682882
2019-08-15 00:00:00-04:00,79.73198699951172,92.83267974853516,-0.7298739933512587,11.975828317949848,2.509,False,False,0.0,False,False,-1.0,-1.0,0.00820091822761664,-0.00820091822761664,4.566387126455265
2019-08-16 00:00:00-04:00,79.5121841430664,93.94450378417969,-0.7361748026170786,10.352607612788532,1.732,False,False,0.0,False,False,-1.0,-1.0,-0.010918150816332848,0.010918150816332848,4.577305277271598
2019-08-19 00:00:00-04:00,80.3210220336914,94.56114959716797,-0.7421406105908571,10.143352733475794,1.561,False,False,0.0,False,False,-1.0,-1.0,-0.0013904099594359274,0.0013904099594359274,4.578695687231034
2019-08-20 00:00:00-04:00,80.71666717529297,94.24348449707031,-0.7481350391669661,10.209814209845902,1.488,False,False,0.0,False,False,-1.0,-1.0,0.00043949166312392445,-0.00043949166312392445,4.57825619556791
2019-08-21 00:00:00-04:00,81.53428649902344,94.66392517089844,-0.7540992581749455,10.148290751720381,1.371,False,False,0.0,False,False,-1.0,-1.0,-0.00040232372855824217,0.00040232372855824217,4.578658519296468
2019-08-22 00:00:00-04:00,81.88594055175781,94.78536987304688,-0.7598210458689543,9.86602168174366,1.191,False,False,0.0,False,False,-1.0,-1.0,-0.0018340371902487173,0.0018340371902487173,4.580492556486717
2019-08-23 00:00:00-04:00,81.40238952636719,90.8102035522461,-0.7671868864761603,11.733992202853159,1.743,False,False,0.0,True,False,-1.0,-1.0,0.01236486921171396,-0.01236486921171396,4.568127687275003
2019-08-26 00:00:00-04:00,82.87061309814453,92.68528747558594,-0.7742792216032474,11.106320857474643,1.417,False,False,0.0,False,False,-1.0,-1.0,-0.004059053445942561,0.004059053445942561,4.572186740720945
2019-08-27 00:00:00-04:00,83.79373931884766,93.19155883789062,-0.7812473626632399,10.988079754269464,1.29,False,False,0.0,False,False,-1.0,-1.0,-0.0007550546429185129,0.0007550546429185129,4.572941795363864
2019-08-28 00:00:00-04:00,83.61792755126953,95.84480285644531,-0.785781499847849,8.304854610110539,0.326,False,False,0.0,False,False,-1.0,-1.0,-0.01688295635115412,0.01688295635115412,4.5898247517150175
2019-08-29 00:00:00-04:00,84.3388442993164,97.61675262451172,-0.7890456497947101,7.314770293859084,-0.073,False,False,0.0,False,False,-1.0,-1.0,-0.006135761094636601,0.006135761094636601,4.595960512809654
2019-08-30 00:00:00-04:00,84.19815063476562,95.51665496826172,-0.7931322443788043,8.440811704232345,0.302,False,True,0.0,False,False,-1.0,-1.0,0.007039717195286227,-0.007039717195286227,4.588920795614369
2019-09-03 00:00:00-04:00,85.92132568359375,93.93221282958984,-0.7995069495789114,10.821868737011286,1.132,False,False,0.0,False,False,-1.0,-1.0,0.014787265307532526,-0.014787265307532526,4.5741335303068364
2019-09-04 00:00:00-04:00,85.85099792480469,94.03534698486328,-0.805582866563317,10.09773354246235,0.807,False,False,0.0,False,False,-1.0,-1.0,-0.004480916432591583,0.004480916432591583,4.578614446739428
2019-09-05 00:00:00-04:00,83.81131744384766,96.5479507446289,-0.8077313874722587,5.826507231285262,-0.842,False,False,0.0,False,True,0.0,0.0,-0.026398816665423885,0.026398816665423885,4.605013263404851
2019-09-06 00:00:00-04:00,81.87713623046875,97.07296752929688,-0.8071740773519172,3.5223532291959287,-1.723,True,False,1.0,False,False,0.0,1.0,-0.014380118600195146,-0.0,4.605013263404851
2019-09-09 00:00:00-04:00,79.5385513305664,96.17293548583984,-0.8049318174402491,2.125895581385521,-2.171,False,False,1.0,False,False,0.0,1.0,-0.008897399859440802,-0.008897399859440802,4.5961158635454105
2019-09-10 00:00:00-04:00,79.38911437988281,99.74496459960938,-0.800106759882583,-0.4175060605135883,-2.768,False,False,1.0,False,False,0.0,1.0,-0.015976569000233774,-0.015976569000233774,4.580139294545177
2019-09-11 00:00:00-04:00,80.24189758300781,97.36360931396484,-0.7976370568737524,2.581074803211024,-1.728,False,False,1.0,False,False,0.0,1.0,0.01899005195626101,0.01899005195626101,4.599129346501439
2019-09-12 00:00:00-04:00,80.4880599975586,93.13529205322266,-0.7987192094618992,6.099113155805483,-0.592,False,False,1.0,False,False,0.0,1.0,0.022715046115557365,0.022715046115557365,4.621844392616996
2019-09-13 00:00:00-04:00,80.14518737792969,91.03520965576172,-0.8013352859118122,7.195461620388102,-0.239,False,False,1.0,False,False,0.0,1.0,0.007161233787124442,0.007161233787124442,4.62900562640412
2019-09-16 00:00:00-04:00,80.2770767211914,89.6851577758789,-0.8049998450329805,8.080538609850478,0.041,False,False,1.0,False,False,0.0,1.0,0.005804787867294226,0.005804787867294226,4.634810414271414
2019-09-17 00:00:00-04:00,81.58702850341797,90.17268371582031,-0.8093269011304145,8.607849825080123,0.195,False,False,1.0,False,False,0.0,1.0,0.0034115556358937805,0.0034115556358937805,4.638221969907308
2019-09-18 00:00:00-04:00,81.89470672607422,87.70695495605469,-0.8153913712954325,10.379212452310057,0.755,False,True,0.0,False,False,0.0,0.0,0.011546576535883686,0.011546576535883686,4.649768546443191
2019-09-19 00:00:00-04:00,82.18485260009766,86.32875061035156,-0.8224945395458846,11.17992661726504,0.977,False,False,0.0,False,False,0.0,0.0,0.005226942504662675,0.0,4.649768546443191
2019-09-20 00:00:00-04:00,82.37826538085938,84.74430847167969,-0.8305529314857766,11.993631552970882,1.181,False,False,0.0,False,False,0.0,0.0,0.005326587410428296,0.0,4.649768546443191
2019-09-23 00:00:00-04:00,82.60685729980469,86.40375518798828,-0.8372220197164093,10.267730870234956,0.591,False,False,0.0,False,False,0.0,0.0,-0.0111387248716969,-0.0,4.649768546443191
2019-09-24 00:00:00-04:00,83.52120971679688,85.67247772216797,-0.8445380523490672,11.167542241398294,0.851,False,False,0.0,False,False,0.0,0.0,0.005772651676599946,0.0,4.649768546443191
2019-09-25 00:00:00-04:00,83.82891082763672,84.9505615234375,-0.8522416511414596,11.430504009508198,0.893,False,False,0.0,False,False,0.0,0.0,0.001683199661061526,0.0,4.649768546443191
2019-09-26 00:00:00-04:00,84.31244659423828,83.40362548828125,-0.8610494827618423,12.497798007091305,1.168,False,False,0.0,False,False,0.0,0.0,0.006836058765732796,0.0,4.649768546443191
2019-09-27 00:00:00-04:00,83.40692138671875,83.45051574707031,-0.8686014056141511,10.921686109587625,0.625,False,False,0.0,False,False,0.0,0.0,-0.01011027065910858,-0.0,4.649768546443191
2019-09-30 00:00:00-04:00,83.60912322998047,84.79118347167969,-0.8745883870596618,9.451738840604278,0.162,False,False,0.0,False,False,0.0,0.0,-0.009317232733134269,-0.0,4.649768546443191
2019-10-01 00:00:00-04:00,83.68827056884766,84.19116973876953,-0.8804373888913344,9.563216916338277,0.194,False,False,0.0,False,False,0.0,0.0,0.0007063920380869346,0.0,4.649768546443191
2019-10-02 00:00:00-04:00,82.9145736694336,84.91307067871094,-0.884595830479163,7.80082539386342,-0.348,False,False,0.0,False,True,0.0,0.0,-0.011152377629423895,-0.0,4.649768546443191
2019-10-03 00:00:00-04:00,83.3541488647461,87.34130096435547,-0.886659556978398,5.912149645773738,-0.905,False,False,0.0,False,False,0.0,0.0,-0.01174577731244124,-0.0,4.649768546443191
2019-10-04 00:00:00-04:00,84.470703125,87.29443359375,-0.8892625001898443,6.843036854765543,-0.569,False,False,0.0,False,False,0.0,0.0,0.0057427302474714025,0.0,4.649768546443191
2019-10-07 00:00:00-04:00,83.7146224975586,86.30062866210938,-0.8918646325999418,6.746144022682415,-0.567,False,False,0.0,False,False,0.0,0.0,-0.0006030057392267413,-0.0,4.649768546443191
2019-10-08 00:00:00-04:00,82.79148864746094,86.31937408447266,-0.8934306434704237,5.671114715206315,-0.866,False,False,0.0,False,False,0.0,0.0,-0.0067226363956595266,-0.0,4.649768546443191
2019-10-09 00:00:00-04:00,83.42449188232422,87.18191528320312,-0.8945890402035498,5.43250596601635,-0.892,False,False,0.0,False,False,0.0,0.0,-0.0014782180384807437,-0.0,4.649768546443191
2019-10-10 00:00:00-04:00,83.65310668945312,87.30378723144531,-0.8956992696751334,5.455168226374326,-0.837,False,False,0.0,False,False,0.0,0.0,0.0001400192401390932,0.0,4.649768546443191
2019-10-11 00:00:00-04:00,82.47496795654297,88.41946411132812,-0.894768695586128,3.359999389225436,-1.409,False,False,0.0,False,False,0.0,0.0,-0.012965961137310774,-0.0,4.649768546443191
2019-10-14 00:00:00-04:00,81.51668548583984,87.89445495605469,-0.8931497566406351,3.01377443177833,-1.421,False,False,0.0,False,False,0.0,0.0,-0.0021636409848138425,-0.0,4.649768546443191
2019-10-15 00:00:00-04:00,81.03314208984375,87.93194580078125,-0.8910865750234425,2.6781656710786166,-1.427,False,False,0.0,False,False,0.0,0.0,-0.00210560714211321,-0.0,4.649768546443191
2019-10-16 00:00:00-04:00,81.55186462402344,87.61317443847656,-0.8898319764934471,3.5908604465686835,-1.087,False,False,0.0,False,False,0.0,0.0,0.0057217626536825794,0.0,4.649768546443191
2019-10-17 00:00:00-04:00,81.67494201660156,87.09754943847656,-0.88932412665562,4.216989928383711,-0.863,False,False,0.0,False,False,0.0,0.0,0.003934632656165995,0.0,4.649768546443191
2019-10-18 00:00:00-04:00,81.72769165039062,87.4913101196289,-0.8887089230197726,3.9733836603862898,-0.887,False,False,0.0,False,False,0.0,0.0,-0.0015274844091917109,-0.0,4.649768546443191
2019-10-21 00:00:00-04:00,82.000244140625,86.666259765625,-0.8890237290232551,4.951882703290963,-0.558,False,False,0.0,False,False,0.0,0.0,0.006152201330838158,0.0,4.649768546443191
2019-10-22 00:00:00-04:00,82.017822265625,88.26007843017578,-0.8882114408660984,3.6242108322037154,-0.898,False,False,0.0,False,False,0.0,0.0,-0.008276666073430531,-0.0,4.649768546443191
2019-10-23 00:00:00-04:00,81.89470672607422,89.17887115478516,-0.8864444914842214,2.8425876341337926,-1.085,False,False,0.0,False,False,0.0,0.0,-0.004856406419308435,-0.0,4.649768546443191
2019-10-24 00:00:00-04:00,82.65082550048828,91.8790054321289,-0.8832091776842068,1.502444666334938,-1.43,False,False,0.0,False,False,0.0,0.0,-0.00818162064266016,-0.0,4.649768546443191
2019-10-25 00:00:00-04:00,82.45740509033203,90.4351806640625,-0.8809781025413526,2.7859912259218333,-1.075,False,False,0.0,False,False,0.0,0.0,0.007916831614897493,0.0,4.649768546443191
2019-10-28 00:00:00-04:00,81.34966278076172,89.7320327758789,-0.878654171888214,2.506237830225757,-1.232,False,False,0.0,False,False,0.0,0.0,-0.0017463512293696773,-0.0,4.649768546443191
2019-10-29 00:00:00-04:00,81.27053833007812,89.49764251708984,-0.8766156068874463,2.8155081199636953,-1.143,False,False,0.0,False,False,0.0,0.0,0.0019362603781254656,0.0,4.649768546443191
2019-10-30 00:00:00-04:00,82.45740509033203,90.9508285522461,-0.8747089554327426,2.901900851654389,-1.07,False,False,0.0,False,False,0.0,0.0,0.0005332459743393087,0.0,4.649768546443191
2019-10-31 00:00:00-04:00,82.99369812011719,89.08509826660156,-0.874899413750502,5.053197872761629,-0.413,False,False,0.0,False,False,0.0,0.0,0.013367556696650811,0.0,4.649768546443191
2019-11-01 00:00:00-04:00,82.22882080078125,89.79765319824219,-0.8741738605308995,3.730059637859,-0.762,False,False,0.0,False,False,0.0,0.0,-0.00823217906184533,-0.0,4.649768546443191
2019-11-04 00:00:00-05:00,80.56718444824219,90.56644439697266,-0.8712997741945537,1.6566618955563115,-1.287,False,False,0.0,False,False,0.0,0.0,-0.013001176034532668,-0.0,4.649768546443191
2019-11-05 00:00:00-05:00,80.0045394897461,91.47586059570312,-0.8671285391002193,0.6832101284587253,-1.469,False,False,0.0,False,False,0.0,0.0,-0.00610981615300491,-0.0,4.649768546443191
2019-11-06 00:00:00-05:00,80.18914794921875,89.93830108642578,-0.8644371164089192,2.443142303351678,-0.916,False,False,0.0,False,False,0.0,0.0,0.011143384704617867,0.0,4.649768546443191
2019-11-07 00:00:00-05:00,78.13190460205078,88.9726333618164,-0.8611111318029359,1.5165795883694102,-1.139,False,False,0.0,False,False,0.0,0.0,-0.005987588387094912,-0.0,4.649768546443191
2019-11-08 00:00:00-05:00,77.21753692626953,88.89761352539062,-0.8571968903664129,1.0147790513095174,-1.225,False,False,0.0,False,False,0.0,0.0,-0.0032707572209401807,-0.0,4.649768546443191
2019-11-11 00:00:00-05:00,76.61092376708984,90.42581176757812,-0.8518084562015121,-0.41454735541940124,-1.59,True,False,1.0,False,False,0.0,1.0,-0.009303306080281381,-0.0,4.649768546443191
2019-11-12 00:00:00-05:00,76.64610290527344,90.59456634521484,-0.8465302656586331,-0.044939410169945404,-1.428,False,False,1.0,False,False,0.0,1.0,0.0024104266759201374,0.0024104266759201374,4.652178973119112
2019-11-13 00:00:00-05:00,77.7348403930664,90.87582397460938,-0.8424444935429996,1.1770028894738402,-1.026,False,False,1.0,False,False,0.0,1.0,0.007919638937514645,0.007919638937514645,4.660098612056626
2019-11-14 00:00:00-05:00,78.0003890991211,91.46647644042969,-0.8386707450801635,1.290131152968712,-0.971,False,False,1.0,False,False,0.0,1.0,0.0007312248100272422,0.0007312248100272422,4.660829836866654
2019-11-15 00:00:00-05:00,77.95613861083984,92.33837890625,-0.834573931615229,0.8929346880740496,-1.107,False,False,1.0,False,False,0.0,1.0,-0.0025622380949561615,-0.0025622380949561615,4.6582675987716975
2019-11-18 00:00:00-05:00,77.84989929199219,91.6915054321289,-0.8311467886852022,1.640799002366478,-0.765,False,False,1.0,False,False,0.0,1.0,0.004854401990947775,0.004854401990947775,4.663122000762645
2019-11-19 00:00:00-05:00,78.00923919677734,90.51019287109375,-0.8290999852886871,2.9672396188772865,-0.055,False,False,1.0,False,False,0.0,1.0,0.00866664410644594,0.00866664410644594,4.671788644869091
2019-11-20 00:00:00-05:00,78.07121276855469,90.8102035522461,-0.8272636048120685,2.947236424205869,-0.02,False,False,1.0,False,False,0.0,1.0,-0.00013057325616586737,-0.00013057325616586737,4.671658071612924
2019-11-21 00:00:00-05:00,78.186279296875,90.75395202636719,-0.8257476171591327,3.246419663328055,0.218,False,True,0.0,False,False,0.0,0.0,0.001953835192423485,0.001953835192423485,4.673611906805348
2019-11-22 00:00:00-05:00,78.36329650878906,91.46907806396484,-0.8240401885553861,2.9891001739721474,0.143,False,False,0.0,False,False,0.0,0.0,-0.0016737588508593249,-0.0,4.673611906805348
2019-11-25 00:00:00-05:00,77.98265838623047,90.05765533447266,-0.823125015498288,3.8539494433031933,0.773,False,True,0.0,False,False,0.0,0.0,0.005685632076790001,0.0,4.673611906805348
2019-11-26 00:00:00-05:00,78.80587005615234,90.2364273071289,-0.8229937050529437,4.541858415917702,1.296,False,False,0.0,False,False,0.0,0.0,0.004494084433794564,0.0,4.673611906805348
2019-11-27 00:00:00-05:00,78.87670135498047,89.85064697265625,-0.82333218782097,4.899771605853786,1.59,False,False,0.0,True,False,-1.0,-1.0,0.002341541953244888,0.0,4.673611906805348
2019-11-29 00:00:00-05:00,78.46952819824219,88.86266326904297,-0.824071738949749,5.240318750415952,1.716,False,False,0.0,False,False,-1.0,-1.0,0.002244891090370861,-0.002244891090370861,4.671367015714977
2019-12-02 00:00:00-05:00,77.5135498046875,90.12353515625,-0.8230686070983293,3.3356972568554966,0.408,False,False,0.0,False,False,-1.0,-1.0,-0.01255589614192014,0.01255589614192014,4.683922911856897
2019-12-03 00:00:00-05:00,78.13317108154297,89.06025695800781,-0.8231865308217904,4.8199671221833,1.338,False,False,0.0,False,False,-1.0,-1.0,0.009800629859426691,-0.009800629859426691,4.67412228199747
2019-12-04 00:00:00-05:00,78.85900115966797,90.06704711914062,-0.8233771060592617,4.699856551406796,1.213,False,False,0.0,False,False,-1.0,-1.0,-0.0007849433161911807,0.0007849433161911807,4.674907225313662
2019-12-05 00:00:00-05:00,79.17764282226562,90.74454498291016,-0.8233541100856662,4.462748742732927,1.049,False,False,0.0,False,False,-1.0,-1.0,-0.001540736240024245,0.001540736240024245,4.676447961553686
2019-12-06 00:00:00-05:00,78.84130096435547,91.74192810058594,-0.8222863927011763,3.4031618470739744,0.377,False,False,0.0,False,False,-1.0,-1.0,-0.00686797213613345,0.00686797213613345,4.683315933689819
2019-12-09 00:00:00-05:00,78.57575225830078,91.77015686035156,-0.8208932106754593,3.2422535490162545,0.315,False,False,0.0,False,False,-1.0,-1.0,-0.0010454751553017996,0.0010454751553017996,4.684361408845121
2019-12-10 00:00:00-05:00,78.94751739501953,91.45965576171875,-0.8201113081242926,3.940419467678879,0.773,False,False,0.0,False,False,-1.0,-1.0,0.004534881381767993,-0.004534881381767993,4.679826527463353
2019-12-11 00:00:00-05:00,79.24846649169922,91.2996826171875,-0.8198630480572586,4.395230414511559,1.028,False,False,0.0,False,False,-1.0,-1.0,0.00295136873409539,-0.00295136873409539,4.676875158729258
2019-12-12 00:00:00-05:00,78.5845947265625,92.46644592285156,-0.8183020204963267,2.91911519977873,0.033,False,False,0.0,False,False,-1.0,-1.0,-0.009569624013978758,0.009569624013978758,4.686444782743237
2019-12-13 00:00:00-05:00,78.93866729736328,89.32371520996094,-0.8192203879606099,5.762858668976051,1.769,False,True,0.0,True,False,-1.0,-1.0,0.018694759008901933,-0.018694759008901933,4.667750023734335
2019-12-16 00:00:00-05:00,80.22212982177734,88.18516540527344,-0.8223808933633168,7.700334714396718,2.58,False,False,0.0,False,False,-1.0,-1.0,0.01268447204246755,-0.01268447204246755,4.655065551691868
2019-12-17 00:00:00-05:00,80.62931060791016,87.93112182617188,-0.8261855220874645,7.981890814217891,2.403,False,False,0.0,False,False,-1.0,-1.0,0.0018369135294278834,-0.0018369135294278834,4.653228638162439
2019-12-18 00:00:00-05:00,81.13386535644531,87.6112060546875,-0.830477503407379,8.374729681638982,2.304,False,False,0.0,False,False,-1.0,-1.0,0.002552675331487723,-0.002552675331487723,4.6506759628309515
2019-12-19 00:00:00-05:00,81.59415435791016,86.38797760009766,-0.8358212589975804,9.389246157941756,2.467,False,False,0.0,False,False,-1.0,-1.0,0.0065963762030147935,-0.0065963762030147935,4.644079586627937
2019-12-20 00:00:00-05:00,82.18721008300781,86.72669982910156,-0.841208982362012,9.231931176153608,2.156,False,False,0.0,False,False,-1.0,-1.0,-0.0010140032096457286,0.0010140032096457286,4.6450935898375825
2019-12-23 00:00:00-05:00,80.97453308105469,86.69849395751953,-0.845154340459093,7.700924601590614,1.454,False,False,0.0,False,False,-1.0,-1.0,-0.009925607913806265,0.009925607913806265,4.655019197751388
2019-12-24 00:00:00-05:00,81.09845733642578,88.03462219238281,-0.8476905116002581,6.472343411629353,0.93,False,False,0.0,False,False,-1.0,-1.0,-0.007889449815214849,0.007889449815214849,4.662908647566603
2019-12-26 00:00:00-05:00,81.21353149414062,87.01840209960938,-0.8506751317667803,7.189140821920745,1.135,False,False,0.0,False,False,-1.0,-1.0,0.004617411778568105,-0.004617411778568105,4.658291235788035
2019-12-27 00:00:00-05:00,81.70921325683594,86.84903717041016,-0.8540716970120789,7.533908696838623,1.192,False,False,0.0,False,False,-1.0,-1.0,0.0022116877272121754,-0.0022116877272121754,4.6560795480608235
2019-12-30 00:00:00-05:00,81.58529663085938,87.41360473632812,-0.8567383997210782,6.694704795206746,0.824,False,False,0.0,False,False,-1.0,-1.0,-0.005363151536356206,0.005363151536356206,4.661442699597179
2019-12-31 00:00:00-05:00,81.6384048461914,87.92169952392578,-0.8587458577278281,6.136009575629387,0.567,False,False,0.0,False,False,-1.0,-1.0,-0.0035553797560038914,0.0035553797560038914,4.664998079353183
2020-01-02 00:00:00-05:00,80.25755310058594,87.6112060546875,-0.8595037891705098,4.955389522783719,0.031,False,False,0.0,False,False,-1.0,-1.0,-0.007589497320096955,0.007589497320096955,4.67258757667328
2020-01-03 00:00:00-05:00,80.76207733154297,86.52912139892578,-0.8612816262323383,6.2361349366207435,0.538,False,True,0.0,False,False,-1.0,-1.0,0.008247548111522165,-0.008247548111522165,4.6643400285617584
2020-01-06 00:00:00-05:00,80.82406616210938,86.23741912841797,-0.8633655691000076,6.3696477185869185,0.553,False,False,0.0,False,False,-1.0,-1.0,0.0008598279555938723,-0.0008598279555938723,4.663480200606164
2020-01-07 00:00:00-05:00,80.51424407958984,84.69428253173828,-0.8662539527893341,7.1474870578148995,0.876,False,False,0.0,False,False,-1.0,-1.0,0.00505481075415932,-0.00505481075415932,4.658425389852004
2020-01-08 00:00:00-05:00,80.6204605102539,86.29386138916016,-0.867915359869881,5.724692748119338,0.124,False,False,0.0,False,False,-1.0,-1.0,-0.009148847843734485,0.009148847843734485,4.667574237695739
2020-01-09 00:00:00-05:00,81.42597198486328,85.44703674316406,-0.8706324504471469,7.033009001714959,0.755,False,True,0.0,False,False,-1.0,-1.0,0.008396388114603706,-0.008396388114603706,4.659177849581136
2020-01-10 00:00:00-05:00,81.91280364990234,85.87984466552734,-0.8734137888649927,6.904163133447085,0.642,False,False,0.0,False,False,-1.0,-1.0,-0.0008210851547560315,0.0008210851547560315,4.659998934735891
2020-01-13 00:00:00-05:00,82.89533233642578,85.05182647705078,-0.8775254536398178,8.260189724256719,1.3,False,False,0.0,False,False,-1.0,-1.0,0.008608027057952635,-0.008608027057952635,4.651390907677939
2020-01-14 00:00:00-05:00,83.16085815429688,84.85424041748047,-0.8819393958278767,8.324560627070753,1.267,False,False,0.0,False,False,-1.0,-1.0,0.0004074181116512431,-0.0004074181116512431,4.650983489566288
2020-01-15 00:00:00-05:00,84.23191833496094,85.05182647705078,-0.8868798219505453,8.801169612425468,1.435,False,False,0.0,False,False,-1.0,-1.0,0.0029850997364530008,-0.0029850997364530008,4.6479983898298345
2020-01-16 00:00:00-05:00,85.12593078613281,85.71049499511719,-0.8918123682223307,8.68825126302913,1.288,False,False,0.0,False,False,-1.0,-1.0,-0.0006989095451643463,0.0006989095451643463,4.648697299374999
2020-01-17 00:00:00-05:00,85.34720611572266,87.31009674072266,-0.8952775623149761,7.180435540203732,0.444,False,False,0.0,False,False,-1.0,-1.0,-0.009221326233613417,0.009221326233613417,4.6579186256086125
2020-01-21 00:00:00-05:00,86.45368957519531,88.1098861694336,-0.8985803145842691,7.27988034308153,0.466,False,False,0.0,False,False,-1.0,-1.0,0.0006004123928327391,-0.0006004123928327391,4.657318213215779
2020-01-22 00:00:00-05:00,86.94937133789062,87.3853759765625,-0.9026233761203648,8.073288250378354,0.85,False,False,0.0,False,False,-1.0,-1.0,0.004784596611214122,-0.004784596611214122,4.652533616604566
2020-01-23 00:00:00-05:00,87.3653793334961,88.12872314453125,-0.9062362385781927,7.4999367602971745,0.489,False,False,0.0,False,False,-1.0,-1.0,-0.0034285036905521895,0.0034285036905521895,4.6559621202951185
2020-01-24 00:00:00-05:00,87.59554290771484,88.04403686523438,-0.9097653675203832,7.496127351036733,0.447,False,False,0.0,False,False,-1.0,-1.0,-2.2716301642722933e-05,2.2716301642722933e-05,4.655984836596761
2020-01-27 00:00:00-05:00,87.18833923339844,88.43922424316406,-0.9123101280493683,6.504339239530637,-0.164,False,False,0.0,False,False,-1.0,-1.0,-0.0059079900600146505,0.0059079900600146505,4.661892826656775
2020-01-28 00:00:00-05:00,87.18833923339844,89.38016510009766,-0.9137215209004823,5.519758839801,-0.829,False,False,0.0,False,True,0.0,0.0,-0.005830856099380295,0.005830856099380295,4.667723682756156
2020-01-29 00:00:00-05:00,87.35652923583984,89.40839385986328,-0.9149631629921926,5.551142391767598,-0.917,False,False,0.0,False,False,0.0,0.0,0.00018552374372357545,0.0,4.667723682756156
2020-01-30 00:00:00-05:00,89.0560531616211,88.2886734008789,-0.9185126020601081,7.961794023744758,0.668,False,True,0.0,False,False,0.0,0.0,0.014167776711064433,0.0,4.667723682756156
2020-01-31 00:00:00-05:00,88.41873168945312,87.46064758300781,-0.9222589999445246,7.757362315047828,0.476,False,False,0.0,False,False,0.0,0.0,-0.0012090820114882708,-0.0,4.667723682756156
2020-02-03 00:00:00-05:00,89.30389404296875,88.83442687988281,-0.925402147527816,7.09632463392245,-0.142,False,False,0.0,False,False,0.0,0.0,-0.003854189497428676,-0.0,4.667723682756156
2020-02-04 00:00:00-05:00,88.19744873046875,85.71989440917969,-0.929785673513268,8.4963189737434,1.078,False,True,0.0,False,False,0.0,0.0,0.008338333489391213,0.0,4.667723682756156
2020-02-05 00:00:00-05:00,88.52495574951172,88.42041015625,-0.9320835075635133,6.109749710869721,-1.07,False,False,0.0,False,True,0.0,0.0,-0.013961430935296266,-0.0,4.667723682756156
2020-02-06 00:00:00-05:00,88.42757415771484,90.88567352294922,-0.9317238829792599,3.74722151572729,-2.737,True,False,1.0,False,False,0.0,1.0,-0.013647718153750616,-0.0,4.667723682756156
2020-02-07 00:00:00-05:00,88.29481506347656,90.84803009033203,-0.9308845622913112,3.7257863378099643,-2.426,False,False,1.0,False,False,0.0,1.0,-0.00012400035454187836,-0.00012400035454187836,4.6675996824016135
2020-02-10 00:00:00-05:00,88.6400146484375,91.77015686035156,-0.9295831958548569,3.3320189500903723,-2.448,False,False,1.0,False,False,0.0,1.0,-0.0022637073395353766,-0.0022637073395353766,4.665335975062078
2020-02-11 00:00:00-05:00,88.6843032836914,91.80780792236328,-0.9283271181984771,3.45662552700459,-2.168,False,False,1.0,False,False,0.0,1.0,0.0007164921943203386,0.0007164921943203386,4.6660524672563986
2020-02-12 00:00:00-05:00,89.17996215820312,92.71111297607422,-0.926880470786697,3.2478421157807986,-2.08,False,False,1.0,False,False,0.0,1.0,-0.0011922844420557389,-0.0011922844420557389,4.664860182814342
2020-02-13 00:00:00-05:00,90.15357208251953,92.45704650878906,-0.9265933369647898,4.483488832031895,-1.233,False,False,1.0,False,False,0.0,1.0,0.007027761502914962,0.007027761502914962,4.671887944317257
2020-02-14 00:00:00-05:00,90.7414779663086,92.37237548828125,-0.927096020117587,5.103416282315706,-0.808,False,False,1.0,False,False,0.0,1.0,0.003514735617934533,0.003514735617934533,4.675402679935193
2020-02-18 00:00:00-05:00,91.64112854003906,92.05243682861328,-0.9287290633261999,6.14935510730686,-0.144,False,False,1.0,False,False,0.0,1.0,0.005904825209446041,0.005904825209446041,4.6813075051446384
2020-02-19 00:00:00-05:00,91.22247314453125,92.81461334228516,-0.9294132052924566,4.959345860097997,-0.837,False,False,1.0,False,True,0.0,1.0,-0.006704821373298637,-0.006704821373298637,4.67460268377134
2020-02-20 00:00:00-05:00,91.20465850830078,93.15335083007812,-0.9296040437627088,4.608926886613872,-1.007,False,False,1.0,False,False,0.0,1.0,-0.0019708560438362237,-0.0019708560438362237,4.672631827727503
2020-02-21 00:00:00-05:00,91.30265045166016,94.22037506103516,-0.9289237274042959,3.7791084525326255,-1.449,False,False,1.0,False,False,0.0,1.0,-0.004640362928431806,-0.004640362928431806,4.667991464799071
2020-02-24 00:00:00-05:00,90.69693756103516,91.08538055419922,-0.930177792987694,5.971339303685909,-0.16,False,False,1.0,False,False,0.0,1.0,0.012496859887049563,0.012496859887049563,4.680488324686121
2020-02-25 00:00:00-05:00,89.44096374511719,87.95980834960938,-0.9330656179768455,7.368690810264027,0.636,False,True,0.0,False,False,0.0,0.0,0.008147193380680361,0.008147193380680361,4.688635518066802
2020-02-26 00:00:00-05:00,89.33407592773438,86.39229583740234,-0.9371728460928127,8.369562157303761,1.176,False,False,0.0,False,False,0.0,0.0,0.005877155816813664,0.0,4.688635518066802
2020-02-27 00:00:00-05:00,85.12078857421875,85.39136505126953,-0.9383002398064199,4.998050269215014,-0.733,False,False,0.0,False,True,0.0,0.0,-0.020403291746205626,-0.0,4.688635518066802
2020-02-28 00:00:00-05:00,82.24363708496094,83.57833099365234,-0.9378527867709895,3.8594664488959296,-1.294,False,False,0.0,False,False,0.0,0.0,-0.007088335677820781,-0.0,4.688635518066802
2020-03-02 00:00:00-05:00,87.0180892944336,86.38286590576172,-0.9390849147498691,5.89724302947198,-0.149,False,False,0.0,False,False,0.0,0.0,0.01211959962632334,0.0,4.688635518066802
2020-03-03 00:00:00-05:00,86.92012023925781,87.95035552978516,-0.9390993564704503,4.325997959889264,-0.964,False,False,0.0,False,True,0.0,0.0,-0.009269103564616797,-0.0,4.688635518066802
2020-03-04 00:00:00-05:00,92.8258285522461,90.98149108886719,-0.9416282602660905,7.155085381821266,0.649,False,True,0.0,False,False,0.0,0.0,0.015849533661226493,0.0,4.688635518066802
2020-03-05 00:00:00-05:00,92.73676300048828,88.43194580078125,-0.9463885386515389,9.045783043974822,1.71,False,False,0.0,True,False,-1.0,-1.0,0.010716555290368078,0.0,4.688635518066802
2020-03-06 00:00:00-05:00,93.2801284790039,86.38286590576172,-0.9533272262160111,10.928990532474458,2.539,False,False,0.0,False,False,-1.0,-1.0,0.01072250702751782,-0.01072250702751782,4.6779130110392835
2020-03-09 00:00:00-04:00,91.18684387207031,76.33567810058594,-0.9667625648255708,17.38836792384869,4.051,False,False,0.0,False,False,-1.0,-1.0,0.03915122508117706,-0.03915122508117706,4.638761785958106
2020-03-10 00:00:00-04:00,90.90179443359375,82.10525512695312,-0.9751854961817332,10.83394047348817,1.541,False,False,0.0,False,False,-1.0,-1.0,-0.03833678966963395,0.03833678966963395,4.67709857562774
2020-03-11 00:00:00-04:00,86.80431365966797,78.65863037109375,-0.9815521820867318,9.596763378967225,1.071,False,False,0.0,False,False,-1.0,-1.0,-0.007543217086849014,0.007543217086849014,4.68464179271459
2020-03-12 00:00:00-04:00,81.62902069091797,72.24696350097656,-0.9881958323316292,10.234872460637604,1.238,False,False,0.0,False,False,-1.0,-1.0,0.004170016123499463,-0.004170016123499463,4.68047177659109
2020-03-13 00:00:00-04:00,88.5591049194336,71.96366882324219,-1.0011220981791744,16.514685794438137,2.852,False,False,0.0,True,False,-1.0,-1.0,0.039101342085515495,-0.039101342085515495,4.641370434505575
2020-03-16 00:00:00-04:00,82.55541229248047,63.60679626464844,-1.0166047844824748,17.892438884236853,2.76,False,False,0.0,False,False,-1.0,-1.0,0.009358566752657579,-0.009358566752657579,4.632011867752917
2020-03-17 00:00:00-04:00,91.26701354980469,66.64738464355469,-1.0371386337058428,22.144436100520608,3.123,False,False,0.0,False,False,-1.0,-1.0,0.02651043119318081,-0.02651043119318081,4.605501436559736
2020-03-18 00:00:00-04:00,93.11087799072266,68.46984100341797,-1.057497118827469,20.704218403033252,2.455,False,False,0.0,False,False,-1.0,-1.0,-0.008701299684361657,0.008701299684361657,4.614202736244097
2020-03-19 00:00:00-04:00,80.53337097167969,72.13365173339844,-1.060941341822386,4.003797711099267,-0.781,False,False,0.0,False,True,0.0,0.0,-0.10632947684488767,0.10632947684488767,4.720532213088985
2020-03-20 00:00:00-04:00,65.99622344970703,71.6803970336914,-1.0474756985370495,-9.087250504571927,-2.8,True,False,1.0,False,False,0.0,1.0,-0.0927918648576668,-0.0,4.720532213088985
2020-03-23 00:00:00-04:00,63.145809173583984,73.71060180664062,-1.0268728540730594,-12.545606879043888,-2.841,False,False,1.0,False,False,0.0,1.0,-0.024909431666018625,-0.024909431666018625,4.695622781422967
2020-03-24 00:00:00-04:00,71.4476547241211,75.56139373779297,-1.0125412907207583,-5.061376419803224,-1.623,False,False,1.0,False,False,0.0,1.0,0.05058392877166393,0.05058392877166393,4.746206710194631
2020-03-25 00:00:00-04:00,71.91975402832031,72.6435546875,-1.0037639206549547,-0.9972252351172983,-1.01,False,False,1.0,False,False,0.0,1.0,0.028060224035149517,0.028060224035149517,4.7742669342297805
2020-03-26 00:00:00-04:00,77.29102325439453,78.82861328125,-0.9958162938371334,-1.2077942716604753,-1.005,False,False,1.0,False,False,0.0,1.0,-0.0013516223874952555,-0.0013516223874952555,4.772915311842285
2020-03-27 00:00:00-04:00,79.33978271484375,78.46975708007812,-0.9910026428729987,1.5760460628841315,-0.617,False,False,1.0,False,False,0.0,1.0,0.01771978339991818,0.01771978339991818,4.790635095242203
2020-03-30 00:00:00-04:00,81.8517074584961,80.78327941894531,-0.9873717778391953,2.0885772389315918,-0.541,False,False,1.0,False,False,0.0,1.0,0.0031713126307649467,0.0031713126307649467,4.793806407872968
2020-03-31 00:00:00-04:00,78.50245666503906,79.83897399902344,-0.9819130933141519,0.10752273862981099,-0.789,False,False,1.0,False,False,0.0,1.0,-0.01262643370188566,-0.01262643370188566,4.781179974171083
2020-04-01 00:00:00-04:00,74.39607238769531,79.31963348388672,-0.9730574458803258,-2.7864875782990737,-1.131,False,False,1.0,False,False,0.0,1.0,-0.01909246885257597,-0.01909246885257597,4.762087505318506
2020-04-02 00:00:00-04:00,78.39556884765625,79.46126556396484,-0.9679980892673131,1.4772156109757333,-0.557,False,False,1.0,False,False,0.0,1.0,0.02745216354113819,0.02745216354113819,4.7895396688596446
2020-04-03 00:00:00-04:00,75.93706512451172,75.07035827636719,-0.9657752814481104,3.4359687317427188,-0.295,False,False,1.0,False,False,0.0,1.0,0.013195751690436784,0.013195751690436784,4.802735420550082
2020-04-06 00:00:00-04:00,81.308349609375,83.0589828491211,-0.9619696699946393,1.4081272879155762,-0.539,False,False,1.0,False,False,0.0,1.0,-0.012578992664839039,-0.012578992664839039,4.790156427885242
2020-04-07 00:00:00-04:00,78.17288970947266,81.6708755493164,-0.9564541841490618,0.058439067211679685,-0.69,False,False,1.0,False,False,0.0,1.0,-0.008635940810473489,-0.008635940810473489,4.7815204870747685
2020-04-08 00:00:00-04:00,82.12783813476562,85.64630889892578,-0.9512224889762106,0.6591430123040709,-0.595,False,False,1.0,False,False,0.0,1.0,0.0036718623135362435,0.0036718623135362435,4.785192349388305
2020-04-09 00:00:00-04:00,87.49020385742188,83.31394958496094,-0.9537628406085135,8.028454638955054,0.333,False,True,0.0,False,False,0.0,0.0,0.04414031396985953,0.04414031396985953,4.829332663358165
2020-04-13 00:00:00-04:00,84.63976287841797,84.6737060546875,-0.9535432975438566,3.899717991772036,-0.187,False,False,0.0,False,False,0.0,0.0,-0.02496517986674794,-0.0,4.829332663358165
2020-04-14 00:00:00-04:00,88.47895050048828,87.78038787841797,-0.9536779895540616,4.764726666322915,-0.067,False,False,0.0,False,False,0.0,0.0,0.005023478299260303,0.0,4.829332663358165
2020-04-15 00:00:00-04:00,86.30549621582031,85.68408966064453,-0.9536992185332648,4.58864686572943,-0.075,False,False,0.0,False,False,0.0,0.0,-0.0010479546634135789,-0.0,4.829332663358165
2020-04-16 00:00:00-04:00,88.14936828613281,86.11844635009766,-0.9550436602682573,5.902492067320011,0.09,False,False,0.0,False,False,0.0,0.0,0.007710529098852574,0.0,4.829332663358165
2020-04-17 00:00:00-04:00,89.37860870361328,87.55374145507812,-0.9563729053602285,5.644582613061942,0.05,False,False,0.0,False,False,0.0,0.0,-0.0014898361091016266,-0.0,4.829332663358165
2020-04-20 00:00:00-04:00,85.40582275390625,88.22418975830078,-0.9532804334670926,1.3034288988302478,-0.488,False,False,0.0,False,True,0.0,0.0,-0.025610284864513503,-0.0,4.829332663358165
2020-04-21 00:00:00-04:00,84.74666595458984,87.94091033935547,-0.949334261269498,1.261346802210653,-0.48,False,False,0.0,False,False,0.0,0.0,-0.0002501432566038922,-0.0,4.829332663358165
2020-04-22 00:00:00-04:00,85.8690185546875,90.11276245117188,-0.9447134989575392,0.738275438711355,-0.521,False,False,0.0,False,False,0.0,0.0,-0.003058901125878207,-0.0,4.829332663358165
2020-04-23 00:00:00-04:00,84.07859802246094,89.78226470947266,-0.9390283957939026,-0.22949797841869213,-0.609,False,False,0.0,False,False,0.0,0.0,-0.005747327143294952,-0.0,4.829332663358165
2020-04-24 00:00:00-04:00,83.52632141113281,96.29780578613281,-0.9275695622101693,-5.796592143710313,-1.235,False,False,0.0,False,False,0.0,0.0,-0.032207803328649164,-0.0,4.829332663358165
2020-04-27 00:00:00-04:00,81.52213287353516,97.34595489501953,-0.9135803442319692,-7.41121810904653,-1.367,False,False,0.0,False,False,0.0,0.0,-0.009472420181559768,-0.0,4.829332663358165
2020-04-28 00:00:00-04:00,84.38146209716797,97.20431518554688,-0.9032270218889571,-3.4161020226290617,-0.809,False,False,0.0,False,False,0.0,0.0,0.023203267983309253,0.0,4.829332663358165
2020-04-29 00:00:00-04:00,83.1165771484375,95.48572540283203,-0.8946876661555909,-2.313323663395906,-0.627,False,False,0.0,False,False,0.0,0.0,0.00654287394538792,0.0,4.829332663358165
2020-04-30 00:00:00-04:00,80.6580810546875,95.77845764160156,-0.8847969740409231,-4.086408444908287,-0.805,False,False,0.0,False,False,0.0,0.0,-0.0107198139398352,-0.0,4.829332663358165
2020-05-01 00:00:00-04:00,78.7964096069336,96.40166473388672,-0.8734641426768568,-5.406987832472552,-0.931,False,False,0.0,False,False,0.0,0.0,-0.008101723624671738,-0.0,4.829332663358165
2020-05-04 00:00:00-04:00,79.24179077148438,96.732177734375,-0.8630717685938726,-4.245020945659476,-0.739,False,False,0.0,False,False,0.0,0.0,0.007140520283729939,0.0,4.829332663358165
2020-05-05 00:00:00-04:00,79.79405212402344,99.24395751953125,-0.8523552241821882,-4.797053536264187,-0.831,False,False,0.0,False,False,0.0,0.0,-0.0033581656522119214,-0.0,4.829332663358165
2020-05-06 00:00:00-04:00,75.66094970703125,99.19674682617188,-0.8390405611724382,-7.56914441648027,-1.438,False,False,0.0,False,False,0.0,0.0,-0.017446489200313376,-0.0,4.829332663358165
2020-05-07 00:00:00-04:00,75.83018493652344,99.31005859375,-0.8266244806551165,-6.2619406723643465,-1.095,False,False,0.0,False,False,0.0,0.0,0.008277511515638773,0.0,4.829332663358165
2020-05-08 00:00:00-04:00,76.32009887695312,101.23640441894531,-0.8145298898597844,-6.139978464210984,-1.117,False,False,0.0,False,False,0.0,0.0,0.0007681198689805126,0.0,4.829332663358165
2020-05-11 00:00:00-04:00,75.9994125366211,103.00221252441406,-0.8021147099696585,-6.620177288632419,-1.362,False,False,0.0,False,False,0.0,0.0,-0.0030273726178525976,-0.0,4.829332663358165
2020-05-12 00:00:00-04:00,75.72329711914062,101.72740936279297,-0.7914518662464417,-4.789050869457611,-0.937,False,False,0.0,False,False,0.0,0.0,0.011720285840738058,0.0,4.829332663358165
2020-05-13 00:00:00-04:00,76.06700897216797,100.56596374511719,-0.7830668958728104,-2.6828680881785374,-0.429,False,False,0.0,False,False,0.0,0.0,0.01360434791871951,0.0,4.829332663358165
2020-05-14 00:00:00-04:00,76.02215576171875,100.8775634765625,-0.7755013302288785,-2.2085289046035967,-0.311,False,False,0.0,False,False,0.0,0.0,0.0030750758446890297,0.0,4.829332663358165
2020-05-15 00:00:00-04:00,76.10292053222656,105.4950942993164,-0.7658101627997271,-4.686294807705494,-0.842,False,False,0.0,False,False,0.0,0.0,-0.01579279859585104,-0.0,4.829332663358165
2020-05-18 00:00:00-04:00,78.6336898803711,103.6443099975586,-0.7600102278021453,-0.13704577126958384,0.232,False,True,0.0,False,False,0.0,0.0,0.028901659029343597,0.0,4.829332663358165
2020-05-19 00:00:00-04:00,77.799072265625,102.98332214355469,-0.7549890498791628,0.04779172706290069,0.275,False,False,0.0,False,False,0.0,0.0,0.001188280804256132,0.0,4.829332663358165
2020-05-20 00:00:00-04:00,78.34651947021484,101.7840805053711,-0.7517115606031204,1.834249468968693,0.659,False,False,0.0,False,False,0.0,0.0,0.011536043565903114,0.0,4.829332663358165
2020-05-21 00:00:00-04:00,77.79008483886719,102.87944030761719,-0.7478203172730638,0.8547491471496755,0.436,False,False,0.0,False,False,0.0,0.0,-0.006330571398417358,-0.0,4.829332663358165
2020-05-22 00:00:00-04:00,77.30548095703125,105.9582290649414,-0.7419142267817039,-1.3064366308434217,-0.037,False,False,0.0,False,False,0.0,0.0,-0.013861094388197171,-0.0,4.829332663358165
2020-05-26 00:00:00-04:00,76.9016342163086,105.35195922851562,-0.7363170844419129,-0.6708132430753153,0.129,False,False,0.0,False,False,0.0,0.0,0.004114757510600082,0.0,4.829332663358165
2020-05-27 00:00:00-04:00,77.09009552001953,113.45159149169922,-0.7266123896896757,-5.345236487860916,-0.938,False,False,0.0,False,True,0.0,0.0,-0.029302057466469248,-0.0,4.829332663358165
2020-05-28 00:00:00-04:00,79.8452377319336,112.7126693725586,-0.7199892228349747,-1.30666949327032,0.029,False,False,0.0,False,False,0.0,0.0,0.025084711878995056,0.0,4.829332663358165
2020-05-29 00:00:00-04:00,82.32218170166016,115.59254455566406,-0.7147307480612671,-0.2953641389149766,0.354,False,True,0.0,False,False,0.0,0.0,0.0061313630707701,0.0,4.829332663358165
2020-06-01 00:00:00-04:00,83.57857513427734,116.1988296508789,-0.7108196150933376,0.9821677675433023,0.723,False,False,0.0,False,False,0.0,0.0,0.007687871466756456,0.0,4.829332663358165
2020-06-02 00:00:00-04:00,84.33245086669922,117.24089050292969,-0.7074745203870701,1.3875080883860278,0.888,False,False,0.0,False,False,0.0,0.0,0.0024231625804914093,0.0,4.829332663358165
2020-06-03 00:00:00-04:00,84.32344818115234,116.39777374267578,-0.7049840308489097,2.264876466201386,1.18,False,False,0.0,False,False,0.0,0.0,0.00527321629081813,0.0,4.829332663358165
2020-06-04 00:00:00-04:00,83.07601928710938,115.9335708618164,-0.7021276322526412,1.6758556793084267,1.116,False,False,0.0,False,False,0.0,0.0,-0.003581191978836873,-0.0,4.829332663358165
2020-06-05 00:00:00-04:00,83.32730102539062,115.69674682617188,-0.6998181782040939,2.3606144373587483,1.431,False,False,0.0,False,False,0.0,0.0,0.004167886895907189,0.0,4.829332663358165
2020-06-08 00:00:00-04:00,85.50808715820312,115.80097198486328,-0.6993917678324274,4.517840644996198,1.99,False,False,0.0,True,False,-1.0,-1.0,0.012956443227202543,0.0,4.829332663358165
2020-06-09 00:00:00-04:00,83.85679626464844,115.99041748046875,-0.6978705437356814,2.9105005494250378,1.461,False,False,0.0,False,False,-1.0,-1.0,-0.009753094291261673,0.009753094291261673,4.839085757649427
2020-06-10 00:00:00-04:00,84.09910583496094,114.9010009765625,-0.6971202235338467,3.9992943499169513,1.693,False,False,0.0,True,False,-1.0,-1.0,0.006630943847029021,-0.006630943847029021,4.832454813802398
2020-06-11 00:00:00-04:00,81.96319580078125,112.93057250976562,-0.6959502943476527,3.369130621760931,1.439,False,False,0.0,False,False,-1.0,-1.0,-0.003924853502796714,0.003924853502796714,4.836379667305195
2020-06-12 00:00:00-04:00,81.04779815673828,112.21058654785156,-0.6945224690760766,3.1150245310496274,1.286,False,False,0.0,False,False,-1.0,-1.0,-0.0015983468159811423,0.0015983468159811423,4.837978014121176
2020-06-15 00:00:00-04:00,81.19140625,115.07151794433594,-0.6918063940277467,1.5841943656298128,0.816,False,False,0.0,False,False,-1.0,-1.0,-0.009520169906812181,0.009520169906812181,4.847498184027988
2020-06-16 00:00:00-04:00,81.5054931640625,117.31666564941406,-0.6882639635882646,0.7606598692375712,0.547,False,False,0.0,False,False,-1.0,-1.0,-0.005075703170316374,0.005075703170316374,4.852573887198305
2020-06-17 00:00:00-04:00,81.14653015136719,118.22611236572266,-0.6842220422803764,0.25361809762316057,0.38,False,False,0.0,False,False,-1.0,-1.0,-0.0031291256296265934,0.0031291256296265934,4.855703012827931
2020-06-18 00:00:00-04:00,80.64396667480469,119.02185821533203,-0.6797222182767174,-0.2578348147377483,0.204,False,False,0.0,False,False,-1.0,-1.0,-0.003165993873888339,0.003165993873888339,4.85886900670182
2020-06-19 00:00:00-04:00,79.03754425048828,120.94493103027344,-0.6734424882393908,-2.4119110424805683,-0.454,False,False,0.0,False,True,0.0,0.0,-0.013422122875189856,0.013422122875189856,4.872291129577009
2020-06-22 00:00:00-04:00,78.84010314941406,123.2469253540039,-0.6662854582496806,-3.2775309879425976,-0.723,False,False,0.0,False,False,0.0,0.0,-0.005377933114950513,-0.0,4.872291129577009
2020-06-23 00:00:00-04:00,78.15805053710938,122.451171875,-0.659609928774783,-2.6119582217480826,-0.554,False,False,0.0,False,False,0.0,0.0,0.004187887080122456,0.0,4.872291129577009
2020-06-24 00:00:00-04:00,77.88883209228516,124.42160034179688,-0.6524800126364955,-3.29377527098346,-0.847,False,False,0.0,False,False,0.0,0.0,-0.004286231718082139,-0.0,4.872291129577009
2020-06-25 00:00:00-04:00,76.47086334228516,123.92897033691406,-0.6451923863659482,-3.487164769263245,-0.972,False,False,0.0,False,False,0.0,0.0,-0.001236277368473584,-0.0,4.872291129577009
2020-06-26 00:00:00-04:00,76.76702117919922,123.13324737548828,-0.6391521446058813,-1.9338579531306266,-0.521,False,False,0.0,False,False,0.0,0.0,0.009991173824436282,0.0,4.872291129577009
2020-06-29 00:00:00-04:00,78.05037689208984,124.67738342285156,-0.6340113941854587,-0.996504795227267,-0.27,False,False,0.0,False,False,0.0,0.0,0.005966706016257831,0.0,4.872291129577009
2020-06-30 00:00:00-04:00,78.6606216430664,124.847900390625,-0.6297999457812647,0.031420746146039846,0.071,False,False,0.0,False,False,0.0,0.0,0.006535232380416629,0.0,4.872291129577009
2020-07-01 00:00:00-04:00,80.16831970214844,125.6910171508789,-0.6267665321222404,1.3893967635750215,0.572,False,True,0.0,False,False,0.0,0.0,0.008543564486352856,0.0,4.872291129577009
2020-07-02 00:00:00-04:00,80.92215728759766,125.47315979003906,-0.6247616874406409,2.5313342486636827,0.975,False,False,0.0,False,False,0.0,0.0,0.007167887279166577,0.0,4.872291129577009
2020-07-06 00:00:00-04:00,80.71575164794922,126.71412658691406,-0.6223541404910985,1.8546903078700723,0.66,False,False,0.0,False,False,0.0,0.0,-0.004240239719816769,-0.0,4.872291129577009
2020-07-07 00:00:00-04:00,79.60293579101562,127.15937805175781,-0.6191579674997743,0.8711937279538517,0.228,False,False,0.0,False,False,0.0,0.0,-0.006211504600543789,-0.0,4.872291129577009
2020-07-08 00:00:00-04:00,79.63882446289062,128.4666748046875,-0.6156437710427135,0.5491163328148616,0.085,False,False,0.0,False,False,0.0,0.0,-0.0020291083769098115,-0.0,4.872291129577009
2020-07-09 00:00:00-04:00,78.49908447265625,130.44659423828125,-0.6107947865232012,-1.1770152077933886,-0.613,False,False,0.0,False,True,0.0,0.0,-0.010912783505517774,-0.0,4.872291129577009
2020-07-10 00:00:00-04:00,79.01960754394531,131.12864685058594,-0.6063534297502353,-0.4906972124148581,-0.303,False,False,0.0,False,False,0.0,0.0,0.004329264965960674,0.0,4.872291129577009
2020-07-13 00:00:00-04:00,78.72344970703125,128.43826293945312,-0.6032869231552344,1.2383252428856082,0.403,False,True,0.0,False,False,0.0,0.0,0.011068678300627494,0.0,4.872291129577009
2020-07-14 00:00:00-04:00,79.06446838378906,132.30335998535156,-0.5992709539925315,-0.22109237104989177,-0.228,False,False,0.0,False,True,0.0,0.0,-0.00921640256003899,-0.0,4.872291129577009
2020-07-15 00:00:00-04:00,78.4901123046875,131.8675537109375,-0.5953349102988091,-0.015245955136876432,-0.228,False,False,0.0,False,False,0.0,0.0,0.001311161495123707,0.0,4.872291129577009
2020-07-16 00:00:00-04:00,78.75933074951172,134.66220092773438,-0.5908347433457249,-0.8037761739966669,-0.612,False,False,0.0,False,False,0.0,0.0,-0.0049805335898650376,-0.0,4.872291129577009
2020-07-17 00:00:00-04:00,81.24524688720703,133.35488891601562,-0.5889124470185717,2.710892933786468,1.005,False,True,0.0,False,False,0.0,0.0,0.021996982651676836,0.0,4.872291129577009
2020-07-20 00:00:00-04:00,80.8952407836914,137.06838989257812,-0.5857047864201484,0.613628756705296,0.026,False,False,0.0,False,False,0.0,0.0,-0.013012192138685524,-0.0,4.872291129577009
2020-07-21 00:00:00-04:00,81.79266357421875,136.4336700439453,-0.5835407605510087,2.178055992009533,0.745,False,True,0.0,False,False,0.0,0.0,0.009692421066880383,0.0,4.872291129577009
2020-07-22 00:00:00-04:00,83.87474060058594,138.2620086669922,-0.5823511529434948,3.3577004450795584,1.261,False,False,0.0,False,False,0.0,0.0,0.007175811635134369,0.0,4.872291129577009
2020-07-23 00:00:00-04:00,84.17091369628906,138.3093719482422,-0.5815394773686652,3.7385538183199856,1.371,False,False,0.0,False,False,0.0,0.0,0.0023137654857672755,0.0,4.872291129577009
2020-07-24 00:00:00-04:00,83.99140167236328,138.8114776611328,-0.5805290286761071,3.4073093766507014,1.192,False,False,0.0,False,False,0.0,0.0,-0.002012720324774103,-0.0,4.872291129577009
2020-07-27 00:00:00-04:00,83.76705932617188,135.4674530029297,-0.5807205164540501,5.098330055595781,1.905,False,False,0.0,True,False,-1.0,-1.0,0.010410394738459347,0.0,4.872291129577009
2020-07-28 00:00:00-04:00,84.87987518310547,135.53375244140625,-0.5816985997254999,6.04008117239691,2.137,False,False,0.0,False,False,-1.0,-1.0,0.005752217320243107,-0.005752217320243107,4.866538912256766
2020-07-29 00:00:00-04:00,85.22987365722656,137.7978515625,-0.5820246105509248,5.028132766808355,1.679,False,False,0.0,False,False,-1.0,-1.0,-0.0061170194606129,0.0061170194606129,4.872655931717379
2020-07-30 00:00:00-04:00,85.42732238769531,135.8652801513672,-0.5831241309504771,6.2009989730862145,2.01,False,False,0.0,False,False,-1.0,-1.0,0.007123232531917886,-0.007123232531917886,4.8655326991854615
2020-07-31 00:00:00-04:00,85.4901351928711,135.22113037109375,-0.5844743647948727,6.456850912381412,1.963,False,False,0.0,False,False,-1.0,-1.0,0.0015551095407217985,-0.0015551095407217985,4.86397758964474
2020-08-03 00:00:00-04:00,84.03628540039062,139.6545867919922,-0.5831088221866324,2.6024637831512365,0.556,False,False,0.0,False,False,-1.0,-1.0,-0.023293555547283896,0.023293555547283896,4.887271145192024
2020-08-04 00:00:00-04:00,85.35550689697266,140.4219207763672,-0.5822067539985936,3.6009162115162496,0.875,False,False,0.0,False,False,-1.0,-1.0,0.00597481805593773,-0.00597481805593773,4.881296327136086
2020-08-05 00:00:00-04:00,83.74011993408203,139.47459411621094,-0.5807447087907421,2.7409873903561532,0.542,False,False,0.0,False,False,-1.0,-1.0,-0.005219938831978965,0.005219938831978965,4.886516265968066
2020-08-06 00:00:00-04:00,83.45294952392578,140.33665466308594,-0.5788680629829741,2.216542073594667,0.331,False,False,0.0,False,False,-1.0,-1.0,-0.0031844517848440205,0.0031844517848440205,4.889700717752909
2020-08-07 00:00:00-04:00,84.69141387939453,140.2987823486328,-0.5779353501818576,3.6077879726492057,0.777,False,False,0.0,False,False,-1.0,-1.0,0.008392372584252326,-0.008392372584252326,4.881308345168657
2020-08-10 00:00:00-04:00,84.11705017089844,139.39878845214844,-0.5771302708037739,3.665789641792017,0.753,False,False,0.0,False,False,-1.0,-1.0,0.0003524473751726348,-0.0003524473751726348,4.880955897793484
2020-08-11 00:00:00-04:00,81.5772933959961,137.4662628173828,-0.5755023202367984,2.4651401903107626,0.254,False,False,0.0,False,False,-1.0,-1.0,-0.007471862507918371,0.007471862507918371,4.888427760301402
2020-08-12 00:00:00-04:00,82.80677032470703,141.22715759277344,-0.5733610104739616,1.8326245409490411,-0.057,False,False,0.0,False,False,-1.0,-1.0,-0.003861961847513624,0.003861961847513624,4.892289722148916
2020-08-13 00:00:00-04:00,82.62877655029297,140.87664794921875,-0.5713900976258026,2.1332549253930466,0.0,False,False,0.0,False,False,-1.0,-1.0,0.001842952814553312,-0.001842952814553312,4.890446769334362
2020-08-14 00:00:00-04:00,82.42092895507812,140.77239990234375,-0.5695189731916304,2.2483763089737465,-0.004,False,False,0.0,False,False,-1.0,-1.0,0.0007080319730349058,-0.0007080319730349058,4.889738737361327
2020-08-17 00:00:00-04:00,83.24325561523438,145.49012756347656,-0.5666569044249548,0.800270305722961,-0.757,False,False,0.0,False,True,0.0,0.0,-0.008740049838589259,0.008740049838589259,4.898478787199917
2020-08-18 00:00:00-04:00,83.06251525878906,144.95962524414062,-0.5640649268235958,1.2958748530770094,-0.536,False,False,0.0,False,False,0.0,0.0,0.003006777201254485,0.0,4.898478787199917
2020-08-19 00:00:00-04:00,82.88179016113281,145.81219482421875,-0.5613265015411555,1.0335409584167223,-0.662,False,False,0.0,False,False,0.0,0.0,-0.001592507934031721,-0.0,4.898478787199917
2020-08-20 00:00:00-04:00,82.49322509765625,144.3059539794922,-0.5591180065167359,1.809167780146737,-0.257,False,False,0.0,False,False,0.0,0.0,0.004753276989603349,0.0,4.898478787199917
2020-08-21 00:00:00-04:00,83.12577056884766,145.5881805419922,-0.5571027140725353,2.018200052021527,-0.153,False,False,0.0,False,False,0.0,0.0,0.0012727761031528085,0.0,4.898478787199917
2020-08-24 00:00:00-04:00,83.3516845703125,145.816162109375,-0.5553512085722624,2.3725027135021577,0.005,False,False,0.0,False,False,0.0,0.0,0.00215603233393622,0.0,4.898478787199917
2020-08-25 00:00:00-04:00,83.3878402709961,145.57870483398438,-0.5538857690566119,2.7538673857591505,0.169,False,False,0.0,False,False,0.0,0.0,0.0023250850903211127,0.0,4.898478787199917
2020-08-26 00:00:00-04:00,83.17095947265625,146.87045288085938,-0.5520046543520101,2.0977858956342885,-0.235,False,False,0.0,False,True,0.0,0.0,-0.003994550538535338,-0.0,4.898478787199917
2020-08-27 00:00:00-04:00,83.45108032226562,143.44161987304688,-0.5515981339984924,4.328950462571896,0.943,False,True,0.0,False,False,0.0,0.0,0.013724060467529591,0.0,4.898478787199917
2020-08-28 00:00:00-04:00,84.59870910644531,139.5378875732422,-0.5533658716080362,7.383204327133981,2.363,False,False,0.0,True,False,-1.0,-1.0,0.018875065367980812,0.0,4.898478787199917
2020-08-31 00:00:00-04:00,85.0143814086914,141.3615264892578,-0.5547821946178365,6.589523508453524,1.821,False,False,0.0,False,False,-1.0,-1.0,-0.004856121590117405,0.004856121590117405,4.903334908790034
2020-09-01 00:00:00-04:00,84.57158660888672,141.54197692871094,-0.5557154084366304,5.914529089020007,1.397,False,False,0.0,False,False,-1.0,-1.0,-0.004135269413259887,0.004135269413259887,4.907470178203294
2020-09-02 00:00:00-04:00,88.02351379394531,142.0928955078125,-0.558464599351581,8.669661833468737,2.57,False,False,0.0,True,False,-1.0,-1.0,0.016460605243907914,-0.016460605243907914,4.891009572959386
2020-09-03 00:00:00-04:00,87.0746841430664,138.27459716796875,-0.5618434774320463,9.38600362969946,2.535,False,False,0.0,False,False,-1.0,-1.0,0.0043477007023038595,-0.0043477007023038595,4.886661872257083
2020-09-04 00:00:00-04:00,87.192138671875,134.95022583007812,-0.5662195628295134,10.780680798624061,2.73,False,False,0.0,False,False,-1.0,-1.0,0.008524734164630149,-0.008524734164630149,4.878137138092452
2020-09-08 00:00:00-04:00,86.37886810302734,129.89720153808594,-0.5716031359094348,12.129220357997568,2.773,False,False,0.0,False,False,-1.0,-1.0,0.008395393260366835,-0.008395393260366835,4.869741744832085
2020-09-09 00:00:00-04:00,88.34880828857422,134.47532653808594,-0.5762475847831354,10.85772615807872,2.09,False,False,0.0,False,False,-1.0,-1.0,-0.007666998553278354,0.007666998553278354,4.877408743385364
2020-09-10 00:00:00-04:00,86.72228240966797,130.88502502441406,-0.5807414539096722,10.71192268198591,1.866,False,False,0.0,False,False,-1.0,-1.0,-0.0008959694513516669,0.0008959694513516669,4.878304712836716
2020-09-11 00:00:00-04:00,86.71321105957031,130.74253845214844,-0.5849217089958407,10.239062029685229,1.594,False,False,0.0,False,False,-1.0,-1.0,-0.0028976548921526204,0.0028976548921526204,4.881202367728868
2020-09-14 00:00:00-04:00,87.81565856933594,131.20799255371094,-0.5892739244310751,10.498209880487423,1.561,False,False,0.0,False,False,-1.0,-1.0,0.0015693270423175515,-0.0015693270423175515,4.87963304068655
2020-09-15 00:00:00-04:00,89.59583282470703,133.8104705810547,-0.5934457462368906,10.18657825642353,1.394,False,False,0.0,False,False,-1.0,-1.0,-0.0018439185995581884,0.0018439185995581884,4.8814769592861085
2020-09-16 00:00:00-04:00,89.26148986816406,131.31243896484375,-0.5979901481626104,10.737945035983415,1.451,False,False,0.0,False,False,-1.0,-1.0,0.003286149927164822,-0.003286149927164822,4.8781908093589434
2020-09-17 00:00:00-04:00,86.84879302978516,131.2174530029297,-0.600698618423566,8.026650297866098,0.699,False,False,0.0,False,False,-1.0,-1.0,-0.01636554248729033,0.01636554248729033,4.894556351846234
2020-09-18 00:00:00-04:00,85.72825622558594,131.1794891357422,-0.6023377829628438,6.713893569364529,0.345,False,False,0.0,False,False,-1.0,-1.0,-0.007968531381933357,0.007968531381933357,4.902524883228168
2020-09-21 00:00:00-04:00,85.71922302246094,130.65707397460938,-0.6039524084017382,6.80856852077153,0.34,False,False,0.0,False,False,-1.0,-1.0,0.0005750775790567684,-0.0005750775790567684,4.90194980564911
2020-09-22 00:00:00-04:00,86.20718383789062,134.50379943847656,-0.6042549353892859,4.932599198580505,-0.177,False,False,0.0,False,False,-1.0,-1.0,-0.011201036024684684,0.011201036024684684,4.9131508416737955
2020-09-23 00:00:00-04:00,84.09266662597656,132.9081268310547,-0.6036854936577728,3.8579584688414315,-0.48,False,False,0.0,False,True,0.0,0.0,-0.006539633041405568,0.006539633041405568,4.919690474715201
2020-09-24 00:00:00-04:00,84.94209289550781,131.32191467285156,-0.6042534225620947,5.590376497029894,-0.036,False,False,0.0,False,False,0.0,0.0,0.010544633639168292,0.0,4.919690474715201
2020-09-25 00:00:00-04:00,87.02949523925781,132.22425842285156,-0.605860967577504,6.919978093971039,0.306,False,True,0.0,False,False,0.0,0.0,0.007955064338193341,0.0,4.919690474715201
2020-09-28 00:00:00-04:00,87.18312072753906,134.89324951171875,-0.6064757695529104,5.373633422426678,-0.138,False,False,0.0,False,False,0.0,0.0,-0.009150368702787215,-0.0,4.919690474715201
2020-09-29 00:00:00-04:00,87.34577941894531,133.90542602539062,-0.6074453053975633,6.005557012561084,0.01,False,False,0.0,False,False,0.0,0.0,0.003746153108713479,0.0,4.919690474715201
2020-09-30 00:00:00-04:00,87.56265258789062,136.14700317382812,-0.6076234888910523,4.836535517348011,-0.353,False,False,0.0,False,True,0.0,0.0,-0.006864935941212724,-0.0,4.919690474715201
2020-10-01 00:00:00-04:00,88.78254699707031,134.92173767089844,-0.6089835680622914,6.617425781082119,0.125,False,False,0.0,False,False,0.0,0.0,0.010417751130214406,0.0,4.919690474715201
2020-10-02 00:00:00-04:00,88.29459381103516,133.56350708007812,-0.6105418227868192,6.748486740564019,0.127,False,False,0.0,False,False,0.0,0.0,0.0007716699165845879,0.0,4.919690474715201
2020-10-05 00:00:00-04:00,88.68315124511719,137.15379333496094,-0.610822430524795,4.906537844560916,-0.482,False,False,0.0,False,True,0.0,0.0,-0.010680455814070441,-0.0,4.919690474715201
2020-10-06 00:00:00-04:00,89.01749420166016,134.65579223632812,-0.6121673020287789,6.585621165799381,-0.005,False,False,0.0,False,False,0.0,0.0,0.009793464672939345,0.0,4.919690474715201
2020-10-07 00:00:00-04:00,88.6018295288086,138.4740447998047,-0.6117163193998859,3.8949965114571654,-0.949,False,False,0.0,False,True,0.0,0.0,-0.015525044246565457,-0.0,4.919690474715201
2020-10-08 00:00:00-04:00,89.48738098144531,141.73194885253906,-0.6104522464297628,2.966794413544605,-1.299,False,False,0.0,False,False,0.0,0.0,-0.005273636817903301,-0.0,4.919690474715201
2020-10-09 00:00:00-04:00,89.85790252685547,142.40634155273438,-0.6092151516580335,3.101801560740668,-1.285,False,False,0.0,False,False,0.0,0.0,0.0007644192675890329,0.0,4.919690474715201
2020-10-12 00:00:00-04:00,90.21031188964844,143.3656463623047,-0.6079501947744711,3.0511392597173597,-1.324,False,False,0.0,False,False,0.0,0.0,-0.00028563143857880446,-0.0,4.919690474715201
2020-10-13 00:00:00-04:00,89.55065155029297,145.2462615966797,-0.6056662654238121,1.579890722261922,-1.798,True,False,1.0,False,False,0.0,1.0,-0.008287724380651009,-0.0,4.919690474715201
2020-10-14 00:00:00-04:00,89.9934310913086,144.2679443359375,-0.6041702513867154,2.8310308948205716,-1.385,False,False,1.0,False,False,0.0,1.0,0.0070623708148004624,0.0070623708148004624,4.926752845530001
2020-10-15 00:00:00-04:00,90.32778930664062,144.46743774414062,-0.6030108388228949,3.2123584899520523,-1.224,False,False,1.0,False,False,0.0,1.0,0.0021490119197929616,0.0021490119197929616,4.9289018574497945
2020-10-16 00:00:00-04:00,91.77361297607422,145.40773010253906,-0.6025348054555651,4.1603946070055144,-0.852,False,False,1.0,False,False,0.0,1.0,0.0052848701877643775,0.0052848701877643775,4.934186727637559
2020-10-19 00:00:00-04:00,90.72538757324219,143.40362548828125,-0.6022553208132538,4.359791099013663,-0.753,False,False,1.0,False,False,0.0,1.0,0.0011259550737755131,0.0011259550737755131,4.935312682711334
2020-10-20 00:00:00-04:00,90.93321228027344,142.1878662109375,-0.6026002740944282,5.250765128660618,-0.441,False,False,1.0,False,False,0.0,1.0,0.005044705732849067,0.005044705732849067,4.940357388444183
2020-10-21 00:00:00-04:00,91.34889221191406,141.636962890625,-0.6034264998991287,5.881395438481448,-0.2,False,False,1.0,False,False,0.0,1.0,0.003566582902408965,0.003566582902408965,4.943923971346592
2020-10-22 00:00:00-04:00,91.990478515625,130.14414978027344,-0.6089423551106912,12.740193444546748,2.016,False,True,0.0,True,False,-1.0,-1.0,0.040053535515756605,0.040053535515756605,4.983977506862349
2020-10-23 00:00:00-04:00,92.31578826904297,132.80364990234375,-0.6135884534212758,10.829002116763306,1.391,False,False,0.0,False,False,-1.0,-1.0,-0.010996334974592707,0.010996334974592707,4.994973841836941
2020-10-26 00:00:00-04:00,92.36096954345703,129.03286743164062,-0.6192866027071106,12.452643434159341,1.906,False,False,0.0,True,False,-1.0,-1.0,0.00942501860963563,-0.00942501860963563,4.985548823227305
2020-10-27 00:00:00-04:00,92.59591674804688,127.42767333984375,-0.6254162284411179,12.900581888815012,1.965,False,False,0.0,False,False,-1.0,-1.0,0.0025998908852128055,-0.0025998908852128055,4.982948932342092
2020-10-28 00:00:00-04:00,90.14705657958984,125.907958984375,-0.6301698503684172,10.803656906213433,1.305,False,False,0.0,False,False,-1.0,-1.0,-0.012371935440848044,0.012371935440848044,4.99532086778294
2020-10-29 00:00:00-04:00,90.74344635009766,126.34487915039062,-0.6346629688784654,10.557030245919819,1.221,False,False,0.0,False,False,-1.0,-1.0,-0.0014428529734503716,0.0014428529734503716,4.996763720756391
2020-10-30 00:00:00-04:00,90.86091613769531,126.52535247802734,-0.6387953761685733,10.037106006632513,1.068,False,False,0.0,False,False,-1.0,-1.0,-0.0030283663001763363,0.0030283663001763363,4.9997920870565675
2020-11-02 00:00:00-05:00,93.20135498046875,126.70580291748047,-0.6440179967845141,11.600537604579543,1.518,False,False,0.0,True,False,-1.0,-1.0,0.008944005539929804,-0.008944005539929804,4.990848081516638
2020-11-03 00:00:00-05:00,94.20439147949219,129.16583251953125,-0.6485427521478381,10.434826973808669,1.166,False,False,0.0,False,False,-1.0,-1.0,-0.006549894473705872,0.006549894473705872,4.997397975990344
2020-11-04 00:00:00-05:00,91.99950408935547,129.01385498046875,-0.6512712410720327,7.976490640738334,0.406,False,False,0.0,False,False,-1.0,-1.0,-0.013966033252194615,0.013966033252194615,5.011364009242538
2020-11-05 00:00:00-05:00,91.80975341796875,132.00579833984375,-0.6522308400164336,5.711500679732524,-0.285,False,False,0.0,False,True,0.0,0.0,-0.01273124245469384,0.01273124245469384,5.024095251697232
2020-11-06 00:00:00-05:00,92.49650573730469,133.4020233154297,-0.6528124843334049,5.409999481656229,-0.364,False,False,0.0,False,False,0.0,0.0,-0.0016788959864874405,-0.0,5.024095251697232
2020-11-09 00:00:00-05:00,93.82488250732422,123.09648895263672,-0.6585742154849651,12.756708866387825,1.747,False,True,0.0,True,False,-1.0,-1.0,0.04200686720520015,0.0,5.024095251697232
2020-11-10 00:00:00-05:00,94.74657440185547,123.31495666503906,-0.664855121018635,12.759993964913193,1.62,False,False,0.0,False,False,-1.0,-1.0,1.85879017910579e-05,-1.85879017910579e-05,5.024076663795441
2020-11-11 00:00:00-05:00,94.3670425415039,126.36386108398438,-0.6691089657819305,9.815850139387592,0.74,False,False,0.0,False,False,-1.0,-1.0,-0.016455247428823247,0.016455247428823247,5.040531911224264
2020-11-12 00:00:00-05:00,93.14242553710938,124.24577331542969,-0.672973865234134,9.528267230020631,0.633,False,False,0.0,False,False,-1.0,-1.0,-0.0016269997027123495,0.0016269997027123495,5.042158910926976
2020-11-13 00:00:00-05:00,92.860595703125,125.35706329345703,-0.6758166386956456,8.14220655138358,0.22,False,False,0.0,False,False,-1.0,-1.0,-0.007805319304927129,0.007805319304927129,5.049964230231903
2020-11-16 00:00:00-05:00,94.57888793945312,126.1549301147461,-0.6791226874233522,8.90421276822157,0.411,False,False,0.0,False,False,-1.0,-1.0,0.004227412782792421,-0.004227412782792421,5.045736817449111
2020-11-17 00:00:00-05:00,91.07864379882812,125.07210540771484,-0.6803591266120358,5.984695400106773,-0.427,False,False,0.0,False,True,0.0,0.0,-0.016571915822417047,0.016571915822417047,5.062308733271528
2020-11-18 00:00:00-05:00,87.96027374267578,121.97570037841797,-0.680636996799295,4.939099354618747,-0.706,False,False,0.0,False,False,0.0,0.0,-0.006115260204654252,-0.0,5.062308733271528
2020-11-19 00:00:00-05:00,86.86927795410156,124.6636962890625,-0.6788505720611171,2.241256413018121,-1.388,False,False,0.0,False,False,0.0,0.0,-0.015731110341340223,-0.0,5.062308733271528
2020-11-20 00:00:00-05:00,87.36932373046875,123.56808471679688,-0.677858897634212,3.6075980415699007,-0.994,False,False,0.0,False,False,0.0,0.0,0.007984183075997343,0.0,5.062308733271528
2020-11-23 00:00:00-05:00,87.09657287597656,127.55045318603516,-0.6750227239013934,0.9971185314819451,-1.593,True,False,1.0,False,False,0.0,1.0,-0.015072398322190877,-0.0,5.062308733271528
2020-11-24 00:00:00-05:00,87.49659729003906,127.683837890625,-0.6724719000974978,1.6328042119895798,-1.382,False,False,1.0,False,False,0.0,1.0,0.00366684499935603,0.00366684499935603,5.0659755782708835
2020-11-25 00:00:00-05:00,87.27840423583984,127.56948852539062,-0.670071080710596,1.7977791939333798,-1.317,False,False,1.0,False,False,0.0,1.0,0.0009549427467467889,0.0009549427467467889,5.06693052101763
2020-11-27 00:00:00-05:00,87.04203033447266,132.7808837890625,-0.6653952598194489,-1.309740333406637,-1.972,True,False,1.0,False,False,0.0,1.0,-0.017717385161738677,-0.017717385161738677,5.049213135855892
2020-11-30 00:00:00-05:00,86.32379150390625,134.15281677246094,-0.6598588142655338,-2.1981271019512434,-2.032,False,False,1.0,False,False,0.0,1.0,-0.005080975495406204,-0.005080975495406204,5.044132160360485
2020-12-01 00:00:00-05:00,86.91474151611328,133.06671142578125,-0.6556295791375586,-0.32773049319064285,-1.565,False,False,1.0,False,False,0.0,1.0,0.010739702197219798,0.010739702197219798,5.054871862557705
2020-12-02 00:00:00-05:00,87.06021881103516,130.30381774902344,-0.6531982399641878,1.9459943967587492,-1.044,False,False,1.0,False,False,0.0,1.0,0.013205937230614079,0.013205937230614079,5.068077799788319
2020-12-03 00:00:00-05:00,85.80557250976562,128.42697143554688,-0.6511171771353259,2.1845654006132094,-0.978,False,False,1.0,False,False,0.0,1.0,0.001408108482099237,0.001408108482099237,5.069485908270418
2020-12-04 00:00:00-05:00,84.81461334228516,128.02684020996094,-0.6487576167413761,1.7562256087419144,-1.044,False,False,1.0,False,False,0.0,1.0,-0.0025515704677121576,-0.0025515704677121576,5.066934337802706
2020-12-07 00:00:00-05:00,85.14189910888672,130.73251342773438,-0.6456260111884649,0.737587931896158,-1.218,False,False,1.0,False,False,0.0,1.0,-0.006008023860446062,-0.006008023860446062,5.06092631394226
2020-12-08 00:00:00-05:00,84.94188690185547,130.10372924804688,-0.6428377395646213,1.306299683113508,-1.054,False,False,1.0,False,False,0.0,1.0,0.003373592789808343,0.003373592789808343,5.064299906732068
2020-12-09 00:00:00-05:00,84.3145751953125,129.17007446289062,-0.6403033025404843,1.606549927323357,-0.951,False,False,1.0,False,False,0.0,1.0,0.0017976623724992246,0.0017976623724992246,5.066097569104567
2020-12-10 00:00:00-05:00,83.62362670898438,129.52256774902344,-0.6374000820608796,1.0659313970210036,-1.005,False,False,1.0,False,False,0.0,1.0,-0.0032531846763994726,-0.0032531846763994726,5.062844384428168
2020-12-11 00:00:00-05:00,83.8600082397461,132.1044464111328,-0.6337826826003363,0.13449780986596238,-1.132,False,False,1.0,False,False,0.0,1.0,-0.005557959867590024,-0.005557959867590024,5.057286424560577
2020-12-14 00:00:00-05:00,83.25996398925781,133.8860626220703,-0.6292834534681788,-0.9923198688154429,-1.295,False,False,1.0,False,False,0.0,1.0,-0.006726777851541788,-0.006726777851541788,5.0505596467090355
2020-12-15 00:00:00-05:00,84.47822570800781,134.45770263671875,-0.6256846219448494,0.350108866179454,-0.961,False,False,1.0,False,False,0.0,1.0,0.007961911246595637,0.007961911246595637,5.058521557955631
2020-12-16 00:00:00-05:00,83.88727569580078,137.4111328125,-0.620892762528185,-1.430302158279673,-1.273,False,False,1.0,False,False,0.0,1.0,-0.010522221952305084,-0.010522221952305084,5.0479993360033255
2020-12-17 00:00:00-05:00,83.84181213378906,138.63063049316406,-0.6159265605783375,-1.5444752966718767,-1.226,False,False,1.0,False,False,0.0,1.0,-0.0006746700972603903,-0.0006746700972603903,5.047324665906065
2020-12-18 00:00:00-05:00,83.02357482910156,140.12637329101562,-0.6102864270350101,-2.4936488600464344,-1.351,False,False,1.0,False,False,0.0,1.0,-0.005631713933476952,-0.005631713933476952,5.041692951972588
2020-12-21 00:00:00-05:00,81.87804412841797,141.64120483398438,-0.6037917412885581,-3.6437455765027806,-1.522,True,False,1.0,False,False,0.0,1.0,-0.006870357575153681,-0.006870357575153681,5.0348225943974345
2020-12-22 00:00:00-05:00,81.3416519165039,142.68923950195312,-0.5971026833740732,-3.85847587871811,-1.485,False,False,1.0,False,False,0.0,1.0,-0.0012893479497277807,-0.0012893479497277807,5.033533246447707
2020-12-23 00:00:00-05:00,80.6234359741211,139.95489501953125,-0.5916256415850281,-2.1774685847743314,-1.048,False,False,1.0,False,False,0.0,1.0,0.010286150083035924,0.010286150083035924,5.0438193965307425
2020-12-24 00:00:00-05:00,81.30529022216797,139.9358673095703,-0.587200082908156,-0.8650626638364258,-0.711,False,False,1.0,False,False,0.0,1.0,0.008028143495783542,0.008028143495783542,5.051847540026526
2020-12-28 00:00:00-05:00,82.25991821289062,136.51556396484375,-0.5851567080516099,2.3769202054136684,0.034,False,False,1.0,False,False,0.0,1.0,0.01999460071905906,0.01999460071905906,5.071842140745585
2020-12-29 00:00:00-05:00,82.1053466796875,136.23931884765625,-0.5834913241158212,2.6108861286310088,0.169,False,False,1.0,False,False,0.0,1.0,0.0014478106578633893,0.0014478106578633893,5.073289951403448
2020-12-30 00:00:00-05:00,82.32353210449219,136.01060485839844,-0.5822268014172651,3.134512678959325,0.418,False,True,0.0,False,False,0.0,0.0,0.003242017696878342,0.003242017696878342,5.076531969100326
2020-12-31 00:00:00-05:00,83.66907501220703,133.93370056152344,-0.5827365478458026,5.621012706771424,1.23,False,False,0.0,False,False,0.0,0.0,0.01537561243696856,0.0,5.076531969100326
2021-01-04 00:00:00-05:00,82.16897583007812,133.10479736328125,-0.5826974049735333,4.609155816966151,1.053,False,False,0.0,False,False,0.0,0.0,-0.006334843285231043,-0.0,5.076531969100326
2021-01-05 00:00:00-05:00,81.90531921386719,134.03851318359375,-0.5820994714081456,3.8815715413635132,0.917,False,False,0.0,False,False,0.0,0.0,-0.004549418625193282,-0.0,5.076531969100326
2021-01-06 00:00:00-05:00,82.9417724609375,138.97361755371094,-0.5803340098245319,2.2906557261714795,0.486,False,False,0.0,False,False,0.0,0.0,-0.009724846984570625,-0.0,5.076531969100326
2021-01-07 00:00:00-05:00,80.24158477783203,140.16448974609375,-0.5764721802485618,-0.5593442195258262,-0.595,False,False,0.0,False,True,0.0,0.0,-0.017697189884130927,-0.0,5.076531969100326
2021-01-08 00:00:00-05:00,79.9597396850586,142.2509765625,-0.5718550782146608,-1.3872036432017154,-0.893,False,False,0.0,False,False,0.0,0.0,-0.005132207842917047,-0.0,5.076531969100326
2021-01-11 00:00:00-05:00,79.05968475341797,142.4319610595703,-0.5669749178833586,-1.6956646722976387,-0.969,False,False,0.0,False,False,0.0,0.0,-0.0019301127123633143,-0.0,5.076531969100326
2021-01-12 00:00:00-05:00,77.5232162475586,144.5756072998047,-0.5607979117149035,-3.5544824110858286,-1.648,True,False,1.0,False,False,0.0,1.0,-0.011720094678441796,-0.0,5.076531969100326
2021-01-13 00:00:00-05:00,79.87793731689453,145.93800354003906,-0.5561074959051618,-1.2792803891552325,-0.656,False,False,1.0,False,False,0.0,1.0,0.014128604537353507,0.014128604537353507,5.09066057363768
2021-01-14 00:00:00-05:00,78.9687728881836,149.04383850097656,-0.5503436352993396,-3.0565550114115183,-1.314,False,False,1.0,False,False,0.0,1.0,-0.011039377303638452,-0.011039377303638452,5.079621196334042
2021-01-15 00:00:00-05:00,80.63252258300781,150.03468322753906,-0.5457600885649472,-1.2504194230676973,-0.538,False,False,1.0,False,False,0.0,1.0,0.011113622896815353,0.011113622896815353,5.090734819230857
2021-01-19 00:00:00-05:00,79.88702392578125,150.00611877441406,-0.5412678488454951,-1.3064652969076747,-0.561,False,False,1.0,False,False,0.0,1.0,-0.00034793702071410164,-0.00034793702071410164,5.090386882210143
2021-01-20 00:00:00-05:00,80.32339477539062,148.00543212890625,-0.5381497557067698,0.6743076319448278,0.221,False,True,0.0,False,False,0.0,0.0,0.012381960354015552,0.012381960354015552,5.102768842564158
2021-01-21 00:00:00-05:00,79.85065460205078,147.8434295654297,-0.5351925905471618,0.7259465375516072,0.23,False,False,0.0,False,False,0.0,0.0,0.00032482332319059887,0.0,5.102768842564158
2021-01-22 00:00:00-05:00,79.44154357910156,148.2626190185547,-0.5321376603279138,0.5454203804790154,0.173,False,False,0.0,False,False,0.0,0.0,-0.0011401339980967138,-0.0,5.102768842564158
2021-01-25 00:00:00-05:00,81.31439208984375,148.75807189941406,-0.5303402859399615,2.421993702831145,0.955,False,True,0.0,False,False,0.0,0.0,0.011713444335077802,0.0,5.102768842564158
2021-01-26 00:00:00-05:00,81.22348022460938,144.70896911621094,-0.5300505365574643,4.520413499884242,1.726,False,False,0.0,True,False,-1.0,-1.0,0.013287315132181706,0.0,5.102768842564158
2021-01-27 00:00:00-05:00,82.5871810913086,146.45245361328125,-0.53016438976705,4.943305391536143,1.756,False,False,0.0,False,False,-1.0,-1.0,0.002639262950148876,-0.002639262950148876,5.100129579614009
2021-01-28 00:00:00-05:00,81.36894226074219,142.3748321533203,-0.5308707902665862,5.786302601436461,1.912,False,False,0.0,False,False,-1.0,-1.0,0.0053710653921904775,-0.0053710653921904775,5.094758514221819
2021-01-29 00:00:00-05:00,80.82344818115234,135.0388641357422,-0.533604146747411,8.766150306260073,2.593,False,False,0.0,False,False,-1.0,-1.0,0.019491321057075614,-0.019491321057075614,5.075267193164743
2021-02-01 00:00:00-05:00,80.50524139404297,133.1143341064453,-0.5367122652979639,9.061145592142694,2.372,False,False,0.0,False,False,-1.0,-1.0,0.0019414055456011333,-0.0019414055456011333,5.073325787619142
2021-02-02 00:00:00-05:00,79.81429290771484,136.4107666015625,-0.5380932096964481,6.412585669927026,1.493,False,False,0.0,False,False,-1.0,-1.0,-0.01728644475577253,0.01728644475577253,5.090612232374914
2021-02-03 00:00:00-05:00,79.29606628417969,138.08758544921875,-0.5383545228460117,4.9559901087076526,1.022,False,False,0.0,False,False,-1.0,-1.0,-0.009480813159585206,0.009480813159585206,5.100093045534499
2021-02-04 00:00:00-05:00,78.8687744140625,139.3260955810547,-0.5378332715252763,3.93456461886052,0.704,False,False,0.0,False,False,-1.0,-1.0,-0.006641129202391678,0.006641129202391678,5.106734174736891
2021-02-05 00:00:00-05:00,78.93241119384766,144.33740234375,-0.5356749829274129,1.6144756575722568,0.038,False,False,0.0,False,False,-1.0,-1.0,-0.01484853640226182,0.01484853640226182,5.121582711139153
2021-02-08 00:00:00-05:00,77.43231201171875,149.81556701660156,-0.5308695092095571,-2.1002045223360284,-0.989,False,False,0.0,False,True,0.0,0.0,-0.02366568494562477,0.02366568494562477,5.145248396084778
2021-02-09 00:00:00-05:00,77.69595336914062,151.00648498535156,-0.5261049383630297,-1.7493041064955293,-0.904,False,False,0.0,False,False,0.0,0.0,0.002233026040426255,0.0,5.145248396084778
2021-02-10 00:00:00-05:00,78.08690643310547,149.0533905029297,-0.5226644168833096,0.18200300141148773,-0.407,False,False,0.0,False,False,0.0,0.0,0.012380823772612877,0.0,5.145248396084778
2021-02-11 00:00:00-05:00,76.93041229248047,149.89178466796875,-0.5186779598804276,-0.8151527819379254,-0.744,False,False,0.0,False,False,0.0,0.0,-0.006446739825565232,-0.0,5.145248396084778
2021-02-12 00:00:00-05:00,76.10567474365234,152.36883544921875,-0.5137562747580731,-2.1747705459641082,-1.148,False,False,0.0,False,False,0.0,0.0,-0.008806606213908334,-0.0,5.145248396084778
2021-02-16 00:00:00-05:00,74.39204406738281,154.28384399414062,-0.5076222964722277,-3.9258751294857603,-1.591,True,False,1.0,False,False,0.0,1.0,-0.011466865331448722,-0.0,5.145248396084778
2021-02-17 00:00:00-05:00,75.17096710205078,162.2009735107422,-0.5000864630651561,-5.9435440466613585,-1.971,False,False,1.0,False,False,0.0,1.0,-0.012910149680946115,-0.012910149680946115,5.132338246403831
2021-02-18 00:00:00-05:00,76.49972534179688,163.76341247558594,-0.4935687626652955,-4.32877952362449,-1.434,False,False,1.0,False,False,0.0,1.0,0.010263666736160759,0.010263666736160759,5.142601913139992
2021-02-19 00:00:00-05:00,76.27063751220703,163.73477172851562,-0.4876779155982138,-3.579194675304805,-1.165,False,False,1.0,False,False,0.0,1.0,0.004801323297075855,0.004801323297075855,5.147403236437068
2021-02-22 00:00:00-05:00,75.18013000488281,157.61883544921875,-0.4835259795870676,-1.0326718070734984,-0.469,False,False,1.0,False,False,0.0,1.0,0.016820619283020335,0.016820619283020335,5.164223855720088
2021-02-23 00:00:00-05:00,76.99456024169922,157.86729431152344,-0.4808721033443877,1.0805823768294545,0.115,False,False,1.0,False,False,0.0,1.0,0.013820380536436291,0.013820380536436291,5.178044236256524
2021-02-24 00:00:00-05:00,75.0793228149414,153.93017578125,-0.4785543447937778,1.415368399954275,0.226,False,True,0.0,False,False,0.0,0.0,0.0022507640638259278,0.0022507640638259278,5.18029500032035
2021-02-25 00:00:00-05:00,74.9418716430664,154.0257110595703,-0.4763624296596137,1.5698096926798684,0.274,False,False,0.0,False,False,0.0,0.0,0.0010413134422618464,0.0,5.18029500032035
2021-02-26 00:00:00-05:00,73.8971939086914,151.90428161621094,-0.4743551243953434,1.840619506448391,0.328,False,False,0.0,False,False,0.0,0.0,0.0018554492761817534,0.0,5.18029500032035
2021-03-01 00:00:00-05:00,75.86742401123047,155.32537841796875,-0.4727401347658984,2.438883685355762,0.46,False,False,0.0,False,False,0.0,0.0,0.004007236106908496,0.0,5.18029500032035
2021-03-02 00:00:00-05:00,76.08734893798828,151.8564910888672,-0.47237219524604174,4.354564879979108,0.924,False,False,0.0,False,False,0.0,0.0,0.012959541814748721,0.0,5.18029500032035
2021-03-03 00:00:00-05:00,75.3817367553711,148.19650268554688,-0.47271209552884336,5.327457420840375,1.119,False,False,0.0,False,False,0.0,0.0,0.006689488388212378,0.0,5.18029500032035
2021-03-04 00:00:00-05:00,75.40006256103516,144.97608947753906,-0.4739670516740031,6.686172868139508,1.388,False,False,0.0,False,False,0.0,0.0,0.009428063182286872,0.0,5.18029500032035
2021-03-05 00:00:00-05:00,77.41610717773438,148.90365600585938,-0.47527027480652595,6.646625668133183,1.296,False,False,0.0,False,False,0.0,0.0,-0.0002668761541297227,-0.0,5.18029500032035
2021-03-08 00:00:00-05:00,79.11141967773438,153.8537139892578,-0.47608026673807147,5.864702483085551,1.029,False,False,0.0,False,False,0.0,0.0,-0.005132139320544321,-0.0,5.18029500032035
2021-03-09 00:00:00-05:00,79.49629974365234,153.47149658203125,-0.4771127715414299,6.273088656788332,1.07,False,False,0.0,False,False,0.0,0.0,0.0026740929923223453,0.0,5.18029500032035
2021-03-10 00:00:00-05:00,79.927001953125,160.05564880371094,-0.4764954492912299,3.6612136648014513,0.373,False,False,0.0,False,False,0.0,0.0,-0.01672212262774324,-0.0,5.18029500032035
2021-03-11 00:00:00-05:00,79.59710693359375,162.6739959716797,-0.47492005103081686,2.3399644653367346,0.02,False,False,0.0,False,False,0.0,0.0,-0.008423419859539533,-0.0,5.18029500032035
2021-03-12 00:00:00-05:00,81.09080505371094,163.4098358154297,-0.47409230861013946,3.6194587423700284,0.328,False,True,0.0,False,False,0.0,0.0,0.00806935492498182,0.0,5.18029500032035
2021-03-15 00:00:00-04:00,81.4756851196289,163.4098358154297,-0.47361410435197515,4.082482087600866,0.434,False,False,0.0,False,False,0.0,0.0,0.002914499815651969,0.0,5.18029500032035
2021-03-16 00:00:00-04:00,81.45735931396484,162.66445922851562,-0.4733948649797919,4.452839600470824,0.53,False,False,0.0,False,False,0.0,0.0,0.002337202582368605,0.0,5.18029500032035
2021-03-17 00:00:00-04:00,80.13775634765625,160.91571044921875,-0.47293490562244317,4.035100013186593,0.431,False,False,0.0,False,False,0.0,0.0,-0.002673697413575899,-0.0,5.18029500032035
2021-03-18 00:00:00-04:00,80.67842864990234,161.77574157714844,-0.47257824976915463,4.226731840266481,0.496,False,False,0.0,False,False,0.0,0.0,0.001219574072886707,0.0,5.18029500032035
2021-03-19 00:00:00-04:00,81.39320373535156,165.3019561767578,-0.47172745813584643,3.4157321232065243,0.34,False,False,0.0,False,False,0.0,0.0,-0.005088763759654207,-0.0,5.18029500032035
2021-03-22 00:00:00-04:00,81.3382339477539,165.83709716796875,-0.47075612139860984,3.2694053009565494,0.367,False,False,0.0,False,False,0.0,0.0,-0.0009179444114226881,-0.0,5.18029500032035
2021-03-23 00:00:00-04:00,84.64637756347656,164.97703552246094,-0.4719403287485126,6.787061183051307,1.376,False,False,0.0,False,False,0.0,0.0,0.021646354639789294,0.0,5.18029500032035
2021-03-24 00:00:00-04:00,84.26148223876953,161.5559539794922,-0.47383167416327887,7.7111540936211185,1.573,False,False,0.0,True,False,-1.0,-1.0,0.005746424397335346,0.0,5.18029500032035
2021-03-25 00:00:00-04:00,85.39781188964844,164.78594970703125,-0.47537335469553316,7.062962170727587,1.333,False,False,0.0,False,False,-1.0,-1.0,-0.003958843132002238,0.003958843132002238,5.184253843452352
2021-03-26 00:00:00-04:00,85.25118255615234,170.5578155517578,-0.475149151968162,4.210781135192434,0.53,False,False,0.0,False,False,-1.0,-1.0,-0.01715168601633933,0.01715168601633933,5.201405529468691
2021-03-29 00:00:00-04:00,86.86402893066406,167.8916778564453,-0.4764232546950358,6.876529330085916,1.184,False,False,0.0,False,False,-1.0,-1.0,0.0159767681984066,-0.0159767681984066,5.185428761270285
2021-03-30 00:00:00-04:00,85.58108520507812,169.19131469726562,-0.4766232168229942,4.940576535555849,0.613,False,False,0.0,False,False,-1.0,-1.0,-0.0116468188603135,0.0116468188603135,5.197075580130599
2021-03-31 00:00:00-04:00,85.76435852050781,169.21995544433594,-0.476832221895169,5.074831176983608,0.612,False,False,0.0,False,False,-1.0,-1.0,0.0008065575683671646,-0.0008065575683671646,5.196269022562231
2021-04-01 00:00:00-04:00,85.51692962646484,168.66571044921875,-0.4770310183600866,5.058154008446522,0.566,False,False,0.0,False,False,-1.0,-1.0,-0.00010047957628811129,0.00010047957628811129,5.196369502138519
2021-04-05 00:00:00-04:00,85.96595764160156,172.34483337402344,-0.4765024501406025,3.8432222698055085,0.182,False,False,0.0,False,False,-1.0,-1.0,-0.00722792067009633,0.00722792067009633,5.203597422808615
2021-04-06 00:00:00-04:00,85.95680236816406,171.54209899902344,-0.47618409894163605,4.271182525757155,0.253,False,True,0.0,False,False,-1.0,-1.0,0.0025528159895834555,-0.0025528159895834555,5.201044606819032
2021-04-07 00:00:00-04:00,85.60857391357422,169.20089721679688,-0.4763210470061432,5.0146253968907075,0.448,False,False,0.0,False,False,-1.0,-1.0,0.004473114247983318,-0.004473114247983318,5.1965714925710484
2021-04-08 00:00:00-04:00,85.09541320800781,168.80905151367188,-0.4762961114565308,4.6923183933807024,0.274,False,False,0.0,False,False,-1.0,-1.0,-0.0019474918980292182,0.0019474918980292182,5.198518984469078
2021-04-09 00:00:00-04:00,84.62803649902344,169.80288696289062,-0.47575946489497284,3.842705859937041,-0.217,False,False,0.0,False,True,0.0,0.0,-0.005136299128318257,0.005136299128318257,5.203655283597396
2021-04-12 00:00:00-04:00,85.17786407470703,170.23291015625,-0.4754281975997349,4.2443384269634805,-0.103,False,False,0.0,False,False,0.0,0.0,0.002417850863191937,0.0,5.203655283597396
2021-04-13 00:00:00-04:00,86.18589782714844,170.99740600585938,-0.47548388388385676,4.87938708541769,0.219,False,True,0.0,False,False,0.0,0.0,0.003791507112951055,0.0,5.203655283597396
2021-04-14 00:00:00-04:00,86.13090515136719,169.96536254882812,-0.4757888188887333,5.2632860522649025,0.413,False,False,0.0,False,False,0.0,0.0,0.002298816522901897,0.0,5.203655283597396
2021-04-15 00:00:00-04:00,87.91785430908203,169.08619689941406,-0.47725479117009434,7.220656718106724,1.649,False,False,0.0,True,False,-1.0,-1.0,0.011608516818545998,0.0,5.203655283597396
2021-04-16 00:00:00-04:00,88.85255432128906,173.04241943359375,-0.4781443358606214,6.113301605498293,0.853,False,False,0.0,False,False,-1.0,-1.0,-0.006453426487717675,0.006453426487717675,5.210108710085113
2021-04-19 00:00:00-04:00,88.75178527832031,174.9536590576172,-0.47837939989336103,5.057558849189718,0.035,False,False,0.0,False,False,-1.0,-1.0,-0.006122163950649139,0.006122163950649139,5.216230874035762
2021-04-20 00:00:00-04:00,90.85945892333984,173.01376342773438,-0.48015929834319454,7.785291672163453,1.928,False,True,0.0,True,False,-1.0,-1.0,0.015682607687583453,-0.015682607687583453,5.200548266348179
2021-04-21 00:00:00-04:00,89.14581298828125,172.1632843017578,-0.48117128622870736,6.305784039445825,0.831,False,False,0.0,False,False,-1.0,-1.0,-0.008602496670967725,0.008602496670967725,5.209150763019147
2021-04-22 00:00:00-04:00,89.0358657836914,179.76039123535156,-0.48006766920563687,2.7387137478427803,-1.597,True,False,1.0,False,True,0.0,1.0,-0.020344543976733583,0.020344543976733583,5.22949530699588
2021-04-23 00:00:00-04:00,88.6968002319336,180.97402954101562,-0.47847598548789977,2.1050730995798546,-1.874,False,False,1.0,False,False,0.0,1.0,-0.0036148438108906233,-0.0036148438108906233,5.22588046318499
2021-04-26 00:00:00-04:00,87.7895736694336,182.4743194580078,-0.47617227694939707,0.9003614883223463,-2.365,False,False,1.0,False,False,0.0,1.0,-0.006896725354435767,-0.006896725354435767,5.218983737830555
2021-04-27 00:00:00-04:00,87.03813934326172,182.0443115234375,-0.47377660385484627,0.7898036785938416,-2.184,False,False,1.0,False,False,0.0,1.0,-0.0006380059939671898,-0.0006380059939671898,5.218345731836587
2021-04-28 00:00:00-04:00,86.7448959350586,180.22865295410156,-0.47190169056522624,1.6946899177246166,-1.573,False,False,1.0,False,False,0.0,1.0,0.0052672412009833365,0.0052672412009833365,5.223612973037571
2021-04-29 00:00:00-04:00,87.7437515258789,182.0443115234375,-0.4703080155780518,2.126852626018348,-1.323,False,False,1.0,False,False,0.0,1.0,0.00249285352375193,0.00249285352375193,5.226105826561323
2021-04-30 00:00:00-04:00,89.0450210571289,180.22865295410156,-0.46998501041460217,4.340255721485761,-0.112,False,False,1.0,False,False,0.0,1.0,0.01273902628267916,0.01273902628267916,5.238844852844002
2021-05-03 00:00:00-04:00,89.80561065673828,184.28045654296875,-0.4691765476119339,3.345542263557192,-0.648,False,False,1.0,False,True,0.0,1.0,-0.0056432622804968215,-0.0056432622804968215,5.233201590563505
2021-05-04 00:00:00-04:00,89.67732238769531,185.75209045410156,-0.46800710369652765,2.7440245286958174,-0.939,False,False,1.0,False,False,0.0,1.0,-0.0034058978674167922,-0.0034058978674167922,5.229795692696088
2021-05-05 00:00:00-04:00,88.48600769042969,185.9718780517578,-0.46628054993478374,1.770938120051511,-1.39,False,False,1.0,False,False,0.0,1.0,-0.005554112017220934,-0.005554112017220934,5.224241580678867
2021-05-06 00:00:00-04:00,89.75978088378906,186.2394256591797,-0.4652723003348955,3.1077348942927614,-0.662,False,False,1.0,False,False,0.0,1.0,0.007577704952862693,0.007577704952862693,5.23181928563173
2021-05-07 00:00:00-04:00,89.47571563720703,186.7841339111328,-0.4641291347689106,2.783757176472619,-0.817,False,False,1.0,False,False,0.0,1.0,-0.0018390304548155916,-0.0018390304548155916,5.229980255176914
2021-05-10 00:00:00-04:00,90.96025085449219,187.0134735107422,-0.4637780563476088,4.22750559886515,-0.08,False,False,1.0,False,False,0.0,1.0,0.00812495964386698,0.00812495964386698,5.238105214820781
2021-05-11 00:00:00-04:00,88.37606048583984,182.7705535888672,-0.4631925162464437,3.718107873256969,-0.307,False,False,1.0,False,True,0.0,1.0,-0.0029439167276229853,-0.0029439167276229853,5.235161298093158
2021-05-12 00:00:00-04:00,87.07479095458984,174.31338500976562,-0.46395434281036085,6.201338969334628,1.087,False,True,0.0,False,False,0.0,0.0,0.01478569261940473,0.01478569261940473,5.249946990712562
2021-05-13 00:00:00-04:00,88.4573974609375,178.2600555419922,-0.46449344604028847,5.656769970904321,0.831,False,False,0.0,False,False,0.0,0.0,-0.003179815944894912,-0.0,5.249946990712562
2021-05-14 00:00:00-04:00,88.7896499633789,179.54058837890625,-0.4648421270299239,5.331620973124089,0.623,False,False,0.0,False,False,0.0,0.0,-0.0018876828979957228,-0.0,5.249946990712562
2021-05-17 00:00:00-04:00,88.38356018066406,178.11671447753906,-0.46527819327792164,5.5097370759552575,0.767,False,False,0.0,False,False,0.0,0.0,0.0010400491903719375,0.0,5.249946990712562
2021-05-18 00:00:00-04:00,88.0512924194336,176.7501983642578,-0.4658323745081727,5.7153278206208284,0.867,False,False,0.0,False,False,0.0,0.0,0.0012066086881341994,0.0,5.249946990712562
2021-05-19 00:00:00-04:00,87.56211853027344,172.5263671875,-0.4670879550218919,6.977130493308039,1.514,False,False,0.0,True,False,-1.0,-1.0,0.007504159295079154,0.0,5.249946990712562
2021-05-20 00:00:00-04:00,88.16204071044922,175.7372283935547,-0.46781909622123996,5.948809350950839,0.914,False,False,0.0,False,False,-1.0,-1.0,-0.006035624359472908,0.006035624359472908,5.2559826150720355
2021-05-21 00:00:00-04:00,88.8081283569336,175.6989288330078,-0.46879454523711017,6.4414289160163065,1.123,False,False,0.0,False,False,-1.0,-1.0,0.002877873875516483,-0.002877873875516483,5.253104741196519
2021-05-24 00:00:00-04:00,88.01436614990234,174.20394897460938,-0.46965072401234903,6.199355388166737,0.947,False,False,0.0,False,False,-1.0,-1.0,-0.001425392545457671,0.001425392545457671,5.2545301337419765
2021-05-25 00:00:00-04:00,86.95295715332031,172.88143920898438,-0.4702045101442241,5.663324717031358,0.646,False,False,0.0,False,False,-1.0,-1.0,-0.0031860581345241256,0.0031860581345241256,5.257716191876501
2021-05-26 00:00:00-04:00,86.74988555908203,175.39224243164062,-0.46999397809662324,4.316587811347887,-0.068,False,False,0.0,False,False,-1.0,-1.0,-0.007960229139566101,0.007960229139566101,5.2656764210160665
2021-05-27 00:00:00-04:00,86.1592025756836,175.15269470214844,-0.46952029974257864,3.921456858410494,-0.28,False,False,0.0,False,True,0.0,0.0,-0.002346425852385352,0.002346425852385352,5.268022846868452
2021-05-28 00:00:00-04:00,86.67607879638672,174.12725830078125,-0.4695815019102443,4.9091393199928035,0.237,False,True,0.0,False,False,0.0,0.0,0.0058635998791165865,0.0,5.268022846868452
2021-06-01 00:00:00-04:00,85.80847930908203,174.28060913085938,-0.4691872834973268,4.0382337447147165,-0.215,False,False,0.0,False,True,0.0,0.0,-0.005196993687210414,-0.0,5.268022846868452
2021-06-02 00:00:00-04:00,86.00228881835938,173.60020446777344,-0.4690651139995921,4.572489119330726,0.082,False,False,0.0,False,False,0.0,0.0,0.0031908780410424505,0.0,5.268022846868452
2021-06-03 00:00:00-04:00,86.60222625732422,170.54315185546875,-0.4700054251301068,6.44601966646627,1.115,False,True,0.0,False,False,0.0,0.0,0.01123499732598961,0.0,5.268022846868452
2021-06-04 00:00:00-04:00,86.3807144165039,173.51393127441406,-0.4700937657795381,4.812897048502634,0.25,False,False,0.0,False,False,0.0,0.0,-0.009723946977155454,-0.0,5.268022846868452
2021-06-07 00:00:00-04:00,86.35302734375,173.6481170654297,-0.4700834615502096,4.72391938195679,0.207,False,False,0.0,False,False,0.0,0.0,-0.0005296852929271462,-0.0,5.268022846868452
2021-06-08 00:00:00-04:00,84.84858703613281,173.86854553222656,-0.4692460174725949,3.2614644813829585,-0.557,False,False,0.0,False,True,0.0,0.0,-0.008786905791844234,-0.0,5.268022846868452
2021-06-09 00:00:00-04:00,85.75308990478516,173.49478149414062,-0.46899222017150505,4.3853871436780025,0.135,False,False,0.0,False,False,0.0,0.0,0.0067252114136508966,0.0,5.268022846868452
2021-06-10 00:00:00-04:00,85.9561538696289,172.34478759765625,-0.46917195153602176,5.096813535375361,0.522,False,True,0.0,False,False,0.0,0.0,0.004264750076679633,0.0,5.268022846868452
2021-06-11 00:00:00-04:00,85.7438735961914,176.5135040283203,-0.4682474105598991,3.0918824060760954,-0.714,False,False,0.0,False,True,0.0,0.0,-0.011906059165072196,-0.0,5.268022846868452
2021-06-14 00:00:00-04:00,85.55005645751953,175.51681518554688,-0.4674886758344604,3.497932939746505,-0.547,False,False,0.0,False,False,0.0,0.0,0.002422704368942388,0.0,5.268022846868452
2021-06-15 00:00:00-04:00,85.928466796875,172.19146728515625,-0.4677973692783907,5.377751388692829,0.648,False,True,0.0,False,False,0.0,0.0,0.011291612705250425,0.0,5.268022846868452
2021-06-16 00:00:00-04:00,84.84858703613281,170.66770935058594,-0.4679468828288633,4.985164445983671,0.318,False,False,0.0,False,False,0.0,0.0,-0.002383474912363136,-0.0,5.268022846868452
2021-06-17 00:00:00-04:00,85.263916015625,167.52442932128906,-0.46904736748881243,6.687023452408752,1.537,False,False,0.0,True,False,-1.0,-1.0,0.010387271774273113,0.0,5.268022846868452
2021-06-18 00:00:00-04:00,82.54117584228516,164.1415557861328,-0.46952000132772087,5.473432351645911,0.57,False,False,0.0,False,False,-1.0,-1.0,-0.007603529338053096,0.007603529338053096,5.275626376206505
2021-06-21 00:00:00-04:00,83.68563842773438,168.06109619140625,-0.46955897655119344,4.771042102025987,-0.003,False,False,0.0,False,False,-1.0,-1.0,-0.004319736995982734,0.004319736995982734,5.279946113202488
2021-06-22 00:00:00-04:00,83.22415924072266,172.91015625,-0.4681498517230953,2.276295230867916,-1.913,True,False,1.0,False,True,0.0,1.0,-0.015195931814462162,0.015195931814462162,5.29514204501695
2021-06-23 00:00:00-04:00,82.11660766601562,171.99981689453125,-0.4664353552288113,1.889811973524445,-2.227,False,False,1.0,False,False,0.0,1.0,-0.002380652674195766,-0.002380652674195766,5.292761392342754
2021-06-24 00:00:00-04:00,82.2181396484375,173.4181365966797,-0.4645675700176877,1.6536973327225724,-2.241,False,False,1.0,False,False,0.0,1.0,-0.0014504908200428299,-0.0014504908200428299,5.291310901522712
2021-06-25 00:00:00-04:00,83.15955352783203,172.7760467529297,-0.4635031907695056,3.0773045693078416,-1.218,False,False,1.0,False,False,0.0,1.0,0.008720849775621993,0.008720849775621993,5.3000317512983335
2021-06-28 00:00:00-04:00,83.95329284667969,175.80433654785156,-0.4622627840284724,2.6854907897913023,-1.429,False,False,1.0,False,False,0.0,1.0,-0.002371451295279352,-0.002371451295279352,5.297660300003054
2021-06-29 00:00:00-04:00,82.1627426147461,179.23512268066406,-0.4593852164360329,-0.1752230108496775,-2.925,True,False,1.0,False,False,0.0,1.0,-0.017390282578366577,-0.017390282578366577,5.280270017424687
2021-06-30 00:00:00-04:00,82.09813690185547,178.30557250976562,-0.456880483769434,0.6338006748078584,-2.18,False,False,1.0,False,False,0.0,1.0,0.004946267136838575,0.004946267136838575,5.285216284561526
2021-07-01 00:00:00-04:00,83.24263000488281,180.02096557617188,-0.4548177879784966,1.3658926517752406,-1.627,False,False,1.0,False,False,0.0,1.0,0.004433713553299628,0.004433713553299628,5.289649998114825
2021-07-02 00:00:00-04:00,83.08570098876953,179.94430541992188,-0.4529119499133355,1.586774745231935,-1.404,False,False,1.0,False,False,0.0,1.0,0.0013420578651305312,0.0013420578651305312,5.290992055979956
2021-07-06 00:00:00-04:00,83.71332550048828,178.6313934326172,-0.45181859334021673,3.0043405933603538,-0.596,False,False,1.0,False,False,0.0,1.0,0.008621493303519202,0.008621493303519202,5.2996135492834755
2021-07-07 00:00:00-04:00,84.71937561035156,179.80055236816406,-0.451113505965332,3.6089180570457984,-0.235,False,False,1.0,False,False,0.0,1.0,0.0036457701979883657,0.0036457701979883657,5.303259319481464
2021-07-08 00:00:00-04:00,85.10702514648438,178.41099548339844,-0.45101126409579156,4.641656544928281,0.387,False,True,0.0,False,False,0.0,0.0,0.0062373833252302386,0.0062373833252302386,5.309496702806694
2021-07-09 00:00:00-04:00,84.76551055908203,179.1201629638672,-0.45061318322338334,4.051603746442666,0.082,False,False,0.0,False,False,0.0,0.0,-0.0035657171620332817,-0.0,5.309496702806694
2021-07-12 00:00:00-04:00,85.25470733642578,178.99557495117188,-0.4505137131597349,4.614746226011704,0.458,False,True,0.0,False,False,0.0,0.0,0.003394578528902477,0.0,5.309496702806694
2021-07-13 00:00:00-04:00,84.81167602539062,178.9093017578125,-0.4502336561331737,4.260686978737468,0.287,False,False,0.0,False,False,0.0,0.0,-0.0021411075294413195,-0.0,5.309496702806694
2021-07-14 00:00:00-04:00,85.97462463378906,179.41722106933594,-0.45044369137830825,5.157269278479404,0.865,False,False,0.0,False,False,0.0,0.0,0.005375452103875354,0.0,5.309496702806694
2021-07-15 00:00:00-04:00,87.45136260986328,181.0942840576172,-0.45102438703203795,5.773424147770726,1.2,False,False,0.0,False,False,0.0,0.0,0.0036430994829759226,0.0,5.309496702806694
2021-07-16 00:00:00-04:00,88.08820343017578,181.12303161621094,-0.45188494657068456,6.241431965563891,1.402,False,False,0.0,False,False,0.0,0.0,0.0027540405857177067,0.0,5.309496702806694
2021-07-19 00:00:00-04:00,86.97142791748047,173.3989715576172,-0.4538829796725517,8.268586034753142,2.34,False,False,0.0,True,False,-1.0,-1.0,0.012235780918991614,0.0,5.309496702806694
2021-07-20 00:00:00-04:00,86.59300994873047,175.98641967773438,-0.45497941348043375,6.522811943233421,1.307,False,False,0.0,False,False,-1.0,-1.0,-0.010474861926329782,0.010474861926329782,5.319971564733024
2021-07-21 00:00:00-04:00,85.0054931640625,173.60020446777344,-0.4556790151786391,5.8995229573771155,0.942,False,False,0.0,False,False,-1.0,-1.0,-0.0037979612944418115,0.0037979612944418115,5.323769526027466
2021-07-22 00:00:00-04:00,85.34698486328125,174.8172607421875,-0.456189214423067,5.597236017710273,0.808,False,False,0.0,False,False,-1.0,-1.0,-0.0018309686259446237,0.0018309686259446237,5.32560049465341
2021-07-23 00:00:00-04:00,86.78682708740234,179.877197265625,-0.45620351190603114,4.726217983010272,0.345,False,False,0.0,False,False,-1.0,-1.0,-0.0051586097742734325,0.0051586097742734325,5.330759104427684
2021-07-26 00:00:00-04:00,86.90682220458984,180.23179626464844,-0.45616985706476526,4.6905094640192715,0.326,False,False,0.0,False,False,-1.0,-1.0,-0.0002111391738485672,0.0002111391738485672,5.3309702436015325
2021-07-27 00:00:00-04:00,89.06655883789062,176.67642211914062,-0.4580514425255179,8.139668825970944,1.966,False,False,0.0,True,False,-1.0,-1.0,0.02028995461465703,-0.02028995461465703,5.310680288986876
2021-07-28 00:00:00-04:00,87.16524505615234,175.8426513671875,-0.45909415948125437,6.436910825778156,1.062,False,False,0.0,False,False,-1.0,-1.0,-0.010141888733498661,0.010141888733498661,5.320822177720374
2021-07-29 00:00:00-04:00,87.29447174072266,173.43727111816406,-0.46062838183888843,7.404342195010159,1.458,False,False,0.0,False,False,-1.0,-1.0,0.00578660571480812,-0.00578660571480812,5.315035572005566
2021-07-30 00:00:00-04:00,86.88835906982422,173.38937377929688,-0.46186009012546253,6.80672726932066,1.105,False,False,0.0,False,False,-1.0,-1.0,-0.00357917565051326,0.00357917565051326,5.3186147476560794
2021-08-02 00:00:00-04:00,87.40520477294922,173.27438354492188,-0.4632595487106298,7.134192048816132,1.186,False,False,0.0,False,False,-1.0,-1.0,0.001952959008639194,-0.001952959008639194,5.3166617886474405
2021-08-03 00:00:00-04:00,88.2451171875,178.82305908203125,-0.4636630733655769,5.331468024891251,0.354,False,False,0.0,False,False,-1.0,-1.0,-0.010532466798909805,0.010532466798909805,5.327194255446351
2021-08-04 00:00:00-04:00,88.44817352294922,177.70181274414062,-0.46434549903475997,5.933136604889768,0.616,False,False,0.0,False,False,-1.0,-1.0,0.0035192868597078916,-0.0035192868597078916,5.3236749685866425
2021-08-05 00:00:00-04:00,89.048095703125,180.23179626464844,-0.4646879669728523,5.296548713040195,0.346,False,False,0.0,False,False,-1.0,-1.0,-0.003683965324973367,0.003683965324973367,5.327358933911616
2021-08-06 00:00:00-04:00,88.89118957519531,179.46511840820312,-0.46508221052472054,5.425155593827483,0.407,False,False,0.0,False,False,-1.0,-1.0,0.0007461647277294563,-0.0007461647277294563,5.326612769183886
2021-08-09 00:00:00-04:00,88.9096450805664,179.76222229003906,-0.46538219564799543,5.251507376665003,0.319,False,False,0.0,False,False,-1.0,-1.0,-0.0010062609275067389,0.0010062609275067389,5.327619030111393
2021-08-10 00:00:00-04:00,88.69737243652344,182.7234344482422,-0.4648464703948758,3.7590288748286014,-0.401,False,False,0.0,False,True,0.0,0.0,-0.008595457986602922,0.008595457986602922,5.336214488097996
2021-08-11 00:00:00-04:00,88.98348999023438,186.12548828125,-0.46366802161469384,2.6830530667983084,-0.932,False,False,0.0,False,False,0.0,0.0,-0.006138473886200786,-0.0,5.336214488097996
2021-08-12 00:00:00-04:00,88.86079406738281,185.4642333984375,-0.46266337363859783,3.053286153965402,-0.793,False,False,0.0,False,False,0.0,0.0,0.002119635234146779,0.0,5.336214488097996
2021-08-13 00:00:00-04:00,89.42778015136719,185.8379669189453,-0.4619607507842245,3.577933429277337,-0.546,False,False,0.0,False,False,0.0,0.0,0.002993235843446852,0.0,5.336214488097996
2021-08-16 00:00:00-04:00,90.32940673828125,188.5692138671875,-0.46116176313162704,3.3684955989442074,-0.664,False,False,0.0,False,False,0.0,0.0,-0.0011813269491552409,-0.0,5.336214488097996
2021-08-17 00:00:00-04:00,90.4967269897461,182.982177734375,-0.461798052965793,5.995913584571042,0.604,False,True,0.0,False,False,0.0,0.0,0.015014028081180327,0.0,5.336214488097996
2021-08-18 00:00:00-04:00,89.66016387939453,184.96591186523438,-0.4615765334149341,4.284239480707427,-0.425,False,False,0.0,False,True,0.0,0.0,-0.009778978270722438,-0.0,5.336214488097996
2021-08-19 00:00:00-04:00,90.13421630859375,186.81546020507812,-0.4611458031141972,3.985050878174661,-0.698,False,False,0.0,False,False,0.0,0.0,-0.0016972025359470015,-0.0,5.336214488097996
2021-08-20 00:00:00-04:00,90.71049499511719,190.3611602783203,-0.46022413416949765,3.1016948265262556,-1.365,False,False,0.0,False,False,0.0,0.0,-0.004953788376279921,-0.0,5.336214488097996
2021-08-23 00:00:00-04:00,89.03739929199219,187.3824005126953,-0.4592186551318667,2.9879053331714402,-1.441,False,False,0.0,False,False,0.0,0.0,-0.0006499029781276163,-0.0,5.336214488097996
2021-08-24 00:00:00-04:00,87.79186248779297,185.9602813720703,-0.4580121885694795,2.6197870295748373,-1.627,True,False,1.0,False,False,0.0,1.0,-0.0021282951115018395,-0.0,5.336214488097996
2021-08-25 00:00:00-04:00,87.987060546875,186.59446716308594,-0.4568611805202925,2.7392920001926058,-1.462,False,False,1.0,False,False,0.0,1.0,0.0006898437874362347,0.0006898437874362347,5.336904331885432
2021-08-26 00:00:00-04:00,87.72679138183594,182.30889892578125,-0.45665074675861744,4.4752965466366135,-0.365,False,False,1.0,False,False,0.0,1.0,0.010153362657059097,0.010153362657059097,5.347057694542491
2021-08-27 00:00:00-04:00,87.75468444824219,184.87448120117188,-0.45594353609790905,3.462359755113468,-0.978,False,False,1.0,False,False,0.0,1.0,-0.0058875582701400885,-0.0058875582701400885,5.341170136272351
2021-08-30 00:00:00-04:00,88.3216781616211,186.05638122558594,-0.45529104162789874,3.611874551906652,-0.864,False,False,1.0,False,False,0.0,1.0,0.0008640901370235675,0.0008640901370235675,5.342034226409374
2021-08-31 00:00:00-04:00,87.81974029541016,186.65211486816406,-0.4543231207059896,3.0193689821330167,-1.17,False,False,1.0,False,False,0.0,1.0,-0.003432424902590649,-0.003432424902590649,5.338601801506783
2021-09-01 00:00:00-04:00,89.1396484375,187.92050170898438,-0.4537932815775687,3.862587291276867,-0.618,False,False,1.0,False,False,0.0,1.0,0.004834504166236954,0.004834504166236954,5.34343630567302
2021-09-02 00:00:00-04:00,89.97621154785156,187.94931030273438,-0.4537353527975296,4.69696492958802,-0.081,False,False,1.0,False,False,0.0,1.0,0.004760922410304004,0.004760922410304004,5.348197228083324
2021-09-03 00:00:00-04:00,89.30696105957031,191.02415466308594,-0.4527012101525248,2.830095075228243,-1.198,False,False,1.0,False,True,0.0,1.0,-0.010620259472979936,-0.010620259472979936,5.337576968610343
2021-09-07 00:00:00-04:00,87.4293441772461,190.26504516601562,-0.45097494782292796,1.6245753609751716,-1.831,True,False,1.0,False,False,0.0,1.0,-0.006958904879769183,-0.006958904879769183,5.330618063730574
2021-09-08 00:00:00-04:00,89.62298583984375,191.57186889648438,-0.4501561682006985,3.3857274023557693,-0.675,False,False,1.0,False,False,0.0,1.0,0.01001449786799602,0.01001449786799602,5.34063256159857
2021-09-09 00:00:00-04:00,89.2232894897461,193.79151916503906,-0.44878338325302936,2.2528758731155847,-1.306,False,False,1.0,False,False,0.0,1.0,-0.006429580111363161,-0.006429580111363161,5.3342029814872065
2021-09-10 00:00:00-04:00,88.20084381103516,196.8375244140625,-0.4463709934039256,0.3382824991606128,-2.225,True,False,1.0,False,False,0.0,1.0,-0.010874453851545106,-0.010874453851545106,5.3233285276356614
2021-09-13 00:00:00-04:00,87.07614135742188,194.1758575439453,-0.44417605760440354,0.8278744715979656,-1.785,False,False,1.0,False,False,0.0,1.0,0.0028247145188590684,0.0028247145188590684,5.32615324215452
2021-09-14 00:00:00-04:00,86.83446502685547,197.23147583007812,-0.441440018727925,-0.23140135731050293,-2.223,False,False,1.0,False,False,0.0,1.0,-0.006091281254690776,-0.006091281254690776,5.320061960899829
2021-09-15 00:00:00-04:00,85.53316497802734,197.04893493652344,-0.43836552548503116,-0.8462949316874671,-2.301,False,False,1.0,False,False,0.0,1.0,-0.00357677962731641,-0.00357677962731641,5.316485181272513
2021-09-16 00:00:00-04:00,85.12418365478516,201.228759765625,-0.4345170542453976,-2.3131442680290064,-2.711,False,False,1.0,False,False,0.0,1.0,-0.008500443250243033,-0.008500443250243033,5.307984738022269
2021-09-17 00:00:00-04:00,84.35269165039062,199.05718994140625,-0.43109507263510505,-1.4598821059397977,-2.12,False,False,1.0,False,False,0.0,1.0,0.005014314525645298,0.005014314525645298,5.312999052547915
2021-09-20 00:00:00-04:00,84.57577514648438,197.54856872558594,-0.4284323068648075,-0.060413870459370855,-1.409,False,False,1.0,False,False,0.0,1.0,0.008270504053299647,0.008270504053299647,5.321269556601215
2021-09-21 00:00:00-04:00,84.93828582763672,198.9226531982422,-0.42595133481966696,0.20691617197576306,-1.208,False,False,1.0,False,False,0.0,1.0,0.0015755913552936397,0.0015755913552936397,5.322845147956508
2021-09-22 00:00:00-04:00,84.79885864257812,203.58294677734375,-0.42272834304578016,-1.2614231209856541,-1.776,True,False,1.0,False,False,0.0,1.0,-0.008593858598791327,-0.008593858598791327,5.314251289357717
2021-09-23 00:00:00-04:00,83.91581726074219,201.8917694091797,-0.41971214153848974,-0.8206096369795688,-1.473,False,False,1.0,False,False,0.0,1.0,0.0026137421782060693,0.0026137421782060693,5.316865031535923
2021-09-24 00:00:00-04:00,83.65557098388672,202.47792053222656,-0.41676299642467,-0.729733886960247,-1.352,False,False,1.0,False,False,0.0,1.0,0.0005407955032195927,0.0005407955032195927,5.317405827039143
2021-09-27 00:00:00-04:00,82.1032943725586,202.08395385742188,-0.4134601641178755,-1.4503703549202385,-1.582,True,False,1.0,False,False,0.0,1.0,-0.004350173224686633,-0.004350173224686633,5.313055653814456
2021-09-28 00:00:00-04:00,81.58275604248047,198.9322509765625,-0.41081633679028884,-0.14186257315729733,-0.924,False,False,1.0,False,False,0.0,1.0,0.008012545572435319,0.008012545572435319,5.321068199386891
2021-09-29 00:00:00-04:00,82.7353515625,199.9988250732422,-0.40877617858902565,0.9805961267650503,-0.386,False,False,1.0,False,False,0.0,1.0,0.006823867528607006,0.006823867528607006,5.327892066915498
2021-09-30 00:00:00-04:00,81.9824447631836,194.68511962890625,-0.40760299508415276,2.6282069041248235,0.376,False,True,0.0,False,False,0.0,0.0,0.010212251489126805,0.010212251489126805,5.338104318404625
2021-10-01 00:00:00-04:00,81.44334411621094,193.4840087890625,-0.4065476384974721,2.7828772559934407,0.461,False,False,0.0,False,False,0.0,0.0,0.0009660628995982414,0.0,5.338104318404625
2021-10-04 00:00:00-04:00,83.06998443603516,188.3336944580078,-0.4073117262544032,6.3594622344746625,1.964,False,False,0.0,True,False,-1.0,-1.0,0.022384363735893097,0.0,5.338104318404625
2021-10-05 00:00:00-04:00,82.62380981445312,189.82305908203125,-0.4076001345449237,5.251905392888176,1.514,False,False,0.0,False,False,-1.0,-1.0,-0.006922415683914328,0.006922415683914328,5.345026734088539
2021-10-06 00:00:00-04:00,84.1946792602539,188.95826721191406,-0.408738948989175,6.960075717240457,2.116,False,False,0.0,False,False,-1.0,-1.0,0.010581539449902748,-0.010581539449902748,5.334445194638636
2021-10-07 00:00:00-04:00,83.39529418945312,190.25543212890625,-0.40919618893940995,5.543496437284119,1.466,False,False,0.0,False,False,-1.0,-1.0,-0.008785146218135802,0.008785146218135802,5.343230340856772
2021-10-08 00:00:00-04:00,82.54945373535156,187.10372924804688,-0.40979207445634463,5.87582838827619,1.517,False,False,0.0,True,False,-1.0,-1.0,0.0020872096740449826,-0.0020872096740449826,5.3411431311827275
2021-10-11 00:00:00-04:00,81.17378234863281,185.9602813720703,-0.40991784697544237,4.945344185646292,1.105,False,False,0.0,False,False,-1.0,-1.0,-0.005911506201154327,0.005911506201154327,5.347054637383882
2021-10-12 00:00:00-04:00,81.62924194335938,185.7296600341797,-0.41027131101302344,5.429690827133328,1.233,False,False,0.0,False,False,-1.0,-1.0,0.003068810399533246,-0.003068810399533246,5.3439858269843485
2021-10-13 00:00:00-04:00,82.70745849609375,187.31512451171875,-0.4108066021785028,5.757168658791386,1.29,False,False,0.0,False,False,-1.0,-1.0,0.0020511239515555563,-0.0020511239515555563,5.341934703032793
2021-10-14 00:00:00-04:00,83.56260681152344,189.57321166992188,-0.4112689511909779,5.597030874129416,1.203,False,False,0.0,False,False,-1.0,-1.0,-0.000991392226029628,0.000991392226029628,5.3429260952588224
2021-10-15 00:00:00-04:00,83.72061920166016,189.5540313720703,-0.4117654415116193,5.6688197834322835,1.182,False,False,0.0,False,False,-1.0,-1.0,0.00044376482663307235,-0.00044376482663307235,5.34248233043219
2021-10-18 00:00:00-04:00,82.57731628417969,196.50119018554688,-0.4103284255448475,1.9472922976555935,-0.141,False,False,0.0,False,False,-1.0,-1.0,-0.02280245165201504,0.02280245165201504,5.3652847820842045
2021-10-19 00:00:00-04:00,83.52542114257812,195.56912231445312,-0.40956792217042354,3.426582075554151,0.388,False,True,0.0,False,False,-1.0,-1.0,0.009040772902524313,-0.009040772902524313,5.3562440091816805
2021-10-20 00:00:00-04:00,84.64082336425781,194.3872528076172,-0.4096609544724334,5.007955841815146,0.938,False,False,0.0,False,False,-1.0,-1.0,0.009626457880901138,-0.009626457880901138,5.346617551300779
2021-10-21 00:00:00-04:00,84.7802505493164,202.1896514892578,-0.40835006372226884,2.216093479694649,-0.034,False,False,0.0,False,False,-1.0,-1.0,-0.01668333230757181,0.01668333230757181,5.3633008836083516
2021-10-22 00:00:00-04:00,85.19854736328125,200.0660858154297,-0.4077063182271573,3.6303401133539097,0.467,False,True,0.0,False,False,-1.0,-1.0,0.008480387094774383,-0.008480387094774383,5.354820496513577
2021-10-25 00:00:00-04:00,84.00877380371094,202.7758026123047,-0.40608624275630484,1.6643099989860275,-0.241,False,False,0.0,False,True,0.0,0.0,-0.011818406077527306,0.011818406077527306,5.366638902591104
2021-10-26 00:00:00-04:00,84.35269165039062,198.73048400878906,-0.40550264923544166,3.7669539009850865,0.511,False,True,0.0,False,False,0.0,0.0,0.012748053377557246,0.0,5.366638902591104
2021-10-27 00:00:00-04:00,83.62767028808594,198.8169403076172,-0.4046660340678628,3.17320754829548,0.287,False,False,0.0,False,False,0.0,0.0,-0.003618592358186454,-0.0,5.366638902591104
2021-10-28 00:00:00-04:00,84.1296157836914,201.87254333496094,-0.4035581151273069,2.6623126994789885,0.08,False,False,0.0,False,False,0.0,0.0,-0.003085171223650789,-0.0,5.366638902591104
2021-10-29 00:00:00-04:00,83.71133422851562,208.67562866210938,-0.40109211732809197,0.013184493659494478,-0.864,False,False,0.0,False,True,0.0,0.0,-0.01582424211043568,-0.0,5.366638902591104
2021-11-01 00:00:00-04:00,83.97159576416016,205.4662628173828,-0.399523511146147,1.8829930212823456,-0.217,False,False,0.0,False,False,0.0,0.0,0.01125982351239695,0.0,5.366638902591104
2021-11-02 00:00:00-04:00,84.48281860351562,207.20547485351562,-0.39806213649167776,2.0021645905525816,-0.209,False,False,0.0,False,False,0.0,0.0,0.0007137583293082165,0.0,5.366638902591104
2021-11-03 00:00:00-04:00,83.53472900390625,207.3303985595703,-0.3962947576556353,1.3707789520950513,-0.51,False,False,0.0,False,False,0.0,0.0,-0.0038104446097921036,-0.0,5.366638902591104
2021-11-04 00:00:00-04:00,83.39529418945312,209.5404052734375,-0.3942285519268756,0.7884836483352018,-0.79,False,False,0.0,False,False,0.0,0.0,-0.0035077585594769493,-0.0,5.366638902591104
2021-11-05 00:00:00-04:00,84.46422576904297,211.44297790527344,-0.39249882335956715,1.4731057335801836,-0.539,False,False,0.0,False,False,0.0,0.0,0.004088385963170371,0.0,5.366638902591104
2021-11-08 00:00:00-05:00,82.67958068847656,212.7401580810547,-0.38992623282875044,-0.27338772346193707,-1.244,False,False,0.0,False,False,0.0,0.0,-0.010544385548176919,-0.0,5.366638902591104
2021-11-09 00:00:00-05:00,83.46036529541016,212.22128295898438,-0.38801452119699953,1.1154258002668769,-0.73,False,False,0.0,False,False,0.0,0.0,0.00837617062664656,0.0,5.366638902591104
2021-11-10 00:00:00-05:00,84.89144134521484,208.7620849609375,-0.3875508274335785,3.9855225818445064,0.442,False,True,0.0,False,False,0.0,0.0,0.017310871413742206,0.0,5.366638902591104
2021-11-11 00:00:00-05:00,83.3929214477539,210.07852172851562,-0.3862957310258135,2.240485323814724,-0.378,False,False,0.0,False,True,0.0,0.0,-0.010605205055812422,-0.0,5.366638902591104
2021-11-12 00:00:00-05:00,83.12132263183594,212.50955200195312,-0.3845939306676813,1.3914387229767584,-0.855,False,False,0.0,False,False,0.0,0.0,-0.005150381478271864,-0.0,5.366638902591104
2021-11-15 00:00:00-05:00,84.80715942382812,214.17190551757812,-0.3835027471151819,2.6716453029437304,-0.284,False,False,0.0,False,False,0.0,0.0,0.007668540060993405,0.0,5.366638902591104
2021-11-16 00:00:00-05:00,84.44190979003906,220.1197967529297,-0.38138231236188125,0.4921127077794125,-1.368,False,False,0.0,False,False,0.0,0.0,-0.012943230017955606,-0.0,5.366638902591104
2021-11-17 00:00:00-05:00,85.04130554199219,217.47735595703125,-0.38013838122870797,2.369815494586817,-0.422,False,False,0.0,False,False,0.0,0.0,0.011195942326335586,0.0,5.366638902591104
2021-11-18 00:00:00-05:00,84.41378784179688,220.26390075683594,-0.3783178755658415,1.0840168436253492,-1.024,False,False,0.0,False,False,0.0,0.0,-0.007665263929377772,-0.0,5.366638902591104
2021-11-19 00:00:00-05:00,84.77906799316406,222.0456085205078,-0.37652511936597677,1.1733187402889058,-0.929,False,False,0.0,False,False,0.0,0.0,0.0005303441137039757,0.0,5.366638902591104
2021-11-22 00:00:00-05:00,85.71562957763672,220.53358459472656,-0.3755616949825862,2.891662746655655,-0.025,False,False,0.0,False,False,0.0,0.0,0.01019549140369774,0.0,5.366638902591104
2021-11-23 00:00:00-05:00,85.22862243652344,216.9798583984375,-0.37508726494427985,3.8422408018563914,0.55,False,True,0.0,False,False,0.0,0.0,0.005705236815254514,0.0,5.366638902591104
2021-11-24 00:00:00-05:00,84.93828582763672,217.4806671142578,-0.3744709325030314,3.4980976119792473,0.406,False,False,0.0,False,False,0.0,0.0,-0.00206843578687705,-0.0,5.366638902591104
2021-11-26 00:00:00-05:00,83.51467895507812,219.92684936523438,-0.37290759538977153,1.5022863966400735,-0.691,False,False,0.0,False,True,0.0,0.0,-0.012057310004280508,-0.0,5.366638902591104
2021-11-29 00:00:00-05:00,84.75096893310547,218.32815551757812,-0.3722421499526792,3.480026928039294,0.529,False,True,0.0,False,False,0.0,0.0,0.011912527209349811,0.0,5.366638902591104
2021-11-30 00:00:00-05:00,81.41675567626953,217.0087432861328,-0.3704601432501838,1.023665551946408,-0.928,False,False,0.0,False,True,0.0,0.0,-0.015180543334303636,-0.0,5.366638902591104
2021-12-01 00:00:00-05:00,82.11918640136719,215.65081787109375,-0.3693172024024284,2.4756296494192327,0.058,False,False,0.0,False,False,0.0,0.0,0.008975886963642087,0.0,5.366638902591104
2021-12-02 00:00:00-05:00,83.23371887207031,219.24305725097656,-0.36821416450614175,2.5053197226297783,0.153,False,False,0.0,False,False,0.0,0.0,0.00018107885875596254,0.0,5.366638902591104
2021-12-03 00:00:00-05:00,85.3878402709961,219.54164123535156,-0.3680850486905078,4.577844567287727,1.804,False,True,0.0,True,False,-1.0,-1.0,0.012470227620613483,0.0,5.366638902591104
2021-12-06 00:00:00-05:00,86.40872192382812,219.06007385253906,-0.3685109306566631,5.682690238711601,2.35,False,False,0.0,False,False,-1.0,-1.0,0.006610508272917005,-0.006610508272917005,5.360028394318187
2021-12-07 00:00:00-05:00,86.48363494873047,224.72293090820312,-0.36806618616773734,3.7707228249121982,0.977,False,False,0.0,False,False,-1.0,-1.0,-0.011300274425692515,0.011300274425692515,5.371328668743879
2021-12-08 00:00:00-05:00,86.68968200683594,226.49497985839844,-0.3674466664363837,3.4648566932915656,0.83,False,False,0.0,False,False,-1.0,-1.0,-0.0018001178148014769,0.0018001178148014769,5.373128786558681
2021-12-09 00:00:00-05:00,86.91445922851562,221.73744201660156,-0.3677092963469887,5.379540450809856,2.032,False,False,0.0,True,False,-1.0,-1.0,0.011366523166666573,-0.011366523166666573,5.361762263392015
2021-12-10 00:00:00-05:00,87.55133819580078,225.65708923339844,-0.36764110322529575,4.590516959425173,1.435,False,False,0.0,False,False,-1.0,-1.0,-0.004627373754529968,0.004627373754529968,5.366389637146544
2021-12-13 00:00:00-05:00,89.07795715332031,224.5496063232422,-0.36837519955176934,6.35945111472472,2.323,False,False,0.0,True,False,-1.0,-1.0,0.010296685522119564,-0.010296685522119564,5.356092951624425
2021-12-14 00:00:00-05:00,88.75015258789062,225.5415496826172,-0.3687780021162214,5.575390501738568,1.733,False,False,0.0,False,False,-1.0,-1.0,-0.004560482780943504,0.004560482780943504,5.360653434405369
2021-12-15 00:00:00-05:00,90.829345703125,228.21888732910156,-0.36958341421942686,6.483430134676951,2.064,False,False,0.0,False,False,-1.0,-1.0,0.00518360655692504,-0.00518360655692504,5.355469827848443
2021-12-16 00:00:00-05:00,92.12184143066406,224.45326232910156,-0.37143715306086855,8.751560675918284,2.799,False,False,0.0,False,False,-1.0,-1.0,0.012924400896155456,-0.012924400896155456,5.342545426952288
2021-12-17 00:00:00-05:00,90.18311309814453,218.2799835205078,-0.37330272297864814,8.698600878204516,2.463,False,False,0.0,False,False,-1.0,-1.0,-0.000308501953211263,0.000308501953211263,5.342853928905499
2021-12-20 00:00:00-05:00,90.16438293457031,214.09063720703125,-0.3756464226185846,9.742000951615779,2.539,False,False,0.0,False,False,-1.0,-1.0,0.0061165359101318624,-0.0061165359101318624,5.336737392995367
2021-12-21 00:00:00-05:00,88.7220687866211,214.80328369140625,-0.3770904986595252,7.721791425725257,1.601,False,False,0.0,False,False,-1.0,-1.0,-0.011903026158586235,0.011903026158586235,5.348640419153954
2021-12-22 00:00:00-05:00,88.75951385498047,218.93490600585938,-0.37774115687898874,6.058789179134493,0.903,False,False,0.0,False,False,-1.0,-1.0,-0.009699054782848543,0.009699054782848543,5.358339473936803
2021-12-23 00:00:00-05:00,88.64713287353516,219.84014892578125,-0.3781155375663168,5.522156783804249,0.65,False,False,0.0,False,False,-1.0,-1.0,-0.003124095049942039,0.003124095049942039,5.3614635689867445
2021-12-27 00:00:00-05:00,89.2371826171875,222.9219970703125,-0.3782062158305678,4.92669767983169,0.382,False,False,0.0,False,False,-1.0,-1.0,-0.0034310982818908536,0.0034310982818908536,5.3648946672686355
2021-12-28 00:00:00-05:00,90.37980651855469,222.63307189941406,-0.37879898878397744,6.04662401318609,0.78,False,False,0.0,False,False,-1.0,-1.0,0.006410092000664296,-0.006410092000664296,5.358484575267971
2021-12-29 00:00:00-05:00,90.7731704711914,228.0166473388672,-0.3786703902064326,4.43001764982003,0.077,False,False,0.0,False,False,-1.0,-1.0,-0.00912737083354949,0.00912737083354949,5.36761194610152
2021-12-30 00:00:00-05:00,90.96048736572266,227.97811889648438,-0.37861298016468414,4.645012357986019,0.159,False,False,0.0,False,False,-1.0,-1.0,0.0012127685292892061,-0.0012127685292892061,5.366399177572231
2021-12-31 00:00:00-05:00,90.91364288330078,229.7886962890625,-0.37826188330643973,3.9933378624685076,-0.139,False,False,0.0,False,False,-1.0,-1.0,-0.0036645112094616313,0.0036645112094616313,5.370063688781693
2022-01-03 00:00:00-05:00,89.99580383300781,227.0150604248047,-0.3779887116453044,4.186673618954956,-0.093,False,False,0.0,False,False,-1.0,-1.0,0.001099717465464846,-0.001099717465464846,5.368963971316228
2022-01-04 00:00:00-05:00,89.7710189819336,227.57363891601562,-0.3775652654872791,3.8471175867019696,-0.259,False,False,0.0,False,True,0.0,0.0,-0.0019326456992840733,0.0019326456992840733,5.370896617015513
2022-01-05 00:00:00-05:00,90.81062316894531,221.26553344726562,-0.3785808231042801,7.043735391871877,1.097,False,True,0.0,False,False,0.0,0.0,0.018310593316674884,0.0,5.370896617015513
2022-01-06 00:00:00-05:00,90.23931121826172,222.7678985595703,-0.3790845658795147,5.791439100915227,0.489,False,False,0.0,False,False,0.0,0.0,-0.007168793193893019,-0.0,5.370896617015513
2022-01-07 00:00:00-05:00,91.0447769165039,219.94610595703125,-0.38029635531970807,7.4000744542825885,1.171,False,False,0.0,False,False,0.0,0.0,0.009208541688305422,0.0,5.370896617015513
2022-01-10 00:00:00-05:00,90.75444793701172,218.99266052246094,-0.3814538884917499,7.21884602956527,1.036,False,False,0.0,False,False,0.0,0.0,-0.0010398093573273518,-0.0,5.370896617015513
2022-01-11 00:00:00-05:00,89.2746353149414,217.46139526367188,-0.3821378099189381,6.174413986965305,0.487,False,False,0.0,False,False,0.0,0.0,-0.006059074176714497,-0.0,5.370896617015513
2022-01-12 00:00:00-05:00,89.63053894042969,220.45654296875,-0.38241923200838907,5.323717087095886,0.046,False,False,0.0,False,False,0.0,0.0,-0.004890823317010572,-0.0,5.370896617015513
2022-01-13 00:00:00-05:00,91.1103286743164,222.26710510253906,-0.3829862909847661,5.98507448317379,0.342,False,True,0.0,False,False,0.0,0.0,0.0037526893566255234,0.0,5.370896617015513
2022-01-14 00:00:00-05:00,90.1456527709961,213.77281188964844,-0.38445982688563346,7.95859451904677,1.282,False,False,0.0,False,False,0.0,0.0,0.011451801716333547,0.0,5.370896617015513
2022-01-18 00:00:00-05:00,89.69609832763672,213.25274658203125,-0.3857347060933438,7.437112801218561,0.953,False,False,0.0,False,False,0.0,0.0,-0.0030326624031122643,-0.0,5.370896617015513
2022-01-19 00:00:00-05:00,89.93962097167969,212.51119995117188,-0.3871141510143612,7.673528221538632,1.056,False,False,0.0,False,False,0.0,0.0,0.0013728662958418102,0.0,5.370896617015513
2022-01-20 00:00:00-05:00,90.53903198242188,202.13893127441406,-0.39031846506900997,11.64047459670249,2.876,False,False,0.0,True,False,-1.0,-1.0,0.02341243398207687,0.0,5.370896617015513
2022-01-21 00:00:00-05:00,90.8387222290039,201.3877410888672,-0.3935860007326885,11.575326617246546,2.553,False,False,0.0,False,False,-1.0,-1.0,-0.00038299334707243864,0.00038299334707243864,5.371279610362585
2022-01-24 00:00:00-05:00,89.0966796875,209.15008544921875,-0.39455689347918343,6.575071701750488,0.085,False,False,0.0,False,False,-1.0,-1.0,-0.0291359096008243,0.0291359096008243,5.400415519963409
2022-01-25 00:00:00-05:00,88.74079895019531,204.51771545410156,-0.3959892607177963,7.753980003833021,0.635,False,True,0.0,False,False,-1.0,-1.0,0.00694588374415902,-0.00694588374415902,5.39346963621925
2022-01-26 00:00:00-05:00,88.14137268066406,199.47122192382812,-0.3979204827811264,8.767687751793176,1.071,False,False,0.0,False,False,-1.0,-1.0,0.006051442553439174,-0.006051442553439174,5.387418193665811
2022-01-27 00:00:00-05:00,89.07795715332031,201.5225830078125,-0.39976591831978525,8.516096695027002,0.896,False,False,0.0,False,False,-1.0,-1.0,-0.001483089644332118,0.001483089644332118,5.388901283310143
2022-01-28 00:00:00-05:00,90.44536590576172,206.9061279296875,-0.4011142484733296,7.452369896718523,0.325,False,False,0.0,False,False,-1.0,-1.0,-0.006133169078424505,0.006133169078424505,5.395034452388567
2022-01-31 00:00:00-05:00,90.88555908203125,210.24798583984375,-0.4019364396376589,6.3792322125755305,-0.258,False,False,0.0,False,True,0.0,0.0,-0.006118513854397002,0.006118513854397002,5.4011529662429645
2022-02-01 00:00:00-05:00,89.12480926513672,212.1741180419922,-0.40157106888336735,3.921821893628163,-1.458,False,False,0.0,False,False,0.0,0.0,-0.014096491588598428,-0.0,5.4011529662429645
2022-02-02 00:00:00-05:00,90.0239028930664,212.73269653320312,-0.40148605108205965,4.614692625912525,-1.079,False,False,0.0,False,False,0.0,0.0,0.003949486615172668,0.0,5.4011529662429645
2022-02-03 00:00:00-05:00,89.62117767333984,211.3555145263672,-0.40148398955690173,4.765322486442244,-0.964,False,False,0.0,False,False,0.0,0.0,0.0008633219975168825,0.0,5.4011529662429645
2022-02-04 00:00:00-05:00,88.63777923583984,208.9189453125,-0.4014829723422487,4.76038009316963,-0.911,False,False,0.0,False,False,0.0,0.0,-2.8649034357836654e-05,-0.0,5.4011529662429645
2022-02-07 00:00:00-05:00,88.71270751953125,209.57383728027344,-0.4014008951314093,4.589581639105177,-0.939,False,False,0.0,False,False,0.0,0.0,-0.0009882120547838624,-0.0,5.4011529662429645
2022-02-08 00:00:00-05:00,88.47855377197266,213.75355529785156,-0.4004983516335299,2.8706072193765237,-1.684,True,False,1.0,False,False,0.0,1.0,-0.009874254560369576,-0.0,5.4011529662429645
2022-02-09 00:00:00-05:00,88.33805847167969,216.17086791992188,-0.39917266974534504,2.048556002916115,-1.906,False,False,1.0,False,False,0.0,1.0,-0.004707454035510291,-0.004707454035510291,5.396445512207454
2022-02-10 00:00:00-05:00,86.16521453857422,212.4341583251953,-0.39766199934422763,1.6882224099688443,-1.898,False,False,1.0,False,False,0.0,1.0,-0.0021116322859681775,-0.0021116322859681775,5.394333879921486
2022-02-11 00:00:00-05:00,86.10665893554688,211.33627319335938,-0.39644514190804886,2.3234201190873307,-1.519,False,False,1.0,False,False,0.0,1.0,0.0037388786356543947,0.0037388786356543947,5.398072758557141
2022-02-14 00:00:00-05:00,84.61507415771484,209.8820037841797,-0.39495475045999096,1.7211797270912825,-1.663,False,False,1.0,False,False,0.0,1.0,-0.0035952725222497418,-0.0035952725222497418,5.394477486034891
2022-02-15 00:00:00-05:00,83.92591857910156,211.40365600585938,-0.3930326877459968,0.837371459788514,-1.853,False,False,1.0,False,False,0.0,1.0,-0.005291806692353824,-0.005291806692353824,5.389185679342537
2022-02-16 00:00:00-05:00,84.13361358642578,207.10838317871094,-0.39208521713321465,2.9294781976918784,-1.016,False,False,1.0,False,False,0.0,1.0,0.012653533454224554,0.012653533454224554,5.401839212796761
2022-02-17 00:00:00-05:00,84.38850402832031,206.47967529296875,-0.39147391034234136,3.5570981351649067,-0.76,False,False,1.0,False,False,0.0,1.0,0.0037986943448360304,0.0037986943448360304,5.405637907141597
2022-02-18 00:00:00-05:00,84.9643783569336,207.15672302246094,-0.3910635390145745,3.952937121108036,-0.61,False,False,1.0,False,False,0.0,1.0,0.0023849196040385038,0.0023849196040385038,5.408022826745635
2022-02-22 00:00:00-05:00,84.76612091064453,193.7899169921875,-0.39288786615961174,8.628413940335705,1.091,False,True,0.0,False,False,0.0,0.0,0.02905758601769795,0.02905758601769795,5.437080412763334
2022-02-23 00:00:00-05:00,83.39724731445312,185.5009307861328,-0.3954904870772129,10.033393844569105,1.502,False,False,0.0,True,False,-1.0,-1.0,0.008962554467937109,0.0,5.437080412763334
2022-02-24 00:00:00-05:00,83.71822357177734,188.97323608398438,-0.3974632613234581,8.608304854989115,0.959,False,False,0.0,False,False,-1.0,-1.0,-0.00897252192870725,0.00897252192870725,5.446052934692041
2022-02-25 00:00:00-05:00,85.7668228149414,194.08975219726562,-0.3992619291613228,8.27417392221804,0.805,False,False,0.0,False,False,-1.0,-1.0,-0.0020466251009887823,0.0020466251009887823,5.44809955979303
2022-02-28 00:00:00-05:00,85.7951431274414,197.107421875,-0.40037730698341745,6.877804370684558,0.317,False,False,0.0,False,False,-1.0,-1.0,-0.008477618305303691,0.008477618305303691,5.456577178098334
2022-03-01 00:00:00-05:00,84.31297302246094,198.4518585205078,-0.40046395538664287,4.840156805507931,-0.381,False,False,0.0,False,True,0.0,0.0,-0.012440930160296721,0.012440930160296721,5.469018108258631
2022-03-02 00:00:00-05:00,85.5213623046875,200.88922119140625,-0.4006059181614254,5.043951400570521,-0.296,False,False,0.0,False,False,0.0,0.0,0.0012276873564977678,0.0,5.469018108258631
2022-03-03 00:00:00-05:00,87.27729034423828,207.6210174560547,-0.40031581437031655,4.163313660924047,-0.593,False,False,0.0,False,False,0.0,0.0,-0.005168326728294552,-0.0,5.469018108258631
2022-03-04 00:00:00-05:00,89.3164291381836,214.652587890625,-0.3996909441324947,3.5217336236963916,-0.786,False,False,0.0,False,False,0.0,0.0,-0.0036638451069297587,-0.0,5.469018108258631
2022-03-07 00:00:00-05:00,90.10943603515625,220.02061462402344,-0.3985175203246629,2.4273662748821607,-1.101,False,False,0.0,False,False,0.0,0.0,-0.006155341021035206,-0.0,5.469018108258631
2022-03-08 00:00:00-05:00,88.74057006835938,212.09918212890625,-0.3982296278754726,4.276391696472942,-0.431,False,False,0.0,False,False,0.0,0.0,0.01067537373104225,0.0,5.469018108258631
2022-03-09 00:00:00-05:00,87.41889190673828,217.4768524169922,-0.3964825148506606,1.1931225386432516,-1.402,False,False,0.0,False,False,0.0,0.0,-0.01775619898241326,-0.0,5.469018108258631
2022-03-10 00:00:00-05:00,88.32518768310547,221.4424285888672,-0.3945646183891723,0.951840351767558,-1.439,False,False,0.0,False,False,0.0,0.0,-0.0013732737547063716,-0.0,5.469018108258631
2022-03-11 00:00:00-05:00,88.6083984375,219.09210205078125,-0.39336034427067185,2.4262537478195156,-0.889,False,False,0.0,False,False,0.0,0.0,0.008435315605027614,0.0,5.469018108258631
2022-03-14 00:00:00-04:00,88.53287506103516,216.98358154296875,-0.3926281851572286,3.3390052309038225,-0.504,False,False,0.0,False,False,0.0,0.0,0.0052539491467252925,0.0,5.469018108258631
2022-03-15 00:00:00-04:00,89.29754638671875,220.40750122070312,-0.3917350527497062,2.9562022695956784,-0.608,False,False,0.0,False,False,0.0,0.0,-0.002179488609897424,-0.0,5.469018108258631
2022-03-16 00:00:00-04:00,89.30699157714844,219.67239379882812,-0.39105183036431024,3.4036999016071405,-0.387,False,False,0.0,False,False,0.0,0.0,0.002554060319428154,0.0,5.469018108258631
2022-03-17 00:00:00-04:00,90.43041229248047,224.9727325439453,-0.3900377984258202,2.682542985199163,-0.638,False,False,0.0,False,False,0.0,0.0,-0.004047389557992807,-0.0,5.469018108258631
2022-03-18 00:00:00-04:00,89.38252258300781,225.87222290039062,-0.3885185360432522,1.6269772089129049,-1.029,False,False,0.0,False,False,0.0,0.0,-0.005959000165576396,-0.0,5.469018108258631
2022-03-21 00:00:00-04:00,90.34544372558594,223.99583435058594,-0.38785043322300533,3.468562332562641,-0.199,False,False,0.0,False,False,0.0,0.0,0.010391383379138164,0.0,5.469018108258631
2022-03-22 00:00:00-04:00,90.03390502929688,224.20860290527344,-0.3871120664248373,3.240049448410687,-0.29,False,False,0.0,False,True,0.0,0.0,-0.0012922907769878425,-0.0,5.469018108258631
2022-03-23 00:00:00-04:00,90.13775634765625,224.50843811035156,-0.3864383288639808,3.379090708429544,-0.213,False,False,0.0,False,False,0.0,0.0,0.0007860038007392083,0.0,5.469018108258631
2022-03-24 00:00:00-04:00,91.20453643798828,225.6787872314453,-0.38609070969479176,4.072053312739655,0.1,False,False,0.0,False,False,0.0,0.0,0.0038856912939738337,0.0,5.469018108258631
2022-03-25 00:00:00-04:00,92.58283996582031,224.58584594726562,-0.38654197366315907,5.770983816554065,0.828,False,True,0.0,False,False,0.0,0.0,0.009470349684834047,0.0,5.469018108258631
2022-03-28 00:00:00-04:00,93.0359878540039,224.61483764648438,-0.38716225232655577,6.073601404827372,0.93,False,False,0.0,False,False,0.0,0.0,0.0016812240079657212,0.0,5.469018108258631
2022-03-29 00:00:00-04:00,93.63072967529297,225.69813537597656,-0.3878017373408886,6.1046006618901885,0.894,False,False,0.0,False,False,0.0,0.0,0.00017111831860634473,0.0,5.469018108258631
2022-03-30 00:00:00-04:00,94.67863464355469,225.21453857421875,-0.3888937880157998,7.094099621196293,1.237,False,False,0.0,False,False,0.0,0.0,0.005428957266132525,0.0,5.469018108258631
2022-03-31 00:00:00-04:00,94.2254867553711,225.7174530029297,-0.3896280511041073,6.279635441656666,0.841,False,False,0.0,False,False,0.0,0.0,-0.004470868953220042,-0.0,5.469018108258631
2022-04-01 00:00:00-04:00,95.47163391113281,219.27586364746094,-0.3918392542801008,9.55074301788666,2.02,False,False,0.0,True,False,-1.0,-1.0,0.018033309695411587,0.0,5.469018108258631
2022-04-04 00:00:00-04:00,94.86744689941406,220.2140655517578,-0.393497410181298,8.213782419302774,1.392,False,False,0.0,False,False,-1.0,-1.0,-0.00736531739158737,0.00736531739158737,5.476383425650218
2022-04-05 00:00:00-04:00,96.0380630493164,217.13833618164062,-0.3959758889566855,10.056517353215625,1.963,False,False,0.0,True,False,-1.0,-1.0,0.010123826474598148,-0.010123826474598148,5.46625959917562
2022-04-06 00:00:00-04:00,98.1527328491211,217.54454040527344,-0.39907414936885865,11.336330437047295,2.197,False,False,0.0,False,False,-1.0,-1.0,0.006919062912979755,-0.006919062912979755,5.459340536262641
2022-04-07 00:00:00-04:00,98.00169372558594,223.40582275390625,-0.40087613602420424,8.443630734691752,1.092,False,False,0.0,False,False,-1.0,-1.0,-0.015422816455921393,0.015422816455921393,5.474763352718562
2022-04-08 00:00:00-04:00,98.64363098144531,228.6287841796875,-0.4018599827752309,6.76687170907411,0.469,False,False,0.0,False,False,-1.0,-1.0,-0.008800942636028706,0.008800942636028706,5.483564295354591
2022-04-11 00:00:00-04:00,97.86006927490234,227.40042114257812,-0.4026005397123964,6.308536992074153,0.337,False,False,0.0,False,False,-1.0,-1.0,-0.0024197816460585792,0.0024197816460585792,5.48598407700065
2022-04-12 00:00:00-04:00,98.56810760498047,228.92861938476562,-0.4032995308560436,6.241302807582727,0.369,False,False,0.0,False,False,-1.0,-1.0,-0.0003522052193287687,0.0003522052193287687,5.486336282219979
2022-04-13 00:00:00-04:00,97.42581176757812,229.59597778320312,-0.4033497609415564,4.818329015580247,-0.13,False,False,0.0,False,False,-1.0,-1.0,-0.007488023588708002,0.007488023588708002,5.493824305808687
2022-04-14 00:00:00-04:00,97.4163818359375,220.74600219726562,-0.40483618156325335,8.050413211042951,1.127,False,True,0.0,False,False,-1.0,-1.0,0.017304012865714886,-0.017304012865714886,5.476520292942972
2022-04-18 00:00:00-04:00,97.08595275878906,210.39688110351562,-0.407835590602223,11.27861649307107,2.168,False,False,0.0,True,False,-1.0,-1.0,0.017650747598483785,-0.017650747598483785,5.458869545344488
2022-04-19 00:00:00-04:00,98.67195129394531,214.3817596435547,-0.4106186313544729,10.642806561745317,1.782,False,False,0.0,False,False,-1.0,-1.0,-0.003405496512118573,0.003405496512118573,5.462275041856606
2022-04-20 00:00:00-04:00,99.50272369384766,213.8401336669922,-0.4135919686957703,11.060161824349692,1.771,False,False,0.0,False,False,-1.0,-1.0,0.0022206210778493176,-0.0022206210778493176,5.460054420778757
2022-04-21 00:00:00-04:00,99.84258270263672,211.99276733398438,-0.4167768628142276,11.48890219387225,1.756,False,False,0.0,False,False,-1.0,-1.0,0.0022781555924994805,-0.0022781555924994805,5.457776265186258
2022-04-22 00:00:00-04:00,98.16217803955078,199.87367248535156,-0.42112454578021863,13.990468500732916,2.255,False,False,0.0,False,False,-1.0,-1.0,0.013719700380904084,-0.013719700380904084,5.444056564805353
2022-04-25 00:00:00-04:00,97.15204620361328,203.0751190185547,-0.42417786284269987,11.012076221795837,1.313,False,False,0.0,False,False,-1.0,-1.0,-0.01624943814205161,0.01624943814205161,5.460306002947405
2022-04-26 00:00:00-04:00,96.8876953125,199.11920166015625,-0.4275438747942352,11.755500288782088,1.424,False,False,0.0,False,False,-1.0,-1.0,0.004084301257478154,-0.004084301257478154,5.456221701689927
2022-04-27 00:00:00-04:00,96.37792205810547,198.56790161132812,-0.4305400317480478,10.886491394221025,1.122,False,False,0.0,False,False,-1.0,-1.0,-0.004778204142450826,0.004778204142450826,5.460999905832377
2022-04-28 00:00:00-04:00,97.02931213378906,201.64364624023438,-0.43299263830997364,9.719097749786982,0.748,False,False,0.0,False,False,-1.0,-1.0,-0.006332844976258384,0.006332844976258384,5.467332750808636
2022-04-29 00:00:00-04:00,94.45207214355469,194.84414672851562,-0.43538699058436414,9.619465466447991,0.673,False,False,0.0,False,False,-1.0,-1.0,-0.0005557211246068236,0.0005557211246068236,5.467888471933242
2022-05-02 00:00:00-04:00,94.14997100830078,199.55447387695312,-0.4365642596810116,7.031619854174977,-0.138,False,False,0.0,False,False,-1.0,-1.0,-0.014276325733043192,0.014276325733043192,5.482164797666285
2022-05-03 00:00:00-04:00,93.9894790649414,198.93545532226562,-0.4376459900166351,6.926174771018381,-0.213,False,False,0.0,False,True,0.0,0.0,-0.0005823996803605792,0.0005823996803605792,5.4827471973466455
2022-05-04 00:00:00-04:00,95.87757110595703,205.65756225585938,-0.4381703661128723,5.764521758426298,-0.615,False,False,0.0,False,False,0.0,0.0,-0.006245761263442785,-0.0,5.4827471973466455
2022-05-05 00:00:00-04:00,95.41498565673828,197.52333068847656,-0.43999123690295555,8.506451069923955,0.224,False,True,0.0,False,False,0.0,0.0,0.015038812918020204,0.0,5.4827471973466455
2022-05-06 00:00:00-04:00,95.0279312133789,195.9177703857422,-0.4418532112258999,8.461035232220212,0.152,False,False,0.0,False,False,0.0,0.0,-0.0002500943358650314,-0.0,5.4827471973466455
2022-05-09 00:00:00-04:00,96.23631286621094,191.73944091796875,-0.44492283827654283,10.927056603430785,0.995,False,True,0.0,False,False,0.0,0.0,0.013583484207529322,0.0,5.4827471973466455
2022-05-10 00:00:00-04:00,95.0279312133789,191.57501220703125,-0.44728804265063477,9.33871898252444,0.354,False,False,0.0,False,False,0.0,0.0,-0.008789081050279446,-0.0,5.4827471973466455
2022-05-11 00:00:00-04:00,96.05694580078125,185.27845764160156,-0.45117007722635155,12.464849758240575,1.526,False,False,0.0,True,False,-1.0,-1.0,0.017401321730636004,0.0,5.4827471973466455
2022-05-12 00:00:00-04:00,95.8648681640625,190.08551025390625,-0.45374149439882405,9.615184677892088,0.32,False,False,0.0,False,False,-1.0,-1.0,-0.015647651736372614,0.015647651736372614,5.498394849083018
2022-05-13 00:00:00-04:00,97.07245635986328,195.23106384277344,-0.4555333552363276,8.138194801207021,-0.354,False,False,0.0,False,True,0.0,0.0,-0.00794051899422291,0.00794051899422291,5.5063353680772416
2022-05-16 00:00:00-04:00,97.71903228759766,198.8677520751953,-0.4566772021769329,6.90066366668151,-0.922,False,False,0.0,False,False,0.0,0.0,-0.006563849552195816,-0.0,5.5063353680772416
2022-05-17 00:00:00-04:00,98.36560821533203,200.8118438720703,-0.4575813292876084,6.4778577596544125,-1.123,False,False,0.0,False,False,0.0,0.0,-0.002222330843358317,-0.0,5.5063353680772416
2022-05-18 00:00:00-04:00,96.9393310546875,175.67410278320312,-0.463017187034791,15.599202149148041,2.579,False,True,0.0,True,False,-1.0,-1.0,0.051163181622428874,0.0,5.5063353680772416
2022-05-19 00:00:00-04:00,97.81411743164062,177.73423767089844,-0.46821614976329134,14.59607698825883,1.987,False,False,0.0,False,False,-1.0,-1.0,-0.005541143477844034,0.005541143477844034,5.511876511555085
2022-05-20 00:00:00-04:00,98.46070098876953,174.05886840820312,-0.4741297802906646,15.934207952746476,2.235,False,False,0.0,False,False,-1.0,-1.0,0.007393511854238385,-0.007393511854238385,5.504482999700847
2022-05-23 00:00:00-04:00,99.85844421386719,171.04116821289062,-0.48098455973357745,17.59028322467323,2.465,False,False,0.0,False,False,-1.0,-1.0,0.009092989297638968,-0.009092989297638968,5.495390010403208
2022-05-24 00:00:00-04:00,102.95822143554688,165.8006591796875,-0.49008340752841306,21.702069414308568,3.084,False,False,0.0,False,False,-1.0,-1.0,0.022320658874102037,-0.022320658874102037,5.473069351529106
2022-05-25 00:00:00-04:00,100.609619140625,171.8675994873047,-0.4960799185744367,15.349554381378994,1.303,False,False,0.0,False,False,-1.0,-1.0,-0.03417725203832438,0.03417725203832438,5.50724660356743
2022-05-26 00:00:00-04:00,100.21977233886719,180.74436950683594,-0.49914619294978235,10.001908402421293,-0.116,False,False,0.0,False,False,-1.0,-1.0,-0.02808082521685305,0.02808082521685305,5.535327428784283
2022-05-27 00:00:00-04:00,101.29423522949219,187.0933074951172,-0.5007985296958044,7.598181920012479,-0.761,False,False,0.0,False,True,0.0,0.0,-0.012327416408373544,0.012327416408373544,5.547654845192657
2022-05-31 00:00:00-04:00,99.9059829711914,182.16390991210938,-0.5027609285827134,8.321086469521546,-0.593,False,False,0.0,False,False,0.0,0.0,0.0037751382807321636,0.0,5.547654845192657
2022-06-01 00:00:00-04:00,99.52564239501953,185.37240600585938,-0.5036014068369333,6.171837941721563,-1.171,False,False,0.0,False,False,0.0,0.0,-0.011142962938348613,-0.0,5.547654845192657
2022-06-02 00:00:00-04:00,99.70631408691406,189.88369750976562,-0.5033020849559284,4.137453231108182,-1.697,True,False,1.0,False,False,0.0,1.0,-0.010418040650636347,-0.0,5.547654845192657
2022-06-03 00:00:00-04:00,99.05972290039062,189.0475616455078,-0.5028683292997086,3.9936914175304423,-1.642,False,False,1.0,False,False,0.0,1.0,-0.0007405602313535357,-0.0007405602313535357,5.546914284961304
2022-06-06 00:00:00-04:00,99.183349609375,193.56858825683594,-0.5014338940476664,2.1214986344403712,-1.932,False,False,1.0,False,False,0.0,1.0,-0.009540069145720339,-0.009540069145720339,5.537374215815583
2022-06-07 00:00:00-04:00,100.40994262695312,195.53257751464844,-0.5002076755203572,2.6030465398467726,-1.679,False,False,1.0,False,False,0.0,1.0,0.0024293995834585233,0.0024293995834585233,5.539803615399041
2022-06-08 00:00:00-04:00,97.89017486572266,192.84912109375,-0.49854512738775497,1.7461852234224722,-1.729,False,False,1.0,False,False,0.0,1.0,-0.004416033220731451,-0.004416033220731451,5.53538758217831
2022-06-09 00:00:00-04:00,94.62875366210938,196.05758666992188,-0.4947015317217146,-2.3612347691637865,-2.325,False,False,1.0,False,False,0.0,1.0,-0.021435377081144645,-0.021435377081144645,5.513952205097166
2022-06-10 00:00:00-04:00,94.42908477783203,189.88369750976562,-0.4924819899546398,0.9147835682777696,-1.551,False,False,1.0,False,False,0.0,1.0,0.017430878560746075,0.017430878560746075,5.531383083657912
2022-06-13 00:00:00-04:00,90.88240051269531,186.70437622070312,-0.4895894542577776,-0.526093148737516,-1.691,False,False,1.0,False,False,0.0,1.0,-0.007904271486204513,-0.007904271486204513,5.5234788121717076
2022-06-14 00:00:00-04:00,87.5259017944336,186.84051513671875,-0.4852851655318825,-3.1450285217511578,-1.98,False,False,1.0,False,False,0.0,1.0,-0.014696868300037446,-0.014696868300037446,5.5087819438716705
2022-06-15 00:00:00-04:00,87.36424255371094,190.69070434570312,-0.4803331761688378,-4.230829130533451,-1.971,False,False,1.0,False,False,0.0,1.0,-0.006067304255192583,-0.006067304255192583,5.502714639616478
2022-06-16 00:00:00-04:00,86.7271728515625,185.3529510498047,-0.47671814151869785,-1.6339414979065623,-1.436,False,False,1.0,False,False,0.0,1.0,0.014831875245002617,0.014831875245002617,5.517546514861481
2022-06-17 00:00:00-04:00,85.92848205566406,183.49591064453125,-0.4735183702174111,-0.9602024942940801,-1.248,False,False,1.0,False,False,0.0,1.0,0.0038985652689815806,0.0038985652689815806,5.521445080130462
2022-06-21 00:00:00-04:00,87.3832778930664,189.97120666503906,-0.46984764400773604,-1.8742459878089193,-1.315,False,False,1.0,False,False,0.0,1.0,-0.005174588681297981,-0.005174588681297981,5.5162704914491645
2022-06-22 00:00:00-04:00,88.7810287475586,186.6849365234375,-0.4678983244109318,1.431459755481015,-0.774,False,False,1.0,False,False,0.0,1.0,0.01876849216271082,0.01876849216271082,5.535038983611876
2022-06-23 00:00:00-04:00,90.6541976928711,193.26719665527344,-0.4656280947496516,0.6635611366698839,-0.859,False,False,1.0,False,False,0.0,1.0,-0.004250875049946658,-0.004250875049946658,5.530788108561929
2022-06-24 00:00:00-04:00,92.38475799560547,197.34097290039062,-0.463481715399301,0.9208253571654552,-0.78,False,False,1.0,False,False,0.0,1.0,0.001399325823906252,0.001399325823906252,5.532187434385835
2022-06-27 00:00:00-04:00,94.40055847167969,196.89373779296875,-0.4626063959695174,3.316256042307245,-0.4,False,False,1.0,False,False,0.0,1.0,0.012914426943014206,0.012914426943014206,5.54510186132885
2022-06-28 00:00:00-04:00,94.2484359741211,189.83509826660156,-0.46334995358243186,6.288352003974865,0.065,False,False,1.0,False,False,0.0,1.0,0.01631150926738609,0.01631150926738609,5.561413370596236
2022-06-29 00:00:00-04:00,94.42908477783203,190.13648986816406,-0.46411893423743616,6.183139740572642,0.063,False,False,1.0,False,False,0.0,1.0,-0.0005759531749288409,-0.0005759531749288409,5.5608374174213075
2022-06-30 00:00:00-04:00,95.69371795654297,188.4739227294922,-0.4657882686135339,7.904775809571831,0.348,False,True,0.0,False,False,0.0,0.0,0.009383099569342987,0.009383099569342987,5.57022051699065
2022-07-01 00:00:00-04:00,97.53836822509766,190.86570739746094,-0.46769564992485746,8.271307155474489,0.412,False,False,0.0,False,False,0.0,0.0,0.0019621022113034273,0.0,5.57022051699065
2022-07-05 00:00:00-04:00,94.00121307373047,192.53797912597656,-0.46738772392454375,4.0113252410089615,-0.225,False,False,0.0,False,True,0.0,0.0,-0.023153195418029824,-0.0,5.57022051699065
2022-07-06 00:00:00-04:00,96.28324890136719,192.0712890625,-0.46819472483559194,6.356484569932562,0.139,False,False,0.0,False,False,0.0,0.0,0.012594163376121218,0.0,5.57022051699065
2022-07-07 00:00:00-04:00,94.90450286865234,197.79795837402344,-0.46705521930698957,2.5219340417980334,-0.433,False,False,0.0,False,True,0.0,0.0,-0.020474186997641683,-0.0,5.57022051699065
2022-07-08 00:00:00-04:00,94.61924743652344,198.3035430908203,-0.46569289923826057,2.2706955253399883,-0.427,False,False,0.0,False,False,0.0,0.0,-0.001343752867256104,-0.0,5.57022051699065
2022-07-11 00:00:00-04:00,95.62715148925781,197.75906372070312,-0.4650448741128429,3.6603125965897476,-0.16,False,False,0.0,False,False,0.0,0.0,0.007407577760996573,0.0,5.57022051699065
2022-07-12 00:00:00-04:00,95.52256774902344,191.07958984375,-0.46590072670061855,6.4984479831641835,0.377,False,True,0.0,False,False,0.0,0.0,0.015378955996409068,0.0,5.57022051699065
2022-07-13 00:00:00-04:00,95.20877075195312,192.05184936523438,-0.46638548452059536,5.638575932671898,0.315,False,False,0.0,False,False,0.0,0.0,-0.004653516961922784,-0.0,5.57022051699065
2022-07-14 00:00:00-04:00,95.18975830078125,196.18397521972656,-0.4658951008020021,3.7886053900492698,0.077,False,False,0.0,False,False,0.0,0.0,-0.009914580140109631,-0.0,5.57022051699065
2022-07-15 00:00:00-04:00,95.79830932617188,197.5646209716797,-0.4653916620686221,3.8533820062045123,0.2,False,False,0.0,False,False,0.0,0.0,0.0003450276948049762,0.0,5.57022051699065
2022-07-18 00:00:00-04:00,93.95365905761719,197.84657287597656,-0.4640109804295345,2.150676802811958,-0.221,False,False,0.0,False,True,0.0,0.0,-0.009166322083358462,-0.0,5.57022051699065
2022-07-19 00:00:00-04:00,94.20087432861328,199.92721557617188,-0.46238824498801046,1.7568799930075443,-0.295,False,False,0.0,False,False,0.0,0.0,-0.0021098721471570093,-0.0,5.57022051699065
2022-07-20 00:00:00-04:00,91.40536499023438,201.5606231689453,-0.4592600847156018,-1.1633838816649416,-1.126,False,False,0.0,False,False,0.0,0.0,-0.015873232453022548,-0.0,5.57022051699065
2022-07-21 00:00:00-04:00,91.5004653930664,192.9171905517578,-0.45825005172905287,3.0961528432998335,0.235,False,True,0.0,False,False,0.0,0.0,0.02367661811804852,0.0,5.57022051699065
2022-07-22 00:00:00-04:00,93.05034637451172,189.48509216308594,-0.45887594954088956,6.100194784332686,1.153,False,False,0.0,False,False,0.0,0.0,0.016689075724791225,0.0,5.57022051699065
2022-07-25 00:00:00-04:00,94.09628295898438,188.4933624267578,-0.46022059813672633,7.347754958139163,1.467,False,False,0.0,False,False,0.0,0.0,0.006898512416170972,0.0,5.57022051699065
2022-07-26 00:00:00-04:00,95.70323181152344,178.54705810546875,-0.46439428554105877,12.786998327176377,2.666,False,False,0.0,True,False,-1.0,-1.0,0.030451571221689042,0.0,5.57022051699065
2022-07-27 00:00:00-04:00,95.53207397460938,181.74583435058594,-0.4675796184412135,10.551426095682416,1.89,False,False,0.0,False,False,-1.0,-1.0,-0.012384568846664728,0.012384568846664728,5.582605085837315
2022-07-28 00:00:00-04:00,97.9377212524414,185.51821899414062,-0.4707601484711393,10.603136934658437,1.75,False,False,0.0,False,False,-1.0,-1.0,0.00027910722445466027,-0.00027910722445466027,5.58232597861286
2022-07-29 00:00:00-04:00,98.70791625976562,186.1696319580078,-0.4738873190379422,10.484488484904901,1.611,False,False,0.0,False,False,-1.0,-1.0,-0.0006347167210842828,0.0006347167210842828,5.582960695333944
2022-08-01 00:00:00-04:00,98.78398132324219,188.51280212402344,-0.47624678348328825,9.005365666254434,1.185,False,False,0.0,False,False,-1.0,-1.0,-0.007844200506029025,0.007844200506029025,5.590804895839973
2022-08-02 00:00:00-04:00,98.55577850341797,183.17506408691406,-0.4794692663213986,10.728964917290114,1.483,False,False,0.0,False,False,-1.0,-1.0,0.009247640735716305,-0.009247640735716305,5.581557255104257
2022-08-03 00:00:00-04:00,98.96466064453125,185.62518310546875,-0.48208969503654103,9.476672730113734,1.14,False,False,0.0,False,False,-1.0,-1.0,-0.006645129143858426,0.006645129143858426,5.588202384248115
2022-08-04 00:00:00-04:00,98.7459487915039,182.63058471679688,-0.48504375615875456,10.16212399099912,1.261,False,False,0.0,False,False,-1.0,-1.0,0.003659062025976993,-0.003659062025976993,5.584543322222138
2022-08-05 00:00:00-04:00,98.05183410644531,184.10842895507812,-0.4870834852516141,8.375658866806674,0.773,False,False,0.0,False,False,-1.0,-1.0,-0.009516241771354576,0.009516241771354576,5.5940595639934925
2022-08-08 00:00:00-04:00,98.86004638671875,186.60716247558594,-0.4887061418510063,7.663979971511267,0.546,False,False,0.0,False,False,-1.0,-1.0,-0.0037445725096835387,0.0037445725096835387,5.597804136503176
2022-08-09 00:00:00-04:00,100.0486068725586,185.38211059570312,-0.4910252125103522,9.021316621685855,0.868,False,False,0.0,False,False,-1.0,-1.0,0.007103651850436033,-0.007103651850436033,5.59070048465274
2022-08-10 00:00:00-04:00,100.00106811523438,186.96690368652344,-0.49277344731110134,7.868742452543557,0.502,False,False,0.0,False,False,-1.0,-1.0,-0.005998822726644205,0.005998822726644205,5.596699307379384
2022-08-11 00:00:00-04:00,99.89383697509766,189.49478149414062,-0.4936864860817173,6.342824168432543,0.016,False,False,0.0,False,False,-1.0,-1.0,-0.00788813083332277,0.00788813083332277,5.604587438212707
2022-08-12 00:00:00-04:00,101.14813995361328,191.46849060058594,-0.4946108181204113,6.4457531733771845,-0.002,False,False,0.0,False,False,-1.0,-1.0,0.0005255487777396522,-0.0005255487777396522,5.604061889434968
2022-08-15 00:00:00-04:00,101.76092529296875,192.71299743652344,-0.49544762477109827,6.281728450524469,-0.082,False,False,0.0,False,False,-1.0,-1.0,-0.0008315991750405959,0.0008315991750405959,5.604893488610009
2022-08-16 00:00:00-04:00,102.45988464355469,199.0521697998047,-0.4950352074007433,3.922052483140405,-0.799,False,False,0.0,False,True,0.0,0.0,-0.011739814784490472,0.011739814784490472,5.616633303394499
2022-08-17 00:00:00-04:00,102.42158508300781,199.20774841308594,-0.4945521770871529,3.902959412686343,-0.776,False,False,0.0,False,False,0.0,0.0,-9.50186644200362e-05,-0.0,5.616633303394499
2022-08-18 00:00:00-04:00,102.83329772949219,199.5188751220703,-0.4942354583724025,4.223995029589631,-0.641,False,False,0.0,False,False,0.0,0.0,0.0015936828467214416,0.0,5.616633303394499
2022-08-19 00:00:00-04:00,103.11096954345703,198.54222106933594,-0.49431540737381024,4.96849065466715,-0.382,False,False,0.0,False,False,0.0,0.0,0.003699293755595735,0.0,5.616633303394499
2022-08-22 00:00:00-04:00,102.23966217041016,196.25686645507812,-0.49452683765999617,5.185374633320194,-0.327,False,False,0.0,False,False,0.0,0.0,0.0010882617308320725,0.0,5.616633303394499
2022-08-23 00:00:00-04:00,101.44495391845703,195.35836791992188,-0.49455972317714375,4.8285735596418675,-0.423,False,False,0.0,False,False,0.0,0.0,-0.0018014675856865107,-0.0,5.616633303394499
2022-08-24 00:00:00-04:00,101.36837005615234,194.3231201171875,-0.49478602872229294,5.220005164444032,-0.332,False,False,0.0,False,False,0.0,0.0,0.00198176425357321,0.0,5.616633303394499
2022-08-25 00:00:00-04:00,101.70347595214844,195.65135192871094,-0.4948489816821927,4.885603685481513,-0.473,False,False,0.0,False,False,0.0,0.0,-0.0016844610514831543,-0.0,5.616633303394499
2022-08-26 00:00:00-04:00,100.33428192138672,186.59783935546875,-0.49636078103401177,7.714432639647185,0.41,False,True,0.0,False,False,0.0,0.0,0.01466062911701908,0.0,5.616633303394499
2022-08-29 00:00:00-04:00,100.70769500732422,185.6895751953125,-0.49819676352205866,8.197749625233584,0.55,False,False,0.0,False,False,0.0,0.0,0.002501412317282788,0.0,5.616633303394499
2022-08-30 00:00:00-04:00,99.07040405273438,183.69720458984375,-0.49958777389077275,7.297526541736488,0.24,False,False,0.0,False,False,0.0,0.0,-0.004717080298142252,-0.0,5.616633303394499
2022-08-31 00:00:00-04:00,98.75443267822266,180.8258819580078,-0.5013753029001105,8.092801339346877,0.463,False,False,0.0,False,False,0.0,0.0,0.004198560463903423,0.0,5.616633303394499
2022-09-01 00:00:00-04:00,100.20023345947266,183.75579833984375,-0.5030214578881129,7.76712388317037,0.322,False,False,0.0,False,False,0.0,0.0,-0.0016906598361635854,-0.0,5.616633303394499
2022-09-02 00:00:00-04:00,98.62996673583984,183.2186737060547,-0.5039001031457789,6.306058157126074,-0.215,False,False,0.0,False,True,0.0,0.0,-0.007651406517084394,-0.0,5.616633303394499
2022-09-06 00:00:00-04:00,98.6778335571289,183.6483917236328,-0.5045879934081702,6.011060084663413,-0.379,False,False,0.0,False,False,0.0,0.0,-0.001541710932135314,-0.0,5.616633303394499
2022-09-07 00:00:00-04:00,101.70347595214844,191.67640686035156,-0.504715359526324,4.961449350912147,-0.961,False,False,0.0,False,False,0.0,0.0,-0.00528916362550925,-0.0,5.616633303394499
2022-09-08 00:00:00-04:00,101.50241088867188,195.1239776611328,-0.5038784749301685,3.1836386024720156,-1.718,True,False,1.0,False,False,0.0,1.0,-0.008897008416191272,-0.0,5.616633303394499
2022-09-09 00:00:00-04:00,101.91411590576172,196.22756958007812,-0.5030094188123964,3.2098001763175574,-1.608,False,False,1.0,False,False,0.0,1.0,0.00013040463746178966,0.00013040463746178966,5.616763708031961
2022-09-12 00:00:00-04:00,102.68009948730469,197.91717529296875,-0.5021831471849961,3.289429516717078,-1.474,False,False,1.0,False,False,0.0,1.0,0.0003940665966341756,0.0003940665966341756,5.617157774628595
2022-09-13 00:00:00-04:00,99.3863754272461,189.08831787109375,-0.5019770011340801,4.4683886728267765,-0.981,False,False,1.0,False,False,0.0,1.0,0.0060675897487439175,0.0060675897487439175,5.623225364377339
2022-09-14 00:00:00-04:00,99.99916076660156,184.59573364257812,-0.5031803168590606,7.114221021498352,0.191,False,False,1.0,False,False,0.0,1.0,0.0137172132988277,0.0137172132988277,5.636942577676167
2022-09-15 00:00:00-04:00,96.76287841796875,183.5702667236328,-0.5030479584845259,4.418230504185374,-0.952,False,False,1.0,False,True,0.0,1.0,-0.014256389312519433,-0.014256389312519433,5.622686188363647
2022-09-16 00:00:00-04:00,96.98309326171875,185.5821533203125,-0.5024879896268808,3.730290129167358,-1.213,False,False,1.0,False,False,0.0,1.0,-0.0036162490258528127,-0.0036162490258528127,5.619069939337795
2022-09-19 00:00:00-04:00,97.93099975585938,188.47300720214844,-0.5017166971163003,3.3709450868207824,-1.303,False,False,1.0,False,False,0.0,1.0,-0.0018668142445381892,-0.0018668142445381892,5.617203125093257
2022-09-20 00:00:00-04:00,96.66712188720703,185.95326232910156,-0.5010045136754891,3.503698127644853,-1.205,False,False,1.0,False,False,0.0,1.0,0.000699323917401013,0.000699323917401013,5.617902449010658
2022-09-21 00:00:00-04:00,95.6809310913086,185.52354431152344,-0.4999880192703336,2.9213816429780195,-1.426,False,False,1.0,False,False,0.0,1.0,-0.003090187856660347,-0.003090187856660347,5.614812261153998
2022-09-22 00:00:00-04:00,95.89157104492188,184.00973510742188,-0.4995106255357696,3.976753156742319,-0.859,False,False,1.0,False,False,0.0,1.0,0.005619465449283697,0.005619465449283697,5.6204317266032815
2022-09-23 00:00:00-04:00,95.33623504638672,181.25559997558594,-0.49949401432435325,4.800147795812151,-0.365,False,False,1.0,False,False,0.0,1.0,0.004429893751229542,0.004429893751229542,5.624861620354511
2022-09-26 00:00:00-04:00,93.07658386230469,181.74391174316406,-0.4982914468997363,2.5151471145854885,-1.553,True,False,1.0,False,False,0.0,1.0,-0.012442960742204471,-0.012442960742204471,5.612418659612307
2022-09-27 00:00:00-04:00,90.74032592773438,184.16600036621094,-0.49542449715041315,-0.500022195898481,-2.861,False,False,1.0,False,False,0.0,1.0,-0.01656862370799267,-0.01656862370799267,5.595850035904315
2022-09-28 00:00:00-04:00,91.5733413696289,187.76980590820312,-0.492275557611828,-0.8611445364965107,-2.665,False,False,1.0,False,False,0.0,1.0,-0.001962537930828624,-0.001962537930828624,5.593887497973486
2022-09-29 00:00:00-04:00,87.90618133544922,183.11123657226562,-0.48873056251521435,-1.5858763173706478,-2.598,False,False,1.0,False,False,0.0,1.0,-0.004085338078931335,-0.004085338078931335,5.589802159894555
2022-09-30 00:00:00-04:00,85.62739562988281,181.538818359375,-0.4847415713208517,-2.3720164373713146,-2.547,False,False,1.0,False,False,0.0,1.0,-0.00452775772605321,-0.00452775772605321,5.585274402168502
2022-10-03 00:00:00-04:00,88.66259765625,189.58636474609375,-0.48066752330686013,-2.465410739005904,-2.292,False,False,1.0,False,False,0.0,1.0,-0.0005194615207417118,-0.0005194615207417118,5.584754940647761
2022-10-04 00:00:00-04:00,89.14134216308594,193.26832580566406,-0.47635163871489666,-2.922341546126688,-2.196,False,False,1.0,False,False,0.0,1.0,-0.0025216232547699818,-0.0025216232547699818,5.582233317392991
2022-10-05 00:00:00-04:00,86.70934295654297,196.88189697265625,-0.47044786490669305,-5.91332511302268,-2.704,False,False,1.0,False,False,0.0,1.0,-0.016678470005338532,-0.016678470005338532,5.565554847387652
2022-10-06 00:00:00-04:00,82.84111785888672,195.40719604492188,-0.4635289045784159,-7.735765670555679,-2.738,False,False,1.0,False,False,0.0,1.0,-0.010508946839100456,-0.010508946839100456,5.555045900548552
2022-10-07 00:00:00-04:00,81.8453598022461,190.07470703125,-0.45792501901359983,-5.194604029043475,-1.912,False,False,1.0,False,False,0.0,1.0,0.015046669460907519,0.015046669460907519,5.57009257000946
2022-10-10 00:00:00-04:00,81.67300415039062,191.06112670898438,-0.45259792909927155,-4.800866129469227,-1.678,False,False,1.0,False,False,0.0,1.0,0.002341630796935065,0.002341630796935065,5.572434200806395
2022-10-11 00:00:00-04:00,81.55810546875,196.07130432128906,-0.44664881009752433,-6.01690930062334,-1.793,False,False,1.0,False,False,0.0,1.0,-0.007189858316585415,-0.007189858316585415,5.56524434248981
2022-10-12 00:00:00-04:00,78.7335433959961,198.854736328125,-0.4393188082902275,-8.627082390543194,-2.119,False,False,1.0,False,False,0.0,1.0,-0.01571501939391567,-0.01571501939391567,5.549529323095894
2022-10-13 00:00:00-04:00,81.11766815185547,198.1613311767578,-0.4339154528786162,-4.867595608736849,-1.274,False,False,1.0,False,False,0.0,1.0,0.022498030039210186,0.022498030039210186,5.572027353135104
2022-10-14 00:00:00-04:00,80.71553039550781,194.0398712158203,-0.4297679123005852,-2.676579959989695,-0.79,False,False,1.0,False,False,0.0,1.0,0.013351088582593812,0.013351088582593812,5.5853784417176975
2022-10-17 00:00:00-04:00,82.00811767578125,196.99913024902344,-0.4260750751186726,-1.9283015433845776,-0.595,False,False,1.0,False,False,0.0,1.0,0.004509207899256262,0.004509207899256262,5.589887649616954
2022-10-18 00:00:00-04:00,84.05712890625,198.1027374267578,-0.4234966416804932,0.16128489830551018,-0.124,False,False,1.0,False,False,0.0,1.0,0.012441497196704203,0.012441497196704203,5.602329146813658
2022-10-19 00:00:00-04:00,83.08049774169922,191.73501586914062,-0.42201626302130457,2.165202854273957,0.351,False,True,0.0,False,False,0.0,0.0,0.012219325409770089,0.012219325409770089,5.6145484722234285
2022-10-20 00:00:00-04:00,81.80704498291016,185.10357666015625,-0.421432738093733,3.798337840077295,0.76,False,False,0.0,False,False,0.0,0.0,0.010218861182835014,0.0,5.6145484722234285
2022-10-21 00:00:00-04:00,82.96560668945312,192.76048278808594,-0.41996475014150664,2.0129986981984302,0.393,False,False,0.0,False,False,0.0,0.0,-0.010891645845194703,-0.0,5.6145484722234285
2022-10-24 00:00:00-04:00,83.0709228515625,202.97618103027344,-0.4166327573359463,-1.495603124600521,-0.384,False,False,0.0,False,True,0.0,0.0,-0.02092970184964223,-0.0,5.6145484722234285
2022-10-25 00:00:00-04:00,84.03797149658203,209.28530883789062,-0.41278360574161216,-2.3515729142693544,-0.546,False,False,0.0,False,False,0.0,0.0,-0.005022485865097909,-0.0,5.6145484722234285
2022-10-26 00:00:00-04:00,84.33480072021484,210.9163360595703,-0.40913949603705585,-1.9594027211800693,-0.417,False,False,0.0,False,False,0.0,0.0,0.0022983794286101826,0.0,5.6145484722234285
2022-10-27 00:00:00-04:00,84.94758605957031,210.54518127441406,-0.40623341195224144,-0.5829012996380811,-0.053,False,False,0.0,False,False,0.0,0.0,0.00807436049655851,0.0,5.6145484722234285
2022-10-28 00:00:00-04:00,87.70511627197266,217.9286346435547,-0.40355258207016637,-0.24054694545974087,0.059,False,False,0.0,False,False,0.0,0.0,0.0019490625385980166,0.0,5.6145484722234285
2022-10-31 00:00:00-04:00,87.44659423828125,214.6373291015625,-0.4016488938966248,1.2377484157128436,0.464,False,True,0.0,False,False,0.0,0.0,0.008512807664733009,0.0,5.6145484722234285
2022-11-01 00:00:00-04:00,88.04022979736328,215.3795928955078,-0.400105969587869,1.8655689524656367,0.704,False,False,0.0,False,False,0.0,0.0,0.0036037134049693967,0.0,5.6145484722234285
2022-11-02 00:00:00-04:00,86.41252136230469,206.4725799560547,-0.39959934613029857,3.906213418029438,1.269,False,False,0.0,False,False,0.0,0.0,0.012080621644968453,0.0,5.6145484722234285
2022-11-03 00:00:00-04:00,86.54656982421875,206.37490844726562,-0.39925958439595016,4.149409647811211,1.327,False,False,0.0,False,False,0.0,0.0,0.0014395102427350918,0.0,5.6145484722234285
2022-11-04 00:00:00-04:00,87.5040512084961,201.73585510253906,-0.4002168112156241,6.765970571500731,1.929,False,False,0.0,True,False,-1.0,-1.0,0.015552352404167647,0.0,5.6145484722234285
2022-11-07 00:00:00-05:00,86.28805541992188,204.10910034179688,-0.4001690955294146,4.609901346822497,1.343,False,False,0.0,False,False,-1.0,-1.0,-0.012836327206442169,0.012836327206442169,5.627384799429871
2022-11-08 00:00:00-05:00,87.5615005493164,202.3120574951172,-0.40097805227735916,6.4388057826992195,1.726,False,False,0.0,True,False,-1.0,-1.0,0.010842180160692078,-0.010842180160692078,5.616542619269179
2022-11-09 00:00:00-05:00,86.50827026367188,198.649658203125,-0.40193567196832636,6.663886407520479,1.713,False,False,0.0,False,False,-1.0,-1.0,0.0013530329648911699,-0.0013530329648911699,5.615189586304288
2022-11-10 00:00:00-05:00,90.87895965576172,205.67173767089844,-0.40350713812564354,7.888945394849372,1.918,False,False,0.0,False,False,-1.0,-1.0,0.007045874601618096,-0.007045874601618096,5.608143711702669
2022-11-11 00:00:00-05:00,89.91370391845703,204.16769409179688,-0.404796806178603,7.267273425247623,1.674,False,False,0.0,False,False,-1.0,-1.0,-0.0036026395767556796,0.0036026395767556796,5.611746351279425
2022-11-14 00:00:00-05:00,89.31523895263672,207.8105926513672,-0.4050280470472746,5.146120455316762,1.136,False,False,0.0,False,False,-1.0,-1.0,-0.01222676788333916,0.01222676788333916,5.623973119162764
2022-11-15 00:00:00-05:00,90.0198745727539,211.1507110595703,-0.4049059922560852,4.523686395600649,0.951,False,False,0.0,False,False,-1.0,-1.0,-0.0035463082407620966,0.0035463082407620966,5.627519427403526
2022-11-16 00:00:00-05:00,91.12992858886719,213.9829864501953,-0.40476557442749944,4.516982160642058,0.901,False,False,0.0,False,False,-1.0,-1.0,-3.771872688537138e-05,3.771872688537138e-05,5.627557146130411
2022-11-17 00:00:00-05:00,89.78821563720703,209.86154174804688,-0.4047826814761495,4.839898029713723,0.918,False,False,0.0,False,False,-1.0,-1.0,0.0018480157702307986,-0.0018480157702307986,5.62570913036018
2022-11-18 00:00:00-05:00,92.3750991821289,215.64852905273438,-0.4049120980062675,5.056400851420705,0.911,False,False,0.0,False,False,-1.0,-1.0,0.001204843042462359,-0.001204843042462359,5.624504287317718
2022-11-21 00:00:00-05:00,93.36931610107422,216.2174072265625,-0.40536862308021177,5.721563447669155,0.992,False,False,0.0,False,False,-1.0,-1.0,0.0036745849483986338,-0.0036745849483986338,5.62082970236932
2022-11-22 00:00:00-05:00,93.75542449951172,219.25802612304688,-0.40542228109659345,4.863335399969586,0.763,False,False,0.0,False,False,-1.0,-1.0,-0.004698821411735959,0.004698821411735959,5.625528523781056
2022-11-23 00:00:00-05:00,94.66275787353516,221.43551635742188,-0.40546584055787777,4.878220104305399,0.725,False,False,0.0,False,False,-1.0,-1.0,8.069895676129415e-05,-8.069895676129415e-05,5.6254478248242945
2022-11-25 00:00:00-05:00,95.23226165771484,219.72882080078125,-0.40605082450595525,6.011192803836323,0.933,False,False,0.0,False,False,-1.0,-1.0,0.006142327147948755,-0.006142327147948755,5.619305497676346
2022-11-28 00:00:00-05:00,94.15117645263672,217.62982177734375,-0.4065000181555186,5.684649948964207,0.809,False,False,0.0,False,False,-1.0,-1.0,-0.00178812267149281,0.00178812267149281,5.621093620347839
2022-11-29 00:00:00-05:00,93.61062622070312,214.81480407714844,-0.4071614818577325,6.146312267672897,0.882,False,False,0.0,False,False,-1.0,-1.0,0.0025495649385041666,-0.0025495649385041666,5.618544055409335
2022-11-30 00:00:00-05:00,95.69558715820312,221.9749755859375,-0.40741071413917157,5.2606038337111585,0.637,False,False,0.0,False,False,-1.0,-1.0,-0.00475853284962711,0.00475853284962711,5.623302588258962
2022-12-01 00:00:00-05:00,93.90985870361328,220.32716369628906,-0.40714343206138875,4.205101099954732,0.271,False,False,0.0,False,False,-1.0,-1.0,-0.005748467932368111,0.005748467932368111,5.62905105619133
2022-12-02 00:00:00-05:00,92.72258758544922,220.63121032714844,-0.40632392406093143,3.074848435009571,-0.16,False,False,0.0,False,False,-1.0,-1.0,-0.006197568898267138,0.006197568898267138,5.635248625089598
2022-12-05 00:00:00-05:00,90.97547912597656,216.7176513671875,-0.40549559878971897,3.0974253165373113,-0.216,False,False,0.0,False,True,0.0,0.0,0.00012623111859855207,-0.00012623111859855207,5.635122393970999
2022-12-06 00:00:00-05:00,92.10482788085938,212.97080993652344,-0.4058720719607018,5.665923984773784,0.679,False,True,0.0,False,False,0.0,0.0,0.014385823812875731,0.0,5.635122393970999
2022-12-07 00:00:00-05:00,91.30365753173828,213.1768035888672,-0.4058809761159456,4.779248405811657,0.321,False,False,0.0,False,False,0.0,0.0,-0.004986139677653118,-0.0,5.635122393970999
2022-12-08 00:00:00-05:00,92.33649444580078,215.31504821777344,-0.40594603683798014,4.930203950217049,0.364,False,False,0.0,False,False,0.0,0.0,0.0008398420245609267,0.0,5.635122393970999
2022-12-09 00:00:00-05:00,92.40406036376953,214.13803100585938,-0.40623961617222454,5.412708840073307,0.51,False,False,0.0,False,False,0.0,0.0,0.0026896166673366904,0.0,5.635122393970999
2022-12-12 00:00:00-05:00,94.46971130371094,210.36178588867188,-0.40805156304140816,8.631255767656342,1.655,False,False,0.0,True,False,-1.0,-1.0,0.017850255947880943,0.0,5.635122393970999
2022-12-13 00:00:00-05:00,95.54115295410156,210.09693908691406,-0.4102629612494411,9.346160574860747,1.906,False,False,0.0,False,False,-1.0,-1.0,0.0039337513508560405,-0.0039337513508560405,5.631188642620143
2022-12-14 00:00:00-05:00,94.32492065429688,211.1955108642578,-0.4115791258758373,7.401256903884743,1.114,False,False,0.0,False,False,-1.0,-1.0,-0.010730586820105798,0.010730586820105798,5.641919229440249
2022-12-15 00:00:00-05:00,93.18592071533203,209.92039489746094,-0.4124820132734682,6.597533600865873,0.72,False,False,0.0,False,False,-1.0,-1.0,-0.004470735071775647,0.004470735071775647,5.646389964512024
2022-12-16 00:00:00-05:00,91.82490539550781,206.4776153564453,-0.4133159971421382,6.484403916927761,0.64,False,False,0.0,False,False,-1.0,-1.0,-0.000638554026625039,0.000638554026625039,5.647028518538649
2022-12-19 00:00:00-05:00,90.96582794189453,207.40943908691406,-0.41353951409958123,5.193829282225394,-0.197,False,False,0.0,False,False,-1.0,-1.0,-0.007302198174088831,0.007302198174088831,5.654330716712738
2022-12-20 00:00:00-05:00,91.05270385742188,206.17356872558594,-0.4139789435938429,5.701187679431243,0.062,False,False,0.0,False,False,-1.0,-1.0,0.0028761125845175265,-0.0028761125845175265,5.6514546041282205
2022-12-21 00:00:00-05:00,91.60289764404297,210.14598083496094,-0.4139151060278929,4.620301705404572,-0.726,False,False,0.0,False,True,0.0,0.0,-0.006052484736260191,0.006052484736260191,5.657507088864481
2022-12-22 00:00:00-05:00,91.31332397460938,208.96896362304688,-0.4139236466437835,4.816128516385675,-0.607,False,False,0.0,False,False,0.0,0.0,0.0011013229791225906,0.0,5.657507088864481
2022-12-23 00:00:00-05:00,92.16275024414062,212.90216064453125,-0.4135978170930396,4.106881347170855,-1.056,False,False,0.0,False,False,0.0,0.0,-0.003935482208192273,-0.0,5.657507088864481
2022-12-27 00:00:00-05:00,92.6743392944336,218.816650390625,-0.4124572181639412,2.421832386364727,-2.081,True,False,1.0,False,False,0.0,1.0,-0.009211600132988442,-0.0,5.657507088864481
2022-12-28 00:00:00-05:00,91.76698303222656,215.68775939941406,-0.41156051362134133,2.9984179919674148,-1.57,False,False,1.0,False,False,0.0,1.0,0.0031937511019779125,0.0031937511019779125,5.6607008399664585
2022-12-29 00:00:00-05:00,92.0951919555664,222.6321563720703,-0.4096759305623887,0.8881561207272597,-2.555,False,False,1.0,False,False,0.0,1.0,-0.011512472579728303,-0.011512472579728303,5.6491883673867305
2022-12-30 00:00:00-05:00,90.50250244140625,220.66064453125,-0.4076053620367029,0.5600405399938921,-2.456,False,False,1.0,False,False,0.0,1.0,-0.0018183692846645294,-0.0018183692846645294,5.647369998102066
2023-01-03 00:00:00-05:00,90.88861846923828,218.90492248535156,-0.406196491402687,1.970207004911316,-1.57,False,False,1.0,False,False,0.0,1.0,0.007842665914889142,0.007842665914889142,5.655212664016956
2023-01-04 00:00:00-05:00,91.48706817626953,217.24729919433594,-0.4054856522412238,3.3964053648099366,-0.763,False,False,1.0,False,False,0.0,1.0,0.007941955564613272,0.007941955564613272,5.663154619581569
2023-01-05 00:00:00-05:00,89.19940948486328,215.4229278564453,-0.4042077893974842,2.1237840304758038,-1.367,False,False,1.0,False,False,0.0,1.0,-0.007219521101060699,-0.007219521101060699,5.655935098480508
2023-01-06 00:00:00-05:00,91.47740936279297,217.39442443847656,-0.4036568837716792,3.7246534446197472,-0.519,False,False,1.0,False,False,0.0,1.0,0.008931919532821811,0.008931919532821811,5.66486701801333
2023-01-09 00:00:00-05:00,93.2052230834961,213.31410217285156,-0.404617314556593,6.894643905266193,1.075,False,True,0.0,False,False,0.0,0.0,0.017658559417653617,0.017658559417653617,5.682525577430983
2023-01-10 00:00:00-05:00,93.35967254638672,217.49252319335938,-0.40489200519803265,5.298688715047817,0.258,False,False,0.0,False,False,0.0,0.0,-0.008796987190342475,-0.0,5.682525577430983
2023-01-11 00:00:00-05:00,94.78823852539062,217.35520935058594,-0.405746043616532,6.597222271947345,0.898,False,False,0.0,False,False,0.0,0.0,0.007096616271987002,0.0,5.682525577430983
2023-01-12 00:00:00-05:00,93.49481201171875,216.5116729736328,-0.40613840288454406,5.561106944346818,0.364,False,False,0.0,False,False,0.0,0.0,-0.005710873595184874,-0.0,5.682525577430983
2023-01-13 00:00:00-05:00,92.42337036132812,216.85496520996094,-0.40596479324421436,4.3878892458850345,-0.219,False,False,0.0,False,True,0.0,0.0,-0.00650130314396244,-0.0,5.682525577430983
2023-01-17 00:00:00-05:00,91.738037109375,214.79518127441406,-0.4058507339758024,4.563255134688518,-0.11,False,False,0.0,False,False,0.0,0.0,0.0009801750914286834,0.0,5.682525577430983
2023-01-18 00:00:00-05:00,89.31523895263672,210.61679077148438,-0.4054402859605271,3.922707074157586,-0.408,False,False,0.0,False,True,0.0,0.0,-0.0036663970782966977,-0.0,5.682525577430983
2023-01-19 00:00:00-05:00,88.61060333251953,202.8975372314453,-0.4060886932320051,6.216207578209804,0.751,False,True,0.0,False,False,0.0,0.0,0.013411891560478147,0.0,5.682525577430983
2023-01-20 00:00:00-05:00,89.84613800048828,208.0077362060547,-0.4063619184516334,5.319715263014615,0.297,False,False,0.0,False,False,0.0,0.0,-0.0051412464862656436,-0.0,5.682525577430983
2023-01-23 00:00:00-05:00,89.60481262207031,211.3524169921875,-0.4059120563322767,3.814318429974662,-0.458,False,False,0.0,False,True,0.0,0.0,-0.008582879783864137,-0.0,5.682525577430983
2023-01-24 00:00:00-05:00,89.653076171875,210.7443084716797,-0.4056024811159253,4.1746617747018036,-0.295,False,False,0.0,False,False,0.0,0.0,0.0020575588294046445,0.0,5.682525577430983
2023-01-25 00:00:00-05:00,89.5179443359375,209.7242431640625,-0.4054452220181304,4.486252003699818,-0.159,False,False,0.0,False,False,0.0,0.0,0.001785109582269471,0.0,5.682525577430983
2023-01-26 00:00:00-05:00,89.63378143310547,222.37713623046875,-0.4031637301620034,-0.02061431231430788,-2.21,True,False,1.0,False,True,0.0,1.0,-0.02513755444970829,-0.0,5.682525577430983
2023-01-27 00:00:00-05:00,89.5468978881836,221.34722900390625,-0.4011685914074311,0.7493418167484407,-1.705,False,False,1.0,False,False,0.0,1.0,0.004317241786711709,0.004317241786711709,5.686842819217695
2023-01-30 00:00:00-05:00,89.40210723876953,218.52239990234375,-0.3997962417277635,2.0376730244811085,-1.063,False,False,1.0,False,False,0.0,1.0,0.007288320499695903,0.007288320499695903,5.694131139717391
2023-01-31 00:00:00-05:00,90.72450256347656,223.622802734375,-0.39827441807311365,1.6612609365646733,-1.16,False,False,1.0,False,False,0.0,1.0,-0.0020936470926395793,-0.0020936470926395793,5.692037492624752
2023-02-01 00:00:00-05:00,91.60289764404297,225.6237030029297,-0.3969316820270258,2.0457017059239746,-0.949,False,False,1.0,False,False,0.0,1.0,0.0021221051599034694,0.0021221051599034694,5.6941595977846555
2023-02-02 00:00:00-05:00,91.62220001220703,226.47705078125,-0.3955939818004384,2.029241707232245,-0.934,False,False,1.0,False,False,0.0,1.0,-9.08312463735485e-05,-9.08312463735485e-05,5.694068766538282
2023-02-03 00:00:00-05:00,90.30945587158203,224.181884765625,-0.3942177170819088,1.9329850481578035,-0.934,False,False,1.0,False,False,0.0,1.0,-0.0005386918872393305,-0.0005386918872393305,5.693530074651043
2023-02-06 00:00:00-05:00,90.57007598876953,227.9679412841797,-0.3924597509930981,1.101834517971156,-1.291,False,False,1.0,False,False,0.0,1.0,-0.004616520204779758,-0.004616520204779758,5.688913554446263
2023-02-07 00:00:00-05:00,89.92335510253906,228.27200317382812,-0.39054320723612473,0.7732748608173807,-1.383,False,False,1.0,False,False,0.0,1.0,-0.0018347760879336111,-0.0018347760879336111,5.6870787783583285
2023-02-08 00:00:00-05:00,88.4754638671875,226.81053161621094,-0.38844438400285025,0.3721866281694446,-1.486,False,False,1.0,False,False,0.0,1.0,-0.0022714412286284026,-0.0022714412286284026,5.6848073371297
2023-02-09 00:00:00-05:00,87.76116943359375,229.28225708007812,-0.3858509528246762,-0.707607926546757,-1.878,True,False,1.0,False,False,0.0,1.0,-0.006127191061233374,-0.006127191061233374,5.678680146068467
2023-02-10 00:00:00-05:00,90.02953338623047,228.5368194580078,-0.38454767737076156,2.146230269952497,-0.431,False,False,1.0,False,False,0.0,1.0,0.016040653685261305,0.016040653685261305,5.6947207997537275
2023-02-13 00:00:00-05:00,90.58435821533203,232.62693786621094,-0.3829977339433604,1.488768158390343,-0.713,False,False,1.0,False,False,0.0,1.0,-0.003659073357289064,-0.003659073357289064,5.6910617263964385
2023-02-14 00:00:00-05:00,89.26054382324219,233.4312286376953,-0.3809259923290596,0.34052141383649825,-1.211,False,False,1.0,False,False,0.0,1.0,-0.006444287212863578,-0.006444287212863578,5.684617439183575
2023-02-15 00:00:00-05:00,89.6596450805664,235.02020263671875,-0.378958917128751,0.5966435859758406,-1.041,False,False,1.0,False,False,0.0,1.0,0.0014330706099500213,0.0014330706099500213,5.686050509793525
2023-02-16 00:00:00-05:00,89.17294311523438,232.44058227539062,-0.3773884890842888,1.4525429684523914,-0.602,False,False,1.0,False,False,0.0,1.0,0.004838505320173543,0.004838505320173543,5.690889015113699
2023-02-17 00:00:00-05:00,90.39942932128906,234.42190551757812,-0.3761779217241802,2.2150840970643912,-0.256,False,False,1.0,False,False,0.0,1.0,0.0042699351077813575,0.0042699351077813575,5.69515895022148
2023-02-21 00:00:00-05:00,89.0561294555664,229.556884765625,-0.375292329146334,2.9051915002984146,0.047,False,False,1.0,False,False,0.0,1.0,0.0039388103084667505,0.0039388103084667505,5.699097760529947
2023-02-22 00:00:00-05:00,88.71544647216797,228.3504638671875,-0.37454529173409506,3.187855365416297,0.169,False,False,1.0,False,False,0.0,1.0,0.0016222390808003219,0.0016222390808003219,5.700719999610747
2023-02-23 00:00:00-05:00,88.67650604248047,228.5368194580078,-0.37382818119412825,3.2430024886025564,0.199,False,False,1.0,False,False,0.0,1.0,0.0003167372359240435,0.0003167372359240435,5.701036736846671
2023-02-24 00:00:00-05:00,88.5986328125,227.1279754638672,-0.37335939430247717,3.798269464162658,0.45,False,True,0.0,False,False,0.0,0.0,0.0032022502312819634,0.0032022502312819634,5.704238987077953
2023-02-27 00:00:00-05:00,87.64470672607422,230.9604034423828,-0.37198087467567265,1.7318538381304194,-0.545,False,False,0.0,False,True,0.0,0.0,-0.011906226560386233,-0.0,5.704238987077953
2023-02-28 00:00:00-05:00,86.3014144897461,229.80770874023438,-0.3703340688443187,1.195790660184997,-0.771,False,False,0.0,False,False,0.0,0.0,-0.0031274280403049267,-0.0,5.704238987077953
2023-03-01 00:00:00-05:00,84.26701354980469,222.41873168945312,-0.3691115318772231,2.169694777721574,-0.218,False,False,0.0,False,False,0.0,0.0,0.005854043976519148,0.0,5.704238987077953
2023-03-02 00:00:00-05:00,85.67843627929688,225.10833740234375,-0.3681804391559023,2.7979497568469185,0.197,False,False,0.0,False,False,0.0,0.0,0.003727212826723366,0.0,5.704238987077953
2023-03-03 00:00:00-05:00,87.20668029785156,226.7536163330078,-0.36771592990824276,3.8257634079026985,0.865,False,True,0.0,False,False,0.0,0.0,0.006025137043956699,0.0,5.704238987077953
2023-03-06 00:00:00-05:00,87.45002746582031,225.30535888671875,-0.36762251769269944,4.622704182227551,1.34,False,False,0.0,False,False,0.0,0.0,0.0046802511949910605,0.0,5.704238987077953
2023-03-07 00:00:00-05:00,86.50582885742188,225.14772033691406,-0.3671912363009626,3.8335590765670133,0.887,False,False,0.0,False,False,0.0,0.0,-0.004664581952465522,-0.0,5.704238987077953
2023-03-08 00:00:00-05:00,86.87571716308594,225.0689239501953,-0.36694932788140955,4.286826792569684,1.151,False,False,0.0,False,False,0.0,0.0,0.0026747043090563608,0.0,5.704238987077953
2023-03-09 00:00:00-05:00,86.49610137939453,223.55169677734375,-0.366807168853674,4.495736392062071,1.394,False,False,0.0,False,False,0.0,0.0,0.001239845582504394,0.0,5.704238987077953
2023-03-10 00:00:00-05:00,85.24040985107422,223.8768310546875,-0.3661234453120268,3.2738531397934736,0.673,False,False,0.0,False,False,0.0,0.0,-0.0073076097090304624,-0.0,5.704238987077953
2023-03-13 00:00:00-04:00,88.73490905761719,224.55661010742188,-0.3668006052568436,6.367408555789794,2.508,False,False,0.0,True,False,-1.0,-1.0,0.01808013939699402,0.0,5.704238987077953
2023-03-14 00:00:00-04:00,89.97112274169922,226.2511444091797,-0.36771016989810723,6.77627599135856,2.49,False,False,0.0,False,False,-1.0,-1.0,0.0023611304043636627,-0.0023611304043636627,5.7018778566735895
2023-03-15 00:00:00-04:00,92.17100524902344,227.985107421875,-0.3691766746693077,8.004221416890715,2.79,False,False,0.0,False,False,-1.0,-1.0,0.006963597717373084,-0.006963597717373084,5.694914258956216
2023-03-16 00:00:00-04:00,92.33648681640625,231.83726501464844,-0.37001462863921036,6.553307297280909,1.889,False,False,0.0,False,False,-1.0,-1.0,-0.008145726687342076,0.008145726687342076,5.703059985643558
2023-03-17 00:00:00-04:00,91.74270629882812,228.99986267089844,-0.37093691564350123,6.798203556899708,1.845,False,False,0.0,False,False,-1.0,-1.0,0.0013860440772614608,-0.0013860440772614608,5.701673941566297
2023-03-20 00:00:00-04:00,92.03472900390625,228.75357055664062,-0.3719307855087997,6.9542338188322645,1.763,False,False,0.0,False,False,-1.0,-1.0,0.0008809534168902053,-0.0008809534168902053,5.7007929881494075
2023-03-21 00:00:00-04:00,89.4649658203125,232.18206787109375,-0.37128350380156194,3.259594141240754,0.067,False,False,0.0,False,False,-1.0,-1.0,-0.021031664936628593,0.021031664936628593,5.721824653086036
2023-03-22 00:00:00-04:00,88.2190170288086,225.45314025878906,-0.3711482485009074,4.542478902729627,0.617,False,True,0.0,False,False,-1.0,-1.0,0.007463164247225134,-0.007463164247225134,5.714361488838811
2023-03-23 00:00:00-04:00,87.53763580322266,223.25613403320312,-0.37109589573902063,4.688200764940291,0.647,False,False,0.0,False,False,-1.0,-1.0,0.0008552401393543235,-0.0008552401393543235,5.713506248699456
2023-03-24 00:00:00-04:00,90.74010467529297,223.84727478027344,-0.37225743839470476,7.411291573952781,1.734,False,False,0.0,True,False,-1.0,-1.0,0.015643751014220615,-0.015643751014220615,5.697862497685236
2023-03-27 00:00:00-04:00,90.33128356933594,226.36940002441406,-0.37280852586553614,5.938841245168263,1.031,False,False,0.0,False,False,-1.0,-1.0,-0.008427306144341243,0.008427306144341243,5.706289803829577
2023-03-28 00:00:00-04:00,90.74010467529297,226.11322021484375,-0.3734933394882344,6.288322954812429,1.116,False,False,0.0,False,False,-1.0,-1.0,0.0019948509992903283,-0.0019948509992903283,5.704294952830287
2023-03-29 00:00:00-04:00,91.83030700683594,227.0294647216797,-0.37442240239247776,6.825389411866354,1.279,False,False,0.0,False,False,-1.0,-1.0,0.003037101110727694,-0.003037101110727694,5.701257851719559
2023-03-30 00:00:00-04:00,91.93739318847656,226.98020935058594,-0.3753247724354995,6.746097766605857,1.202,False,False,0.0,False,False,-1.0,-1.0,-0.0004476499311465296,0.0004476499311465296,5.701705501650705
2023-03-31 00:00:00-04:00,92.26834869384766,231.56138610839844,-0.37558130926722655,5.298220123521602,0.496,False,False,0.0,False,False,-1.0,-1.0,-0.008077939877553607,0.008077939877553607,5.709783441528259
2023-04-03 00:00:00-04:00,91.76217651367188,238.08340454101562,-0.37460318731192677,2.575374326532568,-0.799,False,False,0.0,False,True,0.0,0.0,-0.015047588643708813,0.015047588643708813,5.724831030171968
2023-04-04 00:00:00-04:00,92.26834869384766,236.04403686523438,-0.3741909142524487,3.9428147354068983,-0.214,False,False,0.0,False,False,0.0,0.0,0.007571908797747987,0.0,5.724831030171968
2023-04-05 00:00:00-04:00,95.72390747070312,231.0589141845703,-0.3759672755821177,8.853317005767906,2.091,False,True,0.0,True,False,-1.0,-1.0,0.02689293667595549,0.0,5.724831030171968
2023-04-06 00:00:00-04:00,96.01592254638672,232.1426544189453,-0.3776012955580234,8.358555483514465,1.73,False,False,0.0,False,False,-1.0,-1.0,-0.002693704257739281,0.002693704257739281,5.727524734429707
2023-04-10 00:00:00-04:00,95.73363494873047,235.01943969726562,-0.3785295594294808,6.771829982761076,0.901,False,False,0.0,False,False,-1.0,-1.0,-0.008591037772704107,0.008591037772704107,5.736115772202411
2023-04-11 00:00:00-04:00,95.87964630126953,236.44798278808594,-0.379188951539558,6.221183614211768,0.587,False,False,0.0,False,False,-1.0,-1.0,-0.0029678343255290563,0.0029678343255290563,5.739083606527941
2023-04-12 00:00:00-04:00,95.5389633178711,229.1968994140625,-0.3807373309438716,8.27514757434993,1.505,False,False,0.0,True,False,-1.0,-1.0,0.0112359558792504,-0.0112359558792504,5.72784765064869
2023-04-13 00:00:00-04:00,95.34427642822266,232.5662841796875,-0.38158341081141883,6.600840471199788,0.643,False,False,0.0,False,False,-1.0,-1.0,-0.009095159483791465,0.009095159483791465,5.736942810132482
2023-04-14 00:00:00-04:00,94.26380920410156,234.42831420898438,-0.3816159610944538,4.8022227694874005,-0.26,False,False,0.0,False,True,0.0,0.0,-0.009789706509867884,0.009789706509867884,5.74673251664235
2023-04-17 00:00:00-04:00,93.93285369873047,237.6696319580078,-0.38099807084845794,3.381182423466484,-1.026,False,False,0.0,False,False,0.0,0.0,-0.0077027617694287965,-0.0,5.74673251664235
2023-04-18 00:00:00-04:00,93.19306182861328,241.58087158203125,-0.3795391716881491,1.5036579326680197,-2.017,True,False,1.0,False,False,0.0,1.0,-0.01015523285802363,-0.0,5.74673251664235
2023-04-19 00:00:00-04:00,94.16646575927734,243.16705322265625,-0.3783448583651852,2.165461448672005,-1.673,False,False,1.0,False,False,0.0,1.0,0.0035548826857643846,0.0035548826857643846,5.750287399328115
2023-04-20 00:00:00-04:00,94.2735366821289,245.3147735595703,-0.3770014933251604,1.7895007154473177,-1.808,False,False,1.0,False,False,0.0,1.0,-0.002013094986684503,-0.002013094986684503,5.748274304341431
2023-04-21 00:00:00-04:00,94.47795104980469,244.9108428955078,-0.37592671989318693,2.4094212138208064,-1.437,False,False,1.0,False,False,0.0,1.0,0.0033231422829843116,0.0033231422829843116,5.751597446624415
2023-04-24 00:00:00-04:00,95.14959716796875,246.27041625976562,-0.37502917166238303,2.7910069531185826,-1.196,False,False,1.0,False,False,0.0,1.0,0.0020350350809947636,0.0020350350809947636,5.753632481705409
2023-04-25 00:00:00-04:00,95.59736633300781,240.7532958984375,-0.37520084650153235,5.266525913880173,-0.017,False,False,1.0,False,False,0.0,1.0,0.013314380878538529,0.013314380878538529,5.766946862583948
2023-04-26 00:00:00-04:00,93.24173736572266,239.5907745361328,-0.3746445289325099,3.4803645030579986,-0.87,False,False,1.0,False,True,0.0,1.0,-0.009760278984291855,-0.009760278984291855,5.7571865835996565
2023-04-27 00:00:00-04:00,93.9620590209961,235.5514373779297,-0.3749839151846643,5.634058805644742,0.157,False,False,1.0,False,False,0.0,1.0,0.011814655783255735,0.011814655783255735,5.769001239382912
2023-04-28 00:00:00-04:00,93.61162567138672,234.87164306640625,-0.37528240591993234,5.468430379058191,0.046,False,False,1.0,False,False,0.0,1.0,-0.0009112739112412111,-0.0009112739112412111,5.76808996547167
2023-05-01 00:00:00-04:00,93.38774871826172,235.41351318359375,-0.3753867132280503,5.0166437548041785,-0.158,False,False,1.0,False,False,0.0,1.0,-0.002485637508724295,-0.002485637508724295,5.765604327962946
2023-05-02 00:00:00-04:00,92.71610260009766,238.36911010742188,-0.3747842550948053,3.37911323087593,-0.913,False,False,1.0,False,True,0.0,1.0,-0.008994796552009203,-0.008994796552009203,5.756609531410937
2023-05-03 00:00:00-04:00,91.77191162109375,239.708984375,-0.3736559983348609,2.2032117546175556,-1.405,False,False,1.0,False,False,0.0,1.0,-0.006484490520971785,-0.006484490520971785,5.750125040889965
2023-05-04 00:00:00-04:00,92.81344604492188,233.31504821777344,-0.3739474547009934,5.56587762044596,0.262,False,True,0.0,False,False,0.0,0.0,0.018675146731442552,0.018675146731442552,5.768800187621408
2023-05-05 00:00:00-04:00,93.45589447021484,236.77308654785156,-0.37400260510946554,4.90214328150941,-0.039,False,False,0.0,False,False,0.0,0.0,-0.0036466987039816823,-0.0,5.768800187621408
2023-05-08 00:00:00-04:00,92.50196075439453,237.1376190185547,-0.3736222614145851,3.902067270211802,-0.5,False,False,0.0,False,True,0.0,0.0,-0.005522174333898001,-0.0,5.768800187621408
2023-05-09 00:00:00-04:00,91.90818786621094,238.13267517089844,-0.3728892740256295,3.1110674999535775,-0.897,False,False,0.0,False,False,0.0,0.0,-0.004377291281563478,-0.0,5.768800187621408
2023-05-10 00:00:00-04:00,92.91078186035156,240.2606964111328,-0.37229525216355175,3.4628653049783225,-0.698,False,False,0.0,False,False,0.0,0.0,0.0019291528623589333,0.0,5.768800187621408
2023-05-11 00:00:00-04:00,92.08639526367188,238.2410430908203,-0.37173289504192186,3.5243625977139885,-0.646,False,False,0.0,False,False,0.0,0.0,0.00034042528595721786,0.0,5.768800187621408
2023-05-12 00:00:00-04:00,92.14527893066406,236.36915588378906,-0.3715157565309709,4.330413161911181,-0.204,False,False,0.0,False,False,0.0,0.0,0.004479050433880899,0.0,5.768800187621408
2023-05-15 00:00:00-04:00,90.59463500976562,228.10333251953125,-0.3719193599457784,5.758589577602507,0.531,False,True,0.0,False,False,0.0,0.0,0.008140972902194732,0.0,5.768800187621408
2023-05-16 00:00:00-04:00,88.42570495605469,222.95074462890625,-0.37220911164623055,5.4414063568638795,0.384,False,False,0.0,False,False,0.0,0.0,-0.001850435879819576,-0.0,5.768800187621408
2023-05-17 00:00:00-04:00,87.61112976074219,221.58131408691406,-0.3723518074843828,5.104926955715001,0.24,False,False,0.0,False,False,0.0,0.0,-0.0019779254475365783,-0.0,5.768800187621408
2023-05-18 00:00:00-04:00,87.67982482910156,227.14768981933594,-0.37168872229996447,3.2515902267639376,-0.689,False,False,0.0,False,True,0.0,0.0,-0.010768448235797796,-0.0,5.768800187621408
2023-05-19 00:00:00-04:00,88.2490463256836,220.911376953125,-0.372199344543245,6.025976621584746,0.772,False,True,0.0,False,False,0.0,0.0,0.016274722573022486,0.0,5.768800187621408
2023-05-22 00:00:00-04:00,88.20979309082031,219.4828338623047,-0.3729001275070848,6.364616357950581,0.897,False,False,0.0,False,False,0.0,0.0,0.0019913545409283263,0.0,5.768800187621408
2023-05-23 00:00:00-04:00,87.20874786376953,215.3055877685547,-0.3737722080900402,6.733502909392897,1.034,False,False,0.0,False,False,0.0,0.0,0.002199891267154965,0.0,5.768800187621408
2023-05-24 00:00:00-04:00,86.44324493408203,215.25633239746094,-0.37427884163016195,5.877354190803246,0.677,False,False,0.0,False,False,0.0,0.0,-0.005126358597793208,-0.0,5.768800187621408
2023-05-25 00:00:00-04:00,85.09870147705078,210.69485473632812,-0.37487973593930024,6.113469969726864,0.899,False,False,0.0,False,False,0.0,0.0,0.0014389939016521715,0.0,5.768800187621408
2023-05-26 00:00:00-04:00,85.28517150878906,209.37818908691406,-0.3757133277731817,6.618995323822105,1.207,False,False,0.0,False,False,0.0,0.0,0.003083386389964352,0.0,5.768800187621408
2023-05-30 00:00:00-04:00,84.87298583984375,213.1895751953125,-0.3757323451722363,4.770766785436166,0.128,False,False,0.0,False,False,0.0,0.0,-0.011203068603979906,-0.0,5.768800187621408
2023-05-31 00:00:00-04:00,85.726806640625,207.4873504638672,-0.37695671244345924,7.513057136161763,1.861,False,True,0.0,True,False,-1.0,-1.0,0.01672734566240373,0.0,5.768800187621408
2023-06-01 00:00:00-04:00,84.58837127685547,204.2501678466797,-0.37815944611126384,7.349240935822408,1.708,False,False,0.0,False,False,-1.0,-1.0,-0.0010122890034239167,0.0010122890034239167,5.769812476624832
2023-06-02 00:00:00-04:00,85.46183013916016,209.07130432128906,-0.37886918031016714,6.251156444575869,0.994,False,False,0.0,False,False,-1.0,-1.0,-0.006668292918866282,0.006668292918866282,5.776480769543698
2023-06-05 00:00:00-04:00,86.11937713623047,205.4678192138672,-0.3803513242158175,7.969420014499889,1.857,False,False,0.0,True,False,-1.0,-1.0,0.010460038556105285,-0.010460038556105285,5.766020730987593
2023-06-06 00:00:00-04:00,85.9034652709961,214.68441772460938,-0.38017300692666806,4.2862446443304805,-0.323,False,False,0.0,False,True,0.0,0.0,-0.02198639141448751,0.02198639141448751,5.788007122402081
2023-06-07 00:00:00-04:00,87.8172378540039,215.62489318847656,-0.38060607964398324,5.749092583885215,0.52,False,True,0.0,False,False,0.0,0.0,0.008610793422327219,0.0,5.788007122402081
2023-06-08 00:00:00-04:00,88.6906967163086,217.24842834472656,-0.381128959560092,5.891029255217759,0.567,False,False,0.0,False,False,0.0,0.0,0.000827665577674773,0.0,5.788007122402081
2023-06-09 00:00:00-04:00,88.25886535644531,215.0408172607422,-0.3817799894765061,6.160584405619886,0.703,False,False,0.0,False,False,0.0,0.0,0.0015822943518667189,0.0,5.788007122402081
2023-06-12 00:00:00-04:00,88.1410903930664,217.27813720703125,-0.3819677947153136,5.1478394842453525,-0.056,False,False,0.0,False,False,0.0,0.0,-0.005917835740449156,-0.0,5.788007122402081
2023-06-13 00:00:00-04:00,88.60235595703125,215.30810546875,-0.38263318089180304,6.218330689735623,0.701,False,True,0.0,False,False,0.0,0.0,0.006260681101179817,0.0,5.788007122402081
2023-06-14 00:00:00-04:00,88.84771728515625,215.8525848388672,-0.38327108797979,6.117662250713707,0.584,False,False,0.0,False,False,0.0,0.0,-0.0005867219142722096,-0.0,5.788007122402081
2023-06-15 00:00:00-04:00,89.87820434570312,218.48590087890625,-0.3838586616584323,6.01049884308928,0.495,False,False,0.0,False,False,0.0,0.0,-0.0006167823329940945,-0.0,5.788007122402081
2023-06-16 00:00:00-04:00,89.73098754882812,216.733642578125,-0.384611653223137,6.372702967782985,0.736,False,False,0.0,False,False,0.0,0.0,0.0020925856365143964,0.0,5.788007122402081
2023-06-20 00:00:00-04:00,88.3471908569336,214.83291625976562,-0.38502727898371997,5.630657673298671,0.18,False,False,0.0,False,False,0.0,0.0,-0.004337829651763773,-0.0,5.788007122402081
2023-06-21 00:00:00-04:00,89.00474548339844,218.24830627441406,-0.3851162250865903,4.9537816394540926,-0.362,False,False,0.0,False,True,0.0,0.0,-0.003911318710463558,-0.0,5.788007122402081
2023-06-22 00:00:00-04:00,87.62094116210938,217.4365234375,-0.38473426666453336,3.9656597712971973,-1.244,False,False,0.0,False,False,0.0,0.0,-0.005769171303690924,-0.0,5.788007122402081
2023-06-23 00:00:00-04:00,86.26659393310547,216.50595092773438,-0.3839508679105831,3.138946166595744,-1.77,True,False,1.0,False,False,0.0,1.0,-0.004880411496911771,-0.0,5.788007122402081
2023-06-26 00:00:00-04:00,87.26763153076172,216.8623504638672,-0.38358867143213893,4.0816906326760005,-1.003,False,False,1.0,False,False,0.0,1.0,0.005530799106447516,0.005530799106447516,5.793537921508529
2023-06-27 00:00:00-04:00,87.05171966552734,220.8915252685547,-0.3825339946609649,2.55320211779366,-2.044,True,False,1.0,False,False,0.0,1.0,-0.00890985952401928,-0.00890985952401928,5.78462806198451
2023-06-28 00:00:00-04:00,85.81513977050781,214.42703247070312,-0.38207248648219166,3.8884703054286263,-1.111,False,False,1.0,False,False,0.0,1.0,0.00796025864821592,0.00796025864821592,5.792588320632725
2023-06-29 00:00:00-04:00,85.628662109375,215.23880004882812,-0.38146403683449537,3.522800559336247,-1.389,False,False,1.0,False,False,0.0,1.0,-0.0021800505829967045,-0.0021800505829967045,5.790408270049729
2023-06-30 00:00:00-04:00,86.60026550292969,218.88189697265625,-0.3807298548018546,3.2653926497757766,-1.562,True,False,1.0,False,False,0.0,1.0,-0.0015147421071979557,-0.0015147421071979557,5.78889352794253
2023-07-03 00:00:00-04:00,87.66020202636719,218.81259155273438,-0.3805164826883307,4.398404320802356,-0.722,False,False,1.0,False,False,0.0,1.0,0.006628822929778232,0.006628822929778232,5.795522350872309
2023-07-05 00:00:00-04:00,88.67105865478516,218.15919494628906,-0.380871015098935,5.580544622425592,0.163,False,False,1.0,False,False,0.0,1.0,0.006882449218000849,0.006882449218000849,5.80240480009031
2023-07-06 00:00:00-04:00,88.30793762207031,216.6841583251953,-0.38129673923904006,5.686974607917449,0.236,False,True,0.0,False,False,0.0,0.0,0.0006226564676640923,0.0006226564676640923,5.803027456557974
2023-07-07 00:00:00-04:00,87.32652282714844,214.68441772460938,-0.3815943649723963,5.404158776057457,0.019,False,False,0.0,False,False,0.0,0.0,-0.0016710055650968883,-0.0,5.803027456557974
2023-07-10 00:00:00-04:00,86.86524963378906,219.06007385253906,-0.3809636039222183,3.4113344234584844,-1.478,False,False,0.0,False,True,0.0,0.0,-0.011700529147279787,-0.0,5.803027456557974
2023-07-11 00:00:00-04:00,87.82704162597656,220.74301147460938,-0.38049371100350887,3.8357140119123017,-1.094,False,False,0.0,False,False,0.0,0.0,0.002469931418455805,0.0,5.803027456557974
2023-07-12 00:00:00-04:00,89.12250518798828,218.56509399414062,-0.38096556143344323,5.856731444757202,0.411,False,True,0.0,False,False,0.0,0.0,0.011723635999935119,0.0,5.803027456557974
2023-07-13 00:00:00-04:00,89.81932067871094,214.18943786621094,-0.38242194555156805,7.9085791333178435,1.839,False,False,0.0,True,False,-1.0,-1.0,0.011948098439998379,0.0,5.803027456557974
2023-07-14 00:00:00-04:00,89.70154571533203,212.78367614746094,-0.38396125470726583,8.000858440528418,1.771,False,False,0.0,False,False,-1.0,-1.0,0.0005383786757077168,-0.0005383786757077168,5.802489077882266
2023-07-17 00:00:00-04:00,87.85648345947266,208.6951141357422,-0.38525372368112953,7.45591362461964,1.339,False,False,0.0,False,False,-1.0,-1.0,-0.003238763577747476,0.003238763577747476,5.805727841460014
2023-07-18 00:00:00-04:00,87.03209686279297,210.0711669921875,-0.38585257797916983,5.975595519764738,0.371,False,False,0.0,False,False,-1.0,-1.0,-0.00880677286059749,0.00880677286059749,5.814534614320611
2023-07-19 00:00:00-04:00,87.96443939208984,209.04161071777344,-0.38693954728399843,7.0779731774367605,1.048,False,False,0.0,False,False,-1.0,-1.0,0.006528704443193699,-0.006528704443193699,5.8080059098774175
2023-07-20 00:00:00-04:00,89.56415557861328,212.25900268554688,-0.3880998009532579,7.186478885815504,1.135,False,False,0.0,False,False,-1.0,-1.0,0.0006310605566158356,-0.0006310605566158356,5.8073748493208015
2023-07-21 00:00:00-04:00,90.65353393554688,213.52615356445312,-0.3894128663730955,7.503702430391414,1.338,False,False,0.0,False,False,-1.0,-1.0,0.0018251864327917128,-0.0018251864327917128,5.805549662888009
2023-07-24 00:00:00-04:00,90.49649810791016,212.50648498535156,-0.39071534518583995,7.466953472629001,1.262,False,False,0.0,False,False,-1.0,-1.0,-0.0002117777665038964,0.0002117777665038964,5.805761440654513
2023-07-25 00:00:00-04:00,90.32965850830078,210.58595275878906,-0.3921502353481057,7.748327572936574,1.458,False,False,0.0,False,False,-1.0,-1.0,0.0016272771396016218,-0.0016272771396016218,5.804134163514911
2023-07-26 00:00:00-04:00,90.82036590576172,212.36790466308594,-0.39337327354589713,7.2805080523606165,1.086,False,False,0.0,False,False,-1.0,-1.0,-0.002683063318513168,0.002683063318513168,5.806817226833425
2023-07-27 00:00:00-04:00,88.89678955078125,221.34690856933594,-0.39215206228550864,2.0951428747942344,-2.05,True,False,1.0,False,True,0.0,1.0,-0.029512870398424037,0.029512870398424037,5.836330097231849
2023-07-28 00:00:00-04:00,88.38644409179688,221.74290466308594,-0.3906782356099455,1.7563173389981017,-2.036,False,False,1.0,False,False,0.0,1.0,-0.001935962601489831,-0.001935962601489831,5.834394134630359
2023-07-31 00:00:00-04:00,88.19017028808594,221.74290466308594,-0.38925464593452486,1.8757144449633216,-1.805,False,False,1.0,False,False,0.0,1.0,0.0006842059641183737,0.0006842059641183737,5.835078340594477
2023-08-01 00:00:00-04:00,87.94480895996094,221.94088745117188,-0.3878336445381865,1.8686657077334985,-1.678,False,False,1.0,False,False,0.0,1.0,-4.050510665651582e-05,-4.050510665651582e-05,5.835037835487821
2023-08-02 00:00:00-04:00,87.85648345947266,223.73272705078125,-0.38621994163126033,1.4464426769172292,-1.742,False,False,1.0,False,False,0.0,1.0,-0.002422857933574607,-0.002422857933574607,5.832614977554246
2023-08-03 00:00:00-04:00,86.61990356445312,224.8612823486328,-0.38405406607843084,0.2610137748506105,-2.089,False,False,1.0,False,False,0.0,1.0,-0.006853030241922573,-0.006853030241922573,5.825761947312324
2023-08-04 00:00:00-04:00,85.6482925415039,220.07974243164062,-0.38243814061559195,1.4814050587888659,-1.43,False,False,1.0,False,False,0.0,1.0,0.007186585343926285,0.007186585343926285,5.83294853265625
2023-08-07 00:00:00-04:00,85.86420440673828,220.5648193359375,-0.3810048515796282,1.8279381519619022,-1.199,False,False,1.0,False,False,0.0,1.0,0.002039624091821495,0.002039624091821495,5.8349881567480715
2023-08-08 00:00:00-04:00,86.06049346923828,219.545166015625,-0.37995596075887983,2.6429989858037146,-0.799,False,False,1.0,False,False,0.0,1.0,0.004809243039098507,0.004809243039098507,5.83979739978717
2023-08-09 00:00:00-04:00,85.6581039428711,221.91119384765625,-0.37847407392616905,1.6704703575288136,-1.155,False,False,1.0,False,False,0.0,1.0,-0.0057327029988782485,-0.0057327029988782485,5.8340646967882925
2023-08-10 00:00:00-04:00,85.46183013916016,220.0401611328125,-0.37732930267630516,2.434229578134193,-0.803,False,False,1.0,False,False,0.0,1.0,0.0045329800061134394,0.0045329800061134394,5.838597676794406
2023-08-11 00:00:00-04:00,85.92725372314453,220.2876434326172,-0.37645750850508036,2.9983163220459375,-0.563,False,False,1.0,False,False,0.0,1.0,0.0033406340635546697,0.0033406340635546697,5.841938310857961
2023-08-14 00:00:00-04:00,85.3429946899414,220.2084503173828,-0.3754443940066189,2.666966505394967,-0.681,False,False,1.0,False,False,0.0,1.0,-0.0019720970339084307,-0.0019720970339084307,5.839966213824052
2023-08-15 00:00:00-04:00,83.41193389892578,219.82235717773438,-0.37377445001115805,1.2479532446617725,-1.238,False,False,1.0,False,False,0.0,1.0,-0.008570167131870797,-0.008570167131870797,5.8313960466921815
2023-08-16 00:00:00-04:00,84.13484191894531,218.6641082763672,-0.37271698865843306,2.6350139544961877,-0.648,False,False,1.0,False,False,0.0,1.0,0.008374217250596722,0.008374217250596722,5.839770263942778
2023-08-17 00:00:00-04:00,84.15464782714844,216.80294799804688,-0.37207456093845354,3.4877861406127693,-0.299,False,False,1.0,False,False,0.0,1.0,0.005173913214560028,0.005173913214560028,5.8449441771573385
2023-08-18 00:00:00-04:00,85.15483093261719,217.1197509765625,-0.37187316046626606,4.413822937314237,0.066,False,False,1.0,False,False,0.0,1.0,0.005582037516346747,0.005582037516346747,5.850526214673685
2023-08-21 00:00:00-04:00,84.2635726928711,213.4568634033203,-0.3719023240873603,4.878469100778062,0.25,False,True,0.0,False,False,0.0,0.0,0.0028392906927931986,0.0028392906927931986,5.853365505366479
2023-08-22 00:00:00-04:00,84.2338638305664,212.84307861328125,-0.37202037491261036,5.051901927299312,0.329,False,False,0.0,False,False,0.0,0.0,0.001061297617549793,0.0,5.853365505366479
2023-08-23 00:00:00-04:00,83.93678283691406,212.4371795654297,-0.3720697957407827,4.895324828256662,0.275,False,False,0.0,False,False,0.0,0.0,-0.0009607239483644522,-0.0,5.853365505366479
2023-08-24 00:00:00-04:00,83.7684326171875,209.50689697265625,-0.3725015118569201,5.726796750421045,0.613,False,False,0.0,False,False,0.0,0.0,0.005138567271831026,0.0,5.853365505366479
2023-08-25 00:00:00-04:00,84.27347564697266,212.43161010742188,-0.37266236306245315,5.10820983517911,0.338,False,False,0.0,False,False,0.0,0.0,-0.003784824269452644,-0.0,5.853365505366479
2023-08-28 00:00:00-04:00,84.4220199584961,217.86328125,-0.37200656514809943,3.3754490287892622,-0.369,False,False,0.0,False,True,0.0,0.0,-0.010471841194082381,-0.0,5.853365505366479
2023-08-29 00:00:00-04:00,84.59037017822266,221.4346466064453,-0.37089395093613986,2.4615992242102607,-0.702,False,False,0.0,False,False,0.0,0.0,-0.005481373034750533,-0.0,5.853365505366479
2023-08-30 00:00:00-04:00,84.4022216796875,221.7927703857422,-0.3697360534215326,2.3974380798350126,-0.683,False,False,0.0,False,False,0.0,0.0,-0.00038556756830919806,-0.0,5.853365505366479
2023-08-31 00:00:00-04:00,83.3030014038086,217.36587524414062,-0.36891112877409016,3.1143110105246166,-0.333,False,False,0.0,False,False,0.0,0.0,0.004384766729182212,0.0,5.853365505366479
2023-09-01 00:00:00-04:00,82.30281066894531,219.37539672851562,-0.36744184586581385,1.6951099574743154,-0.911,False,False,0.0,False,False,0.0,0.0,-0.008711537647416072,-0.0,5.853365505366479
2023-09-05 00:00:00-04:00,81.223388671875,216.94805908203125,-0.3660063665300663,1.8190178415105862,-0.805,False,False,0.0,False,False,0.0,0.0,0.0007713976987554468,0.0,5.853365505366479
2023-09-06 00:00:00-04:00,81.27291107177734,214.62020874023438,-0.3650810923911302,2.919130815680191,-0.255,False,False,0.0,False,False,0.0,0.0,0.0068917858599848066,0.0,5.853365505366479
2023-09-07 00:00:00-04:00,82.81775665283203,217.86328125,-0.36440938220041663,3.4263329283639195,0.042,False,False,0.0,False,False,0.0,0.0,0.0031268397479351753,0.0,5.853365505366479
2023-09-08 00:00:00-04:00,83.84765625,216.2616424560547,-0.364487272808445,5.023039978117609,0.935,False,True,0.0,False,False,0.0,0.0,0.009815483763767443,0.0,5.853365505366479
2023-09-11 00:00:00-04:00,83.70901489257812,216.5501251220703,-0.36448197845915786,4.780396852507749,0.911,False,False,0.0,False,False,0.0,0.0,-0.0014919248468793379,-0.0,5.853365505366479
2023-09-12 00:00:00-04:00,83.62979125976562,215.97314453125,-0.3645294301776636,4.901223950110875,1.135,False,False,0.0,False,False,0.0,0.0,0.0007442000440738822,0.0,5.853365505366479
2023-09-13 00:00:00-04:00,84.87755584716797,214.76942443847656,-0.3652854983457916,6.4253996117202234,2.203,False,False,0.0,True,False,-1.0,-1.0,0.00933189462085372,0.0,5.853365505366479
2023-09-14 00:00:00-04:00,85.96687316894531,214.8092041015625,-0.36645231809870016,7.249542376990931,2.411,False,False,0.0,False,False,-1.0,-1.0,0.00500438260287781,-0.00500438260287781,5.848361122763601
2023-09-15 00:00:00-04:00,85.4222183227539,211.73524475097656,-0.367775918742616,7.551094154270842,2.302,False,False,0.0,False,False,-1.0,-1.0,0.0018466875175642513,-0.0018466875175642513,5.8465144352460365
2023-09-18 00:00:00-04:00,85.838134765625,208.40264892578125,-0.3696863464960053,8.79452088416329,2.59,False,False,0.0,False,False,-1.0,-1.0,0.007633923016056029,-0.007633923016056029,5.838880512229981
2023-09-19 00:00:00-04:00,85.85794067382812,209.05921936035156,-0.37135905474451675,8.221906586541394,2.081,False,False,0.0,False,False,-1.0,-1.0,-0.0035023571875266823,0.0035023571875266823,5.8423828694175075
2023-09-20 00:00:00-04:00,86.3134765625,206.47271728515625,-0.37348362269244606,9.199298123686617,2.272,False,False,0.0,False,False,-1.0,-1.0,0.005980576158529403,-0.005980576158529403,5.8364022932589785
2023-09-21 00:00:00-04:00,85.47172546386719,203.528076171875,-0.3755564015571348,9.035453560911378,2.036,False,False,0.0,False,False,-1.0,-1.0,-0.0010119609002637987,0.0010119609002637987,5.837414254159242
2023-09-22 00:00:00-04:00,84.61018371582031,203.98568725585938,-0.3770097244204284,7.7055959777770795,1.377,False,False,0.0,False,False,-1.0,-1.0,-0.00823365919515399,0.00823365919515399,5.845647913354396
2023-09-25 00:00:00-04:00,83.90707397460938,205.27894592285156,-0.37780335318588054,6.351999866493017,0.754,False,False,0.0,False,False,-1.0,-1.0,-0.008383364939444152,0.008383364939444152,5.85403127829384
2023-09-26 00:00:00-04:00,80.84708404541016,201.97616577148438,-0.37772064933633415,4.55651555974201,-0.042,False,False,0.0,False,False,-1.0,-1.0,-0.011426187663048488,0.011426187663048488,5.865457465956889
2023-09-27 00:00:00-04:00,79.7874755859375,201.95626831054688,-0.37715504488616225,3.61865014623136,-0.486,False,False,0.0,False,True,0.0,0.0,-0.006013642330209142,0.006013642330209142,5.871471108287098
2023-09-28 00:00:00-04:00,79.10417938232422,202.36415100097656,-0.376254372011902,2.9637828297300786,-0.789,False,False,0.0,False,False,0.0,0.0,-0.004218294343345141,-0.0,5.871471108287098
2023-09-29 00:00:00-04:00,79.7676773071289,201.99607849121094,-0.3757683976078807,3.8639345694108727,-0.4,False,False,0.0,False,False,0.0,0.0,0.0057823827869076545,0.0,5.871471108287098
2023-10-02 00:00:00-04:00,76.2818603515625,202.44374084472656,-0.37373889723687337,0.620759895747014,-1.767,True,False,1.0,False,False,0.0,1.0,-0.021344685245243543,-0.0,5.871471108287098
2023-10-03 00:00:00-04:00,77.4801025390625,202.47357177734375,-0.37234716249444905,2.0896426076523937,-1.157,False,False,1.0,False,False,0.0,1.0,0.009608669505543939,0.009608669505543939,5.881079777792642
2023-10-04 00:00:00-04:00,78.45059204101562,204.94070434570312,-0.37112502009689,2.391969022045757,-1.018,False,False,1.0,False,False,0.0,1.0,0.0019566885656366203,0.0019566885656366203,5.883036466358278
2023-10-05 00:00:00-04:00,78.52981567382812,204.10507202148438,-0.3701895642146141,2.972248008202399,-0.753,False,False,1.0,False,False,0.0,1.0,0.0037659084967280564,0.0037659084967280564,5.886802374855006
2023-10-06 00:00:00-04:00,79.84689331054688,203.40870666503906,-0.37004229223986573,4.577069234669366,-0.053,False,False,1.0,False,False,0.0,1.0,0.010345894714036921,0.010345894714036921,5.897148269569043
2023-10-09 00:00:00-04:00,80.92630767822266,202.84165954589844,-0.37050785353350923,5.7718797926969785,0.456,False,True,0.0,False,False,0.0,0.0,0.007655080261584323,0.007655080261584323,5.904803349830628
2023-10-10 00:00:00-04:00,81.44125366210938,203.96578979492188,-0.3709995355175222,5.770040386728795,0.445,False,False,0.0,False,False,0.0,0.0,-1.1707574860470644e-05,-0.0,5.904803349830628
2023-10-11 00:00:00-04:00,82.14435577392578,203.24952697753906,-0.37187707457920205,6.5605162719119505,0.761,False,False,0.0,False,False,0.0,0.0,0.005011633359528699,0.0,5.904803349830628
2023-10-12 00:00:00-04:00,80.51039123535156,195.72877502441406,-0.3732104239091068,7.4623721372798,1.108,False,False,0.0,False,False,0.0,0.0,0.0058730476787929664,0.0,5.904803349830628
2023-10-13 00:00:00-04:00,81.71853637695312,199.69805908203125,-0.3743272475165171,6.966111586385566,0.865,False,False,0.0,False,False,0.0,0.0,-0.0031715824277638903,-0.0,5.904803349830628
2023-10-16 00:00:00-04:00,82.80785369873047,204.6024627685547,-0.37500398705698246,6.081114398844647,0.462,False,False,0.0,False,False,0.0,0.0,-0.0055473685732134225,-0.0,5.904803349830628
2023-10-17 00:00:00-04:00,82.61969757080078,206.3334503173828,-0.3752286259849707,5.197480513471007,0.058,False,False,0.0,False,False,0.0,0.0,-0.005521265397423111,-0.0,5.904803349830628
2023-10-18 00:00:00-04:00,82.20378112792969,206.29364013671875,-0.37523633177962906,4.7949123335604895,-0.147,False,False,0.0,False,False,0.0,0.0,-0.0025221571103950196,-0.0,5.904803349830628
2023-10-19 00:00:00-04:00,81.64921569824219,201.09078979492188,-0.37585692102188367,6.06785060006402,0.374,False,True,0.0,False,False,0.0,0.0,0.00809599672058523,0.0,5.904803349830628
2023-10-20 00:00:00-04:00,80.4113540649414,194.25645446777344,-0.3770433029031568,7.168258862155426,0.811,False,False,0.0,False,False,0.0,0.0,0.007161577600490148,0.0,5.904803349830628
2023-10-23 00:00:00-04:00,79.74786376953125,197.1414031982422,-0.37736768545127203,5.3530687379946045,-0.062,False,False,0.0,False,False,0.0,0.0,-0.011776040054579918,-0.0,5.904803349830628
2023-10-24 00:00:00-04:00,80.78766632080078,197.19114685058594,-0.37808821868044856,6.232016868507998,0.315,False,True,0.0,False,False,0.0,0.0,0.005658100743756833,0.0,5.904803349830628
2023-10-25 00:00:00-04:00,81.52047729492188,197.04193115234375,-0.37911779748838165,6.818374343587976,0.557,False,False,0.0,False,False,0.0,0.0,0.003753346501867369,0.0,5.904803349830628
2023-10-26 00:00:00-04:00,82.3226089477539,187.81007385253906,-0.3820217361983245,10.575078459071378,2.147,False,False,0.0,True,False,-1.0,-1.0,0.02438307727392742,0.0,5.904803349830628
2023-10-27 00:00:00-04:00,80.93621063232422,186.83517456054688,-0.3843100963146876,9.133566701988983,1.396,False,False,0.0,False,False,-1.0,-1.0,-0.009437754140620654,0.009437754140620654,5.914241103971248
2023-10-30 00:00:00-04:00,80.8074722290039,190.1976318359375,-0.3857374548434081,7.441121807365803,0.614,False,False,0.0,False,False,-1.0,-1.0,-0.010977511392827434,0.010977511392827434,5.925218615364075
2023-10-31 00:00:00-04:00,80.5995101928711,191.56051635742188,-0.3866722187839644,6.528380301544871,0.211,False,False,0.0,False,False,-1.0,-1.0,-0.005901194339947566,0.005901194339947566,5.931119809704023
2023-11-01 00:00:00-04:00,81.75814819335938,189.57089233398438,-0.38839462594949425,8.129832374389665,0.897,False,False,0.0,False,False,-1.0,-1.0,0.010306252111623613,-0.010306252111623613,5.920813557592399
2023-11-02 00:00:00-04:00,83.07523345947266,194.14703369140625,-0.3897904016418409,7.398583219327392,0.58,False,False,0.0,False,False,-1.0,-1.0,-0.004606239233330322,0.004606239233330322,5.925419796825729
2023-11-03 00:00:00-04:00,83.1346435546875,198.24563598632812,-0.39033801076660923,5.75183636062286,-0.103,False,False,0.0,False,False,-1.0,-1.0,-0.010258989605323853,0.010258989605323853,5.935678786431053
2023-11-06 00:00:00-05:00,81.95620727539062,198.21578979492188,-0.3902619345987799,4.60012968199932,-0.576,False,False,0.0,False,True,0.0,0.0,-0.007229239600525139,0.007229239600525139,5.942908026031578
2023-11-07 00:00:00-05:00,81.25310516357422,198.15611267089844,-0.3898535322544993,4.0012447010039125,-0.798,False,False,0.0,False,False,0.0,0.0,-0.0037783357677762543,-0.0,5.942908026031578
2023-11-08 00:00:00-05:00,80.21330261230469,198.46449279785156,-0.388934978710714,3.0235193311396387,-1.189,False,False,0.0,False,False,0.0,0.0,-0.0062116022968317,-0.0,5.942908026031578
2023-11-09 00:00:00-05:00,78.85660552978516,194.06744384765625,-0.38824054343627684,3.5117556670819567,-0.903,False,False,0.0,False,False,0.0,0.0,0.0031662239159780435,0.0,5.942908026031578
2023-11-10 00:00:00-05:00,79.52999877929688,197.5094757080078,-0.3873124137608251,3.03212700219332,-1.068,False,False,0.0,False,False,0.0,0.0,-0.0030739935319136586,-0.0,5.942908026031578
2023-11-13 00:00:00-05:00,79.37999725341797,195.0821533203125,-0.38682228301037674,3.9178733314743397,-0.644,False,False,0.0,False,False,0.0,0.0,0.005720319009824821,0.0,5.942908026031578
2023-11-14 00:00:00-05:00,81.51000213623047,205.65696716308594,-0.3854958190183257,2.230101142871746,-1.378,False,False,0.0,False,False,0.0,0.0,-0.01049675480706228,-0.0,5.942908026031578
2023-11-15 00:00:00-05:00,81.43000030517578,206.4229736328125,-0.384092549603188,2.1444740658771764,-1.387,False,False,0.0,False,False,0.0,0.0,-0.000532786587802854,-0.0,5.942908026031578
2023-11-16 00:00:00-05:00,82.37000274658203,202.00601196289062,-0.38402498342310704,4.794647351164997,-0.213,False,False,0.0,False,False,0.0,0.0,0.016569241621473028,0.0,5.942908026031578
2023-11-17 00:00:00-05:00,81.73999786376953,201.558349609375,-0.383810421493549,4.379802744651201,-0.482,False,False,0.0,False,False,0.0,0.0,-0.002607442509880645,-0.0,5.942908026031578
2023-11-20 00:00:00-05:00,81.31999969482422,199.66822814941406,-0.3837487980388779,4.697557135934119,-0.38,False,False,0.0,False,False,0.0,0.0,0.0020118366333254883,0.0,5.942908026031578
2023-11-21 00:00:00-05:00,80.91999816894531,196.42514038085938,-0.38408444746411113,5.476156657702475,-0.036,False,False,0.0,False,False,0.0,0.0,0.004979409071565589,0.0,5.942908026031578
2023-11-22 00:00:00-05:00,81.4800033569336,197.41000366210938,-0.38448974251089524,5.577881879814271,-0.024,False,False,0.0,False,False,0.0,0.0,0.0006463581694494019,0.0,5.942908026031578
2023-11-24 00:00:00-05:00,81.5999984741211,198.19000244140625,-0.3847793418842202,5.340579766684797,-0.164,False,False,0.0,False,False,0.0,0.0,-0.0015032496468458858,-0.0,5.942908026031578
2023-11-27 00:00:00-05:00,82.22000122070312,197.77999877929688,-0.3853933696895505,5.996901033954714,0.186,False,False,0.0,False,False,0.0,0.0,0.00414231519984025,0.0,5.942908026031578
2023-11-28 00:00:00-05:00,83.16000366210938,199.9199981689453,-0.38601781927012324,5.98732194044608,0.178,False,False,0.0,False,False,0.0,0.0,-5.974510740405572e-05,-0.0,5.942908026031578
2023-11-29 00:00:00-05:00,82.97000122070312,200.19000244140625,-0.3864510203707561,5.606370509197518,-0.013,False,False,0.0,False,False,0.0,0.0,-0.0023759920277339774,-0.0,5.942908026031578
2023-11-30 00:00:00-05:00,83.62000274658203,203.00999450683594,-0.38663563466406,5.1291046772841895,-0.237,False,False,0.0,False,True,0.0,0.0,-0.0029440699515660028,-0.0,5.942908026031578
2023-12-01 00:00:00-05:00,84.97000122070312,210.07000732421875,-0.3861662312489754,3.848058193864901,-0.888,False,False,0.0,False,False,0.0,0.0,-0.007712875475224933,-0.0,5.942908026031578
2023-12-04 00:00:00-05:00,85.0,212.00999450683594,-0.3853922776622684,3.2929853298454788,-1.126,False,False,0.0,False,False,0.0,0.0,-0.0033296311203082005,-0.0,5.942908026031578
2023-12-05 00:00:00-05:00,83.7300033569336,207.19000244140625,-0.38494657344796895,3.972921864437936,-0.735,False,False,0.0,False,False,0.0,0.0,0.0041589617627513205,0.0,5.942908026031578
2023-12-06 00:00:00-05:00,84.91000366210938,209.4600067138672,-0.3846943786322035,4.331916531021065,-0.534,False,False,0.0,False,False,0.0,0.0,0.0021693081650917536,0.0,5.942908026031578
2023-12-07 00:00:00-05:00,85.0,209.0500030517578,-0.38458517790782726,4.602467384707893,-0.368,False,False,0.0,False,False,0.0,0.0,0.0016357611229674035,0.0,5.942908026031578
2023-12-08 00:00:00-05:00,84.06999969482422,212.07000732421875,-0.38355984104748214,2.7284613946085017,-1.281,False,False,0.0,False,False,0.0,0.0,-0.011329354728299459,-0.0,5.942908026031578
2023-12-11 00:00:00-05:00,84.20999908447266,216.07000732421875,-0.3819813085515066,1.6752949480339652,-1.696,True,False,1.0,False,False,0.0,1.0,-0.006316041386809459,-0.0,5.942908026031578
2023-12-12 00:00:00-05:00,83.02999877929688,215.3000030517578,-0.38014752148074205,1.1842362443749437,-1.783,False,False,1.0,False,False,0.0,1.0,-0.002978355943559017,-0.002978355943559017,5.939929670088019
2023-12-13 00:00:00-05:00,87.0,220.4600067138672,-0.3793700307369362,3.3640804766950367,-0.694,False,False,1.0,False,False,0.0,1.0,0.012774826299232832,0.012774826299232832,5.952704496387252
2023-12-14 00:00:00-05:00,84.62000274658203,224.10000610351562,-0.37707304996303265,0.11792994839515814,-2.226,True,False,1.0,False,False,0.0,1.0,-0.019194126596681807,-0.019194126596681807,5.93351036979057
2023-12-15 00:00:00-05:00,82.45999908447266,217.3000030517578,-0.37512668908933106,0.9449684005652159,-1.759,False,False,1.0,False,False,0.0,1.0,0.005043685330249829,0.005043685330249829,5.93855405512082
2023-12-18 00:00:00-05:00,82.37999725341797,215.75,-0.3735992530356702,1.7759584109721231,-1.256,False,False,1.0,False,False,0.0,1.0,0.0050985975701211385,0.0050985975701211385,5.943652652690941
2023-12-19 00:00:00-05:00,83.26000213623047,216.13999938964844,-0.3725511787730265,2.736790583615715,-0.688,False,False,1.0,False,False,0.0,1.0,0.005866487480633866,0.005866487480633866,5.949519140171574
2023-12-20 00:00:00-05:00,81.79000091552734,209.77999877929688,-0.3720077988292397,3.7502053312405224,-0.061,False,False,1.0,False,False,0.0,1.0,0.006340587110901976,0.006340587110901976,5.955859727282476
2023-12-21 00:00:00-05:00,82.3499984741211,211.6999969482422,-0.3714659654237651,3.710654727534191,-0.021,False,False,1.0,False,False,0.0,1.0,-0.0002456721864985915,-0.0002456721864985915,5.955614055095977
2023-12-22 00:00:00-05:00,82.94000244140625,211.9199981689453,-0.37119362716179194,4.276649652955129,0.388,False,True,0.0,False,False,0.0,0.0,0.003502371127232428,0.003502371127232428,5.9591164262232095
2023-12-26 00:00:00-05:00,83.63999938964844,210.72999572753906,-0.3714496938702894,5.36440698736665,1.09,False,False,0.0,False,False,0.0,0.0,0.006718051809422677,0.0,5.9591164262232095
2023-12-27 00:00:00-05:00,83.44999694824219,212.63999938964844,-0.3713135080710923,4.493892818636894,0.501,False,False,0.0,False,False,0.0,0.0,-0.005360107551085686,-0.0,5.9591164262232095
2023-12-28 00:00:00-05:00,84.05000305175781,215.89999389648438,-0.3709122536630138,3.9700497497818787,0.137,False,False,0.0,False,False,0.0,0.0,-0.00319163594807779,-0.0,5.9591164262232095
2023-12-29 00:00:00-05:00,84.16999816894531,215.02999877929688,-0.3707296425888461,4.452003575616573,0.437,False,True,0.0,False,False,0.0,0.0,0.0029407512881909946,0.0,5.9591164262232095
2024-01-02 00:00:00-05:00,86.31999969482422,216.57000732421875,-0.37125088451682375,5.918192915893016,1.319,False,False,0.0,False,False,0.0,0.0,0.0087942265699193,0.0,5.9591164262232095
2024-01-03 00:00:00-05:00,86.61000061035156,212.64999389648438,-0.37249919058228137,7.398050006584057,2.058,False,False,0.0,True,False,-1.0,-1.0,0.0089243738832874,0.0,5.9591164262232095
2024-01-04 00:00:00-05:00,85.91999816894531,215.0399932861328,-0.372980946845446,5.714177863445144,0.985,False,False,0.0,False,False,-1.0,-1.0,-0.010136125489716923,0.010136125489716923,5.969252551712926
2024-01-05 00:00:00-05:00,86.23999786376953,218.91000366210938,-0.37290803322928345,4.606698943917081,0.279,False,False,0.0,False,False,-1.0,-1.0,-0.006597111873936288,0.006597111873936288,5.975849663586862
2024-01-08 00:00:00-05:00,85.56999969482422,223.52999877929688,-0.37180163934740895,2.461179705357324,-0.987,False,False,0.0,False,True,0.0,0.0,-0.01271955330595408,0.01271955330595408,5.988569216892816
2024-01-09 00:00:00-05:00,85.33000183105469,220.82000732421875,-0.37109249962534074,3.3853533458242993,-0.406,False,False,0.0,False,False,0.0,0.0,0.0055248875948599235,0.0,5.988569216892816
2024-01-10 00:00:00-05:00,85.58999633789062,220.02999877929688,-0.37070040969469803,4.024785645281369,-0.007,False,False,0.0,False,False,0.0,0.0,0.003825380679528556,0.0,5.988569216892816
2024-01-11 00:00:00-05:00,82.12000274658203,221.58999633789062,-0.36864397572256674,0.4321855162330195,-1.99,True,False,1.0,False,True,0.0,1.0,-0.021931798674533935,-0.0,5.988569216892816
2024-01-12 00:00:00-05:00,82.79000091552734,223.57000732421875,-0.36670141885702584,0.8065620158606635,-1.645,False,False,1.0,False,False,0.0,1.0,0.002272068241383658,0.002272068241383658,5.9908412851341994
